   # Index         I (Jy)      M/D (uas)       PA (deg)  VA red. chisq  CP red. chisq     red. chisq     log-liklhd     FileName
         0       0.555079        2.59142        188.955        4.87943        7.63506        6.35378       -1296.07     /gpfs/hpu/EHT2020/sc_4/Sa+0.5/m_1_1_1/image_Sa+0.5_0600_163_0_230.e9_6.2e9_8.05774e+26_1_4.dat
         1       0.481357        2.72029        125.362        6.00366        6.71345          6.326       -1209.48     /gpfs/hpu/EHT2020/sc_4/Sa+0.5/m_1_1_1/image_Sa+0.5_0605_163_0_230.e9_6.2e9_8.05774e+26_1_4.dat
         2       0.704297        2.95357        210.883        12.7029        7.09709        9.42986       -1729.14     /gpfs/hpu/EHT2020/sc_4/Sa+0.5/m_1_1_1/image_Sa+0.5_0610_163_0_230.e9_6.2e9_8.05774e+26_1_4.dat
         3       0.538858        2.87257        186.511        20.9894        7.03442        12.9702       -2039.85     /gpfs/hpu/EHT2020/sc_4/Sa+0.5/m_1_1_1/image_Sa+0.5_0615_163_0_230.e9_6.2e9_8.05774e+26_1_4.dat
         4       0.447245        2.61374        189.587        20.3075        7.72547        13.0605       -2077.34     /gpfs/hpu/EHT2020/sc_4/Sa+0.5/m_1_1_1/image_Sa+0.5_0620_163_0_230.e9_6.2e9_8.05774e+26_1_4.dat
         5        0.52253        2.84202        191.855        23.1176         8.3747        14.6342       -2285.31     /gpfs/hpu/EHT2020/sc_4/Sa+0.5/m_1_1_1/image_Sa+0.5_0625_163_0_230.e9_6.2e9_8.05774e+26_1_4.dat
         6       0.532194        2.64468         184.34        26.3383        9.68718        16.7541       -2555.95     /gpfs/hpu/EHT2020/sc_4/Sa+0.5/m_1_1_1/image_Sa+0.5_0630_163_0_230.e9_6.2e9_8.05774e+26_1_4.dat
         7       0.488676        2.75864        178.449        22.9142        7.78649        14.2192       -2218.05     /gpfs/hpu/EHT2020/sc_4/Sa+0.5/m_1_1_1/image_Sa+0.5_0635_163_0_230.e9_6.2e9_8.05774e+26_1_4.dat
         8       0.552249        2.71702        193.387        19.2898        8.84999        13.2472       -2076.48     /gpfs/hpu/EHT2020/sc_4/Sa+0.5/m_1_1_1/image_Sa+0.5_0640_163_0_230.e9_6.2e9_8.05774e+26_1_4.dat
         9       0.965864        2.93984        202.556        16.4683        9.19851        12.2238       -2114.55     /gpfs/hpu/EHT2020/sc_4/Sa+0.5/m_1_1_1/image_Sa+0.5_0645_163_0_230.e9_6.2e9_8.05774e+26_1_4.dat
        10       0.805598        2.95635        208.972        21.7387        8.85248        14.3052        -2330.7     /gpfs/hpu/EHT2020/sc_4/Sa+0.5/m_1_1_1/image_Sa+0.5_0650_163_0_230.e9_6.2e9_8.05774e+26_1_4.dat
        11       0.741338        2.97249        188.432        19.6688         8.6555        13.3025       -2199.59     /gpfs/hpu/EHT2020/sc_4/Sa+0.5/m_1_1_1/image_Sa+0.5_0655_163_0_230.e9_6.2e9_8.05774e+26_1_4.dat
        12       0.956158        2.92981        176.033        12.6016        9.08225        10.4908       -1930.96     /gpfs/hpu/EHT2020/sc_4/Sa+0.5/m_1_1_1/image_Sa+0.5_0660_163_0_230.e9_6.2e9_8.05774e+26_1_4.dat
        13       0.596733        2.79432        178.969        11.7632        7.02423         8.9839       -1620.96     /gpfs/hpu/EHT2020/sc_4/Sa+0.5/m_1_1_1/image_Sa+0.5_0665_163_0_230.e9_6.2e9_8.05774e+26_1_4.dat
        14       0.830222        2.76297        183.682        20.0845        8.02339        13.1301       -2250.89     /gpfs/hpu/EHT2020/sc_4/Sa+0.5/m_1_1_1/image_Sa+0.5_0670_163_0_230.e9_6.2e9_8.05774e+26_1_4.dat
        15       0.587226        2.87564       -189.487        28.3863        11.1631         18.459       -2786.93     /gpfs/hpu/EHT2020/sc_4/Sa+0.5/m_1_1_1/image_Sa+0.5_0675_163_0_230.e9_6.2e9_8.05774e+26_1_4.dat
        16       0.881958        3.07845       -188.657        23.6459         11.913        16.8311       -2673.72     /gpfs/hpu/EHT2020/sc_4/Sa+0.5/m_1_1_1/image_Sa+0.5_0680_163_0_230.e9_6.2e9_8.05774e+26_1_4.dat
        17       0.621003        2.87993       -197.064        26.7221         8.6417         16.338       -2528.29     /gpfs/hpu/EHT2020/sc_4/Sa+0.5/m_1_1_1/image_Sa+0.5_0685_163_0_230.e9_6.2e9_8.05774e+26_1_4.dat
        18       0.786038        3.04967       -184.543        36.6191         15.022        24.1584        -3530.3     /gpfs/hpu/EHT2020/sc_4/Sa+0.5/m_1_1_1/image_Sa+0.5_0690_163_0_230.e9_6.2e9_8.05774e+26_1_4.dat
        19       0.472645        2.94428        -194.46        22.4353        9.57962        15.0103       -2266.56     /gpfs/hpu/EHT2020/sc_4/Sa+0.5/m_1_1_1/image_Sa+0.5_0695_163_0_230.e9_6.2e9_8.05774e+26_1_4.dat
        20       0.447297        2.79876        156.139        15.2935        11.1952         12.828       -2027.59     /gpfs/hpu/EHT2020/sc_4/Sa+0.5/m_1_1_1/image_Sa+0.5_0700_163_0_230.e9_6.2e9_8.05774e+26_1_4.dat
        21       0.547515        2.87264         134.15        18.7506        9.90968        13.6042       -2135.31     /gpfs/hpu/EHT2020/sc_4/Sa+0.5/m_1_1_1/image_Sa+0.5_0705_163_0_230.e9_6.2e9_8.05774e+26_1_4.dat
        22       0.465842        2.88897        138.958        14.6197        6.08771         9.6952       -1604.58     /gpfs/hpu/EHT2020/sc_4/Sa+0.5/m_1_1_1/image_Sa+0.5_0710_163_0_230.e9_6.2e9_8.05774e+26_1_4.dat
        23       0.539342        3.02803        89.8585        6.26645        5.98009         6.0313        -1140.7     /gpfs/hpu/EHT2020/sc_4/Sa+0.5/m_1_1_1/image_Sa+0.5_0715_163_0_230.e9_6.2e9_8.05774e+26_1_4.dat
        24       0.579057        2.94762        74.7036        9.81614        15.2075        12.6974       -2006.82     /gpfs/hpu/EHT2020/sc_4/Sa+0.5/m_1_1_1/image_Sa+0.5_0720_163_0_230.e9_6.2e9_8.05774e+26_1_4.dat
        25       0.685783        2.66472        158.195        13.4867        12.3162        12.6722       -2095.21     /gpfs/hpu/EHT2020/sc_4/Sa+0.5/m_1_1_1/image_Sa+0.5_0725_163_0_230.e9_6.2e9_8.05774e+26_1_4.dat
        26       0.668409        2.79312        169.614        11.3089         8.2127        9.44919       -1686.27     /gpfs/hpu/EHT2020/sc_4/Sa+0.5/m_1_1_1/image_Sa+0.5_0730_163_0_230.e9_6.2e9_8.05774e+26_1_4.dat
        27       0.572142        2.77929        155.163        32.6855        9.98328        19.6574        -2920.5     /gpfs/hpu/EHT2020/sc_4/Sa+0.5/m_1_1_1/image_Sa+0.5_0735_163_0_230.e9_6.2e9_8.05774e+26_1_4.dat
        28       0.599804        2.69488        136.616        15.9503        7.80763        11.2263       -1863.39     /gpfs/hpu/EHT2020/sc_4/Sa+0.5/m_1_1_1/image_Sa+0.5_0740_163_0_230.e9_6.2e9_8.05774e+26_1_4.dat
        29       0.857277        2.77619        136.232        5.53163         19.794         13.401       -2355.31     /gpfs/hpu/EHT2020/sc_4/Sa+0.5/m_1_1_1/image_Sa+0.5_0745_163_0_230.e9_6.2e9_8.05774e+26_1_4.dat
        30       0.423438        2.87559         178.04        8.05846        7.04973        7.39967       -1299.33     /gpfs/hpu/EHT2020/sc_4/Sa+0.5/m_1_1_1/image_Sa+0.5_0750_163_0_230.e9_6.2e9_8.05774e+26_1_4.dat
        31       0.546214        3.02289        154.667        15.6573        6.68332        10.4743        -1717.4     /gpfs/hpu/EHT2020/sc_4/Sa+0.5/m_1_1_1/image_Sa+0.5_0755_163_0_230.e9_6.2e9_8.05774e+26_1_4.dat
        32       0.823279        3.01918         109.76        5.25071        7.38654        6.37568       -1299.38     /gpfs/hpu/EHT2020/sc_4/Sa+0.5/m_1_1_1/image_Sa+0.5_0760_163_0_230.e9_6.2e9_8.05774e+26_1_4.dat
        33       0.578288        2.79332        151.076        9.14529        4.88975        6.66666       -1261.59     /gpfs/hpu/EHT2020/sc_4/Sa+0.5/m_1_1_1/image_Sa+0.5_0765_163_0_230.e9_6.2e9_8.05774e+26_1_4.dat
        34       0.713748         2.8901        126.543        7.57208        4.67979        5.87106       -1193.53     /gpfs/hpu/EHT2020/sc_4/Sa+0.5/m_1_1_1/image_Sa+0.5_0770_163_0_230.e9_6.2e9_8.05774e+26_1_4.dat
        35       0.493463        2.91007        160.566        7.68562        7.84162        7.67945       -1353.95     /gpfs/hpu/EHT2020/sc_4/Sa+0.5/m_1_1_1/image_Sa+0.5_0775_163_0_230.e9_6.2e9_8.05774e+26_1_4.dat
        36       0.623719        2.87927        126.296        6.87702        8.92354        7.93262       -1437.13     /gpfs/hpu/EHT2020/sc_4/Sa+0.5/m_1_1_1/image_Sa+0.5_0780_163_0_230.e9_6.2e9_8.05774e+26_1_4.dat
        37       0.630193        3.14377        201.222        7.46588        9.69493        8.61592       -1547.99     /gpfs/hpu/EHT2020/sc_4/Sa+0.5/m_1_1_1/image_Sa+0.5_0785_163_0_230.e9_6.2e9_8.05774e+26_1_4.dat
        38        0.92406         3.1061        200.837        9.80642        12.7343         11.317       -1978.86     /gpfs/hpu/EHT2020/sc_4/Sa+0.5/m_1_1_1/image_Sa+0.5_0790_163_0_230.e9_6.2e9_8.05774e+26_1_4.dat
        39       0.659115        2.81005        222.152        17.9936        16.5994        17.0001       -2800.83     /gpfs/hpu/EHT2020/sc_4/Sa+0.5/m_1_1_1/image_Sa+0.5_0795_163_0_230.e9_6.2e9_8.05774e+26_1_4.dat
        40       0.873739        2.79424        205.244        19.8246        12.3661        15.4345        -2522.6     /gpfs/hpu/EHT2020/sc_4/Sa+0.5/m_1_1_1/image_Sa+0.5_0800_163_0_230.e9_6.2e9_8.05774e+26_1_4.dat
        41       0.722115        2.79707        217.723        8.41549        10.9809        9.74123       -1772.31     /gpfs/hpu/EHT2020/sc_4/Sa+0.5/m_1_1_1/image_Sa+0.5_0805_163_0_230.e9_6.2e9_8.05774e+26_1_4.dat
        42       0.678969         3.0511        205.829        25.0646        22.6483        23.4169       -3468.42     /gpfs/hpu/EHT2020/sc_4/Sa+0.5/m_1_1_1/image_Sa+0.5_0810_163_0_230.e9_6.2e9_8.05774e+26_1_4.dat
        43       0.738644        2.74195        190.003        8.96119         19.384        14.6526       -2416.62     /gpfs/hpu/EHT2020/sc_4/Sa+0.5/m_1_1_1/image_Sa+0.5_0815_163_0_230.e9_6.2e9_8.05774e+26_1_4.dat
        44       0.721441        3.05664        210.513        23.2077        17.4875        19.7439       -3224.71     /gpfs/hpu/EHT2020/sc_4/Sa+0.5/m_1_1_1/image_Sa+0.5_0820_163_0_230.e9_6.2e9_8.05774e+26_1_4.dat
        45       0.644349        3.32505        198.265        13.6601        7.86263        10.2689       -1809.34     /gpfs/hpu/EHT2020/sc_4/Sa+0.5/m_1_1_1/image_Sa+0.5_0825_163_0_230.e9_6.2e9_8.05774e+26_1_4.dat
        46        0.57821        2.93134         183.67        29.9876        11.6893        19.4427       -2871.89     /gpfs/hpu/EHT2020/sc_4/Sa+0.5/m_1_1_1/image_Sa+0.5_0830_163_0_230.e9_6.2e9_8.05774e+26_1_4.dat
        47       0.562462        2.99025        188.359        33.7478        9.34774        19.7621       -2930.77     /gpfs/hpu/EHT2020/sc_4/Sa+0.5/m_1_1_1/image_Sa+0.5_0835_163_0_230.e9_6.2e9_8.05774e+26_1_4.dat
        48         1.4473        2.96337        85.4362        20.6141        32.8955        27.1987       -4164.78     /gpfs/hpu/EHT2020/sc_4/Sa+0.5/m_1_1_1/image_Sa+0.5_0840_163_0_230.e9_6.2e9_8.05774e+26_1_4.dat
        49       0.662952        3.05009        190.482        21.6713        15.8993        18.1973       -2749.51     /gpfs/hpu/EHT2020/sc_4/Sa+0.5/m_1_1_1/image_Sa+0.5_0845_163_0_230.e9_6.2e9_8.05774e+26_1_4.dat
        50       0.766405         2.7778        202.324        21.4408        14.2964        17.2059       -2792.97     /gpfs/hpu/EHT2020/sc_4/Sa+0.5/m_1_1_1/image_Sa+0.5_0850_163_0_230.e9_6.2e9_8.05774e+26_1_4.dat
        51       0.733802        2.69988        193.217         21.127        13.8497        16.8219       -2664.37     /gpfs/hpu/EHT2020/sc_4/Sa+0.5/m_1_1_1/image_Sa+0.5_0855_163_0_230.e9_6.2e9_8.05774e+26_1_4.dat
        52       0.730348        2.81536        182.546        13.7936        9.75339        11.3785       -2060.18     /gpfs/hpu/EHT2020/sc_4/Sa+0.5/m_1_1_1/image_Sa+0.5_0860_163_0_230.e9_6.2e9_8.05774e+26_1_4.dat
        53       0.701302        3.18652        198.571        21.8589         20.215        20.6797       -3306.62     /gpfs/hpu/EHT2020/sc_4/Sa+0.5/m_1_1_1/image_Sa+0.5_0865_163_0_230.e9_6.2e9_8.05774e+26_1_4.dat
        54       0.734413        3.28611         178.15         17.798        11.4479        14.0492       -2432.36     /gpfs/hpu/EHT2020/sc_4/Sa+0.5/m_1_1_1/image_Sa+0.5_0870_163_0_230.e9_6.2e9_8.05774e+26_1_4.dat
        55       0.767295        2.83893        176.385        15.7619        9.58713        12.1353       -2111.96     /gpfs/hpu/EHT2020/sc_4/Sa+0.5/m_1_1_1/image_Sa+0.5_0875_163_0_230.e9_6.2e9_8.05774e+26_1_4.dat
        56        1.14193        3.07246        174.532        20.5302         15.736        17.6141       -2989.71     /gpfs/hpu/EHT2020/sc_4/Sa+0.5/m_1_1_1/image_Sa+0.5_0880_163_0_230.e9_6.2e9_8.05774e+26_1_4.dat
        57       0.976892        2.93805        167.191        13.0621        12.8799        12.8027       -2163.74     /gpfs/hpu/EHT2020/sc_4/Sa+0.5/m_1_1_1/image_Sa+0.5_0885_163_0_230.e9_6.2e9_8.05774e+26_1_4.dat
        58        1.04901        2.74692        174.486        27.4928        13.4225        19.3308       -2988.47     /gpfs/hpu/EHT2020/sc_4/Sa+0.5/m_1_1_1/image_Sa+0.5_0890_163_0_230.e9_6.2e9_8.05774e+26_1_4.dat
        59        1.00693         3.1147        182.921        25.1964        19.9543        21.9746       -3378.09     /gpfs/hpu/EHT2020/sc_4/Sa+0.5/m_1_1_1/image_Sa+0.5_0895_163_0_230.e9_6.2e9_8.05774e+26_1_4.dat
        60       0.847543         3.1014        168.338        25.3652        12.0726        17.6617       -2719.74     /gpfs/hpu/EHT2020/sc_4/Sa+0.5/m_1_1_1/image_Sa+0.5_0900_163_0_230.e9_6.2e9_8.05774e+26_1_4.dat
        61       0.707413        2.83889       -205.004        19.6334        11.0028        14.5934       -2263.93     /gpfs/hpu/EHT2020/sc_4/Sa+0.5/m_1_1_1/image_Sa+0.5_0905_163_0_230.e9_6.2e9_8.05774e+26_1_4.dat
        62       0.790985        2.60831       -170.221        10.5833        12.1583        11.3317        -1951.1     /gpfs/hpu/EHT2020/sc_4/Sa+0.5/m_1_1_1/image_Sa+0.5_0910_163_0_230.e9_6.2e9_8.05774e+26_1_4.dat
        63       0.798625        2.77035        173.629        30.4468        8.50575        17.8694       -2715.13     /gpfs/hpu/EHT2020/sc_4/Sa+0.5/m_1_1_1/image_Sa+0.5_0915_163_0_230.e9_6.2e9_8.05774e+26_1_4.dat
        64        0.72594        2.61778        160.387        23.8506          12.56        17.2794       -2679.98     /gpfs/hpu/EHT2020/sc_4/Sa+0.5/m_1_1_1/image_Sa+0.5_0920_163_0_230.e9_6.2e9_8.05774e+26_1_4.dat
        65       0.517578         2.6912        111.259          21.61         10.922        15.4013       -2312.89     /gpfs/hpu/EHT2020/sc_4/Sa+0.5/m_1_1_1/image_Sa+0.5_0925_163_0_230.e9_6.2e9_8.05774e+26_1_4.dat
        66       0.615678        2.59192        182.978        11.5926         8.7128        9.84991        -1725.1     /gpfs/hpu/EHT2020/sc_4/Sa+0.5/m_1_1_1/image_Sa+0.5_0930_163_0_230.e9_6.2e9_8.05774e+26_1_4.dat
        67       0.680461        2.57101        112.299        18.7363        12.3147        14.9363       -2347.71     /gpfs/hpu/EHT2020/sc_4/Sa+0.5/m_1_1_1/image_Sa+0.5_0935_163_0_230.e9_6.2e9_8.05774e+26_1_4.dat
        68       0.487449        2.63276        137.868        4.10629        3.61722        3.78447       -890.587     /gpfs/hpu/EHT2020/sc_4/Sa+0.5/m_1_1_1/image_Sa+0.5_0940_163_0_230.e9_6.2e9_8.05774e+26_1_4.dat
        69       0.579779         2.5898        168.928        14.6356        6.68445        10.0341       -1711.16     /gpfs/hpu/EHT2020/sc_4/Sa+0.5/m_1_1_1/image_Sa+0.5_0945_163_0_230.e9_6.2e9_8.05774e+26_1_4.dat
        70       0.501406        2.75958        194.134         23.876        8.78513        15.1898       -2314.54     /gpfs/hpu/EHT2020/sc_4/Sa+0.5/m_1_1_1/image_Sa+0.5_0950_163_0_230.e9_6.2e9_8.05774e+26_1_4.dat
        71       0.933896        2.54425        175.817        24.0053        6.96322        14.2318       -2399.54     /gpfs/hpu/EHT2020/sc_4/Sa+0.5/m_1_1_1/image_Sa+0.5_0955_163_0_230.e9_6.2e9_8.05774e+26_1_4.dat
        72       0.508309        2.72412        165.873        14.3151        6.40881        9.74248       -1642.92     /gpfs/hpu/EHT2020/sc_4/Sa+0.5/m_1_1_1/image_Sa+0.5_0960_163_0_230.e9_6.2e9_8.05774e+26_1_4.dat
        73       0.537001        2.75435        117.237        8.48324        11.5139         10.067       -1681.06     /gpfs/hpu/EHT2020/sc_4/Sa+0.5/m_1_1_1/image_Sa+0.5_0965_163_0_230.e9_6.2e9_8.05774e+26_1_4.dat
        74        0.79929        2.68055        194.194        14.1676        8.13782         10.641       -1921.88     /gpfs/hpu/EHT2020/sc_4/Sa+0.5/m_1_1_1/image_Sa+0.5_0970_163_0_230.e9_6.2e9_8.05774e+26_1_4.dat
        75       0.466786        2.70173        107.991        9.30347        12.7712        11.1205       -1805.54     /gpfs/hpu/EHT2020/sc_4/Sa+0.5/m_1_1_1/image_Sa+0.5_0975_163_0_230.e9_6.2e9_8.05774e+26_1_4.dat
        76       0.404232        2.78678        187.246         7.4404        5.79996        6.43757       -1232.91     /gpfs/hpu/EHT2020/sc_4/Sa+0.5/m_1_1_1/image_Sa+0.5_0980_163_0_230.e9_6.2e9_8.05774e+26_1_4.dat
        77       0.557622        2.74581        185.178        9.75305         5.9243        7.50456       -1420.73     /gpfs/hpu/EHT2020/sc_4/Sa+0.5/m_1_1_1/image_Sa+0.5_0985_163_0_230.e9_6.2e9_8.05774e+26_1_4.dat
        78       0.511987         2.7079        202.252         13.342        8.00268        10.2096       -1726.33     /gpfs/hpu/EHT2020/sc_4/Sa+0.5/m_1_1_1/image_Sa+0.5_0990_163_0_230.e9_6.2e9_8.05774e+26_1_4.dat
        79       0.690114        2.99857        203.717        23.7823        6.97029        14.1395       -2223.03     /gpfs/hpu/EHT2020/sc_4/Sa+0.5/m_1_1_1/image_Sa+0.5_0995_163_0_230.e9_6.2e9_8.05774e+26_1_4.dat
        80       0.752329        3.03699        195.579        45.3984        14.4926        27.6516       -3930.46     /gpfs/hpu/EHT2020/sc_4/Sa+0.5/m_1_1_1/image_Sa+0.5_1000_163_0_230.e9_6.2e9_8.05774e+26_1_4.dat
        81       0.565927        2.86063        183.778        23.6613        9.62966        15.5671       -2382.33     /gpfs/hpu/EHT2020/sc_4/Sa+0.5/m_1_1_1/image_Sa+0.5_1005_163_0_230.e9_6.2e9_8.05774e+26_1_4.dat
        82        0.86862         2.9037        182.208        28.5004        9.17033        17.3994       -2696.08     /gpfs/hpu/EHT2020/sc_4/Sa+0.5/m_1_1_1/image_Sa+0.5_1010_163_0_230.e9_6.2e9_8.05774e+26_1_4.dat
        83       0.528616        2.73265        165.007        34.2741          8.912        19.7467       -2895.33     /gpfs/hpu/EHT2020/sc_4/Sa+0.5/m_1_1_1/image_Sa+0.5_1015_163_0_230.e9_6.2e9_8.05774e+26_1_4.dat
        84       0.616506        2.81559        184.715        16.2688        7.39349        11.1333       -1831.26     /gpfs/hpu/EHT2020/sc_4/Sa+0.5/m_1_1_1/image_Sa+0.5_1020_163_0_230.e9_6.2e9_8.05774e+26_1_4.dat
        85       0.586924         2.9547        201.376        12.0719        8.22287        9.78405       -1698.86     /gpfs/hpu/EHT2020/sc_4/Sa+0.5/m_1_1_1/image_Sa+0.5_1025_163_0_230.e9_6.2e9_8.05774e+26_1_4.dat
        86        0.85697        2.92218        191.448        25.6049        11.0107        17.1742       -2702.67     /gpfs/hpu/EHT2020/sc_4/Sa+0.5/m_1_1_1/image_Sa+0.5_1030_163_0_230.e9_6.2e9_8.05774e+26_1_4.dat
        87       0.503457        2.80906        170.496        21.3085         8.7421        14.0581       -2182.74     /gpfs/hpu/EHT2020/sc_4/Sa+0.5/m_1_1_1/image_Sa+0.5_1035_163_0_230.e9_6.2e9_8.05774e+26_1_4.dat
        88       0.413326        2.88641        170.236        14.0659        12.1817        12.8473       -2013.84     /gpfs/hpu/EHT2020/sc_4/Sa+0.5/m_1_1_1/image_Sa+0.5_1040_163_0_230.e9_6.2e9_8.05774e+26_1_4.dat
        89       0.538143        2.99224        203.093        18.8269        13.9653        15.8939       -2494.24     /gpfs/hpu/EHT2020/sc_4/Sa+0.5/m_1_1_1/image_Sa+0.5_1045_163_0_230.e9_6.2e9_8.05774e+26_1_4.dat
        90       0.644334        3.25488        180.661        23.3033        7.32644        14.1311       -2219.84     /gpfs/hpu/EHT2020/sc_4/Sa+0.5/m_1_1_1/image_Sa+0.5_1050_163_0_230.e9_6.2e9_8.05774e+26_1_4.dat
        91       0.472501        2.88493         163.57        8.15439        10.5587        9.39364       -1639.24     /gpfs/hpu/EHT2020/sc_4/Sa+0.5/m_1_1_1/image_Sa+0.5_1055_163_0_230.e9_6.2e9_8.05774e+26_1_4.dat
        92       0.612364        2.80074        190.139        8.74277        7.93685        8.18855       -1523.26     /gpfs/hpu/EHT2020/sc_4/Sa+0.5/m_1_1_1/image_Sa+0.5_1060_163_0_230.e9_6.2e9_8.05774e+26_1_4.dat
        93       0.681928        2.72399        183.802        18.9343        8.82341        13.0791       -2110.36     /gpfs/hpu/EHT2020/sc_4/Sa+0.5/m_1_1_1/image_Sa+0.5_1065_163_0_230.e9_6.2e9_8.05774e+26_1_4.dat
        94       0.508867        2.70337         195.18        8.45209        6.39892        7.20736       -1331.93     /gpfs/hpu/EHT2020/sc_4/Sa+0.5/m_1_1_1/image_Sa+0.5_1070_163_0_230.e9_6.2e9_8.05774e+26_1_4.dat
        95       0.762027        3.25323        204.242        20.8199        9.10962        14.0519       -2220.02     /gpfs/hpu/EHT2020/sc_4/Sa+0.5/m_1_1_1/image_Sa+0.5_1075_163_0_230.e9_6.2e9_8.05774e+26_1_4.dat
        96       0.715593        3.01445        208.175        16.5996        9.87665        12.6578       -2177.92     /gpfs/hpu/EHT2020/sc_4/Sa+0.5/m_1_1_1/image_Sa+0.5_1080_163_0_230.e9_6.2e9_8.05774e+26_1_4.dat
        97       0.612659        2.92357        185.384        45.8512        11.4195         26.137       -3788.65     /gpfs/hpu/EHT2020/sc_4/Sa+0.5/m_1_1_1/image_Sa+0.5_1085_163_0_230.e9_6.2e9_8.05774e+26_1_4.dat
        98       0.604562        3.13064        192.145        44.7504        20.6595        30.8036       -4342.03     /gpfs/hpu/EHT2020/sc_4/Sa+0.5/m_1_1_1/image_Sa+0.5_1090_163_0_230.e9_6.2e9_8.05774e+26_1_4.dat
        99       0.736868        2.97984        178.165        54.4247         11.788        30.0411       -4264.54     /gpfs/hpu/EHT2020/sc_4/Sa+0.5/m_1_1_1/image_Sa+0.5_1095_163_0_230.e9_6.2e9_8.05774e+26_1_4.dat
