   # Index         I (Jy)      M/D (uas)       PA (deg)  VA red. chisq  CP red. chisq     red. chisq     log-liklhd     FileName
         0       0.320487        3.62963        87.6655        5.22849        9.77203         7.6935       -1336.66     /gpfs/hpu/EHT2/IHARM/SANE/SANE_a+0.5_288x128x128_IHARM/m_1_1_20/image_a+0.5_0600_163_0_230.e9_6.2e9_1.03092e+28_20.dat
         1       0.458527        3.59742        182.661        8.52761        5.94656        6.98822       -1309.32     /gpfs/hpu/EHT2/IHARM/SANE/SANE_a+0.5_288x128x128_IHARM/m_1_1_20/image_a+0.5_0605_163_0_230.e9_6.2e9_1.03092e+28_20.dat
         2       0.453253        3.62006        213.725        11.9222        9.54128        10.4531       -1735.06     /gpfs/hpu/EHT2/IHARM/SANE/SANE_a+0.5_288x128x128_IHARM/m_1_1_20/image_a+0.5_0610_163_0_230.e9_6.2e9_1.03092e+28_20.dat
         3       0.530315        3.85918        111.221        7.11282        7.93806        7.48598       -1319.64     /gpfs/hpu/EHT2/IHARM/SANE/SANE_a+0.5_288x128x128_IHARM/m_1_1_20/image_a+0.5_0615_163_0_230.e9_6.2e9_1.03092e+28_20.dat
         4        0.44965         3.3114        202.603         22.836        16.1025        18.8129       -2865.68     /gpfs/hpu/EHT2/IHARM/SANE/SANE_a+0.5_288x128x128_IHARM/m_1_1_20/image_a+0.5_0620_163_0_230.e9_6.2e9_1.03092e+28_20.dat
         5        1.35862        3.41402        185.064        42.1332        37.4241        39.0031       -5532.98     /gpfs/hpu/EHT2/IHARM/SANE/SANE_a+0.5_288x128x128_IHARM/m_1_1_20/image_a+0.5_0625_163_0_230.e9_6.2e9_1.03092e+28_20.dat
         6       0.550566        2.65768        95.3548        11.5061        45.6578        30.3707       -4242.16     /gpfs/hpu/EHT2/IHARM/SANE/SANE_a+0.5_288x128x128_IHARM/m_1_1_20/image_a+0.5_0630_163_0_230.e9_6.2e9_1.03092e+28_20.dat
         7       0.575261        2.72811         173.14        28.9977        18.1532        22.6125        -3242.4     /gpfs/hpu/EHT2/IHARM/SANE/SANE_a+0.5_288x128x128_IHARM/m_1_1_20/image_a+0.5_0635_163_0_230.e9_6.2e9_1.03092e+28_20.dat
         8       0.574114         2.8594        127.486        25.3153         8.4806        15.6414       -2339.87     /gpfs/hpu/EHT2/IHARM/SANE/SANE_a+0.5_288x128x128_IHARM/m_1_1_20/image_a+0.5_0640_163_0_230.e9_6.2e9_1.03092e+28_20.dat
         9       0.610206        2.87372        191.164        16.7494        11.8578        13.8249       -2191.56     /gpfs/hpu/EHT2/IHARM/SANE/SANE_a+0.5_288x128x128_IHARM/m_1_1_20/image_a+0.5_0645_163_0_230.e9_6.2e9_1.03092e+28_20.dat
        10       0.543828        3.38068        181.123        20.2195        10.6914         14.673       -2265.77     /gpfs/hpu/EHT2/IHARM/SANE/SANE_a+0.5_288x128x128_IHARM/m_1_1_20/image_a+0.5_0650_163_0_230.e9_6.2e9_1.03092e+28_20.dat
        11       0.522574        3.11015        197.553        17.4243        9.73797        12.9365       -2092.39     /gpfs/hpu/EHT2/IHARM/SANE/SANE_a+0.5_288x128x128_IHARM/m_1_1_20/image_a+0.5_0655_163_0_230.e9_6.2e9_1.03092e+28_20.dat
        12       0.429182        3.33215        172.528          34.07        10.5475        20.5688        -2967.3     /gpfs/hpu/EHT2/IHARM/SANE/SANE_a+0.5_288x128x128_IHARM/m_1_1_20/image_a+0.5_0660_163_0_230.e9_6.2e9_1.03092e+28_20.dat
        13       0.774404        3.60402        167.286        16.4192        11.3202        13.3832       -2233.42     /gpfs/hpu/EHT2/IHARM/SANE/SANE_a+0.5_288x128x128_IHARM/m_1_1_20/image_a+0.5_0665_163_0_230.e9_6.2e9_1.03092e+28_20.dat
        14       0.664217        2.99001        167.235        10.0097        19.0524        14.9204       -2535.46     /gpfs/hpu/EHT2/IHARM/SANE/SANE_a+0.5_288x128x128_IHARM/m_1_1_20/image_a+0.5_0670_163_0_230.e9_6.2e9_1.03092e+28_20.dat
        15       0.562996        3.66868        185.491        18.6878        14.0347        15.8725       -2399.21     /gpfs/hpu/EHT2/IHARM/SANE/SANE_a+0.5_288x128x128_IHARM/m_1_1_20/image_a+0.5_0675_163_0_230.e9_6.2e9_1.03092e+28_20.dat
        16       0.402153        3.20651        121.435        14.9812        13.6709        14.0709       -2156.96     /gpfs/hpu/EHT2/IHARM/SANE/SANE_a+0.5_288x128x128_IHARM/m_1_1_20/image_a+0.5_0680_163_0_230.e9_6.2e9_1.03092e+28_20.dat
        17       0.508933        3.29569        151.941         6.5196        5.06877        5.63342       -1120.85     /gpfs/hpu/EHT2/IHARM/SANE/SANE_a+0.5_288x128x128_IHARM/m_1_1_20/image_a+0.5_0685_163_0_230.e9_6.2e9_1.03092e+28_20.dat
        18       0.455806        3.32087        121.232        8.79405        4.96462        6.55678       -1207.22     /gpfs/hpu/EHT2/IHARM/SANE/SANE_a+0.5_288x128x128_IHARM/m_1_1_20/image_a+0.5_0690_163_0_230.e9_6.2e9_1.03092e+28_20.dat
        19       0.462432        3.29792        91.3229        11.6788        13.5527        12.5802       -1990.65     /gpfs/hpu/EHT2/IHARM/SANE/SANE_a+0.5_288x128x128_IHARM/m_1_1_20/image_a+0.5_0695_163_0_230.e9_6.2e9_1.03092e+28_20.dat
        20       0.417073        3.24643        147.186        11.8608        8.16798        9.66244       -1598.01     /gpfs/hpu/EHT2/IHARM/SANE/SANE_a+0.5_288x128x128_IHARM/m_1_1_20/image_a+0.5_0700_163_0_230.e9_6.2e9_1.03092e+28_20.dat
        21       0.471397        3.29801        100.995        12.4306        8.16859        9.90863       -1623.08     /gpfs/hpu/EHT2/IHARM/SANE/SANE_a+0.5_288x128x128_IHARM/m_1_1_20/image_a+0.5_0705_163_0_230.e9_6.2e9_1.03092e+28_20.dat
        22       0.569117        3.11042        104.257        9.29617         11.073        10.1725       -1755.91     /gpfs/hpu/EHT2/IHARM/SANE/SANE_a+0.5_288x128x128_IHARM/m_1_1_20/image_a+0.5_0710_163_0_230.e9_6.2e9_1.03092e+28_20.dat
        23       0.461039        3.27264        97.3848         5.0626        9.45761        7.44697       -1344.67     /gpfs/hpu/EHT2/IHARM/SANE/SANE_a+0.5_288x128x128_IHARM/m_1_1_20/image_a+0.5_0715_163_0_230.e9_6.2e9_1.03092e+28_20.dat
        24       0.477594        3.62843         100.89         5.9271        17.5762        12.3376       -1925.23     /gpfs/hpu/EHT2/IHARM/SANE/SANE_a+0.5_288x128x128_IHARM/m_1_1_20/image_a+0.5_0720_163_0_230.e9_6.2e9_1.03092e+28_20.dat
        25        0.54782        3.80078        180.313        8.06759        7.59753        7.70843       -1352.87     /gpfs/hpu/EHT2/IHARM/SANE/SANE_a+0.5_288x128x128_IHARM/m_1_1_20/image_a+0.5_0725_163_0_230.e9_6.2e9_1.03092e+28_20.dat
        26        0.62971        3.20495          193.5        15.9856        12.6112        13.9146       -2296.64     /gpfs/hpu/EHT2/IHARM/SANE/SANE_a+0.5_288x128x128_IHARM/m_1_1_20/image_a+0.5_0730_163_0_230.e9_6.2e9_1.03092e+28_20.dat
        27       0.967521        3.32871        64.7521        15.9105        20.0617        18.0279       -2990.65     /gpfs/hpu/EHT2/IHARM/SANE/SANE_a+0.5_288x128x128_IHARM/m_1_1_20/image_a+0.5_0735_163_0_230.e9_6.2e9_1.03092e+28_20.dat
        28       0.826075        3.44865         33.151        6.64184        14.2106        10.7731       -1910.23     /gpfs/hpu/EHT2/IHARM/SANE/SANE_a+0.5_288x128x128_IHARM/m_1_1_20/image_a+0.5_0740_163_0_230.e9_6.2e9_1.03092e+28_20.dat
        29       0.481042        3.10093       -73.1642        8.49245        10.1055        9.28733       -1609.87     /gpfs/hpu/EHT2/IHARM/SANE/SANE_a+0.5_288x128x128_IHARM/m_1_1_20/image_a+0.5_0745_163_0_230.e9_6.2e9_1.03092e+28_20.dat
        30       0.492917        3.35695       -160.708        6.42343        14.1752        10.6592       -1825.12     /gpfs/hpu/EHT2/IHARM/SANE/SANE_a+0.5_288x128x128_IHARM/m_1_1_20/image_a+0.5_0750_163_0_230.e9_6.2e9_1.03092e+28_20.dat
        31       0.573417         3.3068       -228.084        18.6829        8.08959        12.5622       -1992.72     /gpfs/hpu/EHT2/IHARM/SANE/SANE_a+0.5_288x128x128_IHARM/m_1_1_20/image_a+0.5_0755_163_0_230.e9_6.2e9_1.03092e+28_20.dat
        32       0.563186        3.91635       -176.867        4.96902        28.8683        18.2077       -2802.14     /gpfs/hpu/EHT2/IHARM/SANE/SANE_a+0.5_288x128x128_IHARM/m_1_1_20/image_a+0.5_0760_163_0_230.e9_6.2e9_1.03092e+28_20.dat
        33       0.358608        3.88949       -174.006        4.37936         5.2344        4.80217       -979.473     /gpfs/hpu/EHT2/IHARM/SANE/SANE_a+0.5_288x128x128_IHARM/m_1_1_20/image_a+0.5_0765_163_0_230.e9_6.2e9_1.03092e+28_20.dat
        34       0.459046        3.86404        -228.17        5.02336        11.7669        8.71504       -1511.96     /gpfs/hpu/EHT2/IHARM/SANE/SANE_a+0.5_288x128x128_IHARM/m_1_1_20/image_a+0.5_0770_163_0_230.e9_6.2e9_1.03092e+28_20.dat
        35       0.365672        3.52721       -200.859        9.36107        6.82389        7.83601       -1396.36     /gpfs/hpu/EHT2/IHARM/SANE/SANE_a+0.5_288x128x128_IHARM/m_1_1_20/image_a+0.5_0775_163_0_230.e9_6.2e9_1.03092e+28_20.dat
        36       0.441274        3.51443       -183.225        11.0151         6.6701        8.46405       -1460.19     /gpfs/hpu/EHT2/IHARM/SANE/SANE_a+0.5_288x128x128_IHARM/m_1_1_20/image_a+0.5_0780_163_0_230.e9_6.2e9_1.03092e+28_20.dat
        37       0.363282        3.62514       -198.724        12.4638        6.15446        8.80218       -1505.14     /gpfs/hpu/EHT2/IHARM/SANE/SANE_a+0.5_288x128x128_IHARM/m_1_1_20/image_a+0.5_0785_163_0_230.e9_6.2e9_1.03092e+28_20.dat
        38       0.346013        3.62933       -207.839        4.10691        4.04887        4.02493       -888.851     /gpfs/hpu/EHT2/IHARM/SANE/SANE_a+0.5_288x128x128_IHARM/m_1_1_20/image_a+0.5_0790_163_0_230.e9_6.2e9_1.03092e+28_20.dat
        39       0.519445        4.00358       -152.915        25.2602        9.04877        15.9338       -2504.53     /gpfs/hpu/EHT2/IHARM/SANE/SANE_a+0.5_288x128x128_IHARM/m_1_1_20/image_a+0.5_0795_163_0_230.e9_6.2e9_1.03092e+28_20.dat
        40       0.482171        3.52622       -166.507        12.3055        8.33214        9.94565       -1773.64     /gpfs/hpu/EHT2/IHARM/SANE/SANE_a+0.5_288x128x128_IHARM/m_1_1_20/image_a+0.5_0800_163_0_230.e9_6.2e9_1.03092e+28_20.dat
        41       0.735113        4.26927       -144.344        48.7571        14.2379         28.959       -4214.55     /gpfs/hpu/EHT2/IHARM/SANE/SANE_a+0.5_288x128x128_IHARM/m_1_1_20/image_a+0.5_0805_163_0_230.e9_6.2e9_1.03092e+28_20.dat
        42       0.521276        3.69001       -165.913        26.5225        9.45036        16.7019       -2555.03     /gpfs/hpu/EHT2/IHARM/SANE/SANE_a+0.5_288x128x128_IHARM/m_1_1_20/image_a+0.5_0810_163_0_230.e9_6.2e9_1.03092e+28_20.dat
        43       0.355293        3.42066       -162.621        16.6744        17.4626        16.9113       -2574.73     /gpfs/hpu/EHT2/IHARM/SANE/SANE_a+0.5_288x128x128_IHARM/m_1_1_20/image_a+0.5_0815_163_0_230.e9_6.2e9_1.03092e+28_20.dat
        44       0.488285        3.55112       -202.213        17.9617         9.1885        12.8626       -2063.42     /gpfs/hpu/EHT2/IHARM/SANE/SANE_a+0.5_288x128x128_IHARM/m_1_1_20/image_a+0.5_0820_163_0_230.e9_6.2e9_1.03092e+28_20.dat
        45       0.346141        3.69339       -179.716         17.819        8.34694        12.3327       -1952.92     /gpfs/hpu/EHT2/IHARM/SANE/SANE_a+0.5_288x128x128_IHARM/m_1_1_20/image_a+0.5_0825_163_0_230.e9_6.2e9_1.03092e+28_20.dat
        46        0.53752        3.67044       -164.695        11.4217        7.39694        9.04395       -1664.21     /gpfs/hpu/EHT2/IHARM/SANE/SANE_a+0.5_288x128x128_IHARM/m_1_1_20/image_a+0.5_0830_163_0_230.e9_6.2e9_1.03092e+28_20.dat
        47       0.420286         3.8659       -182.482        49.9421        38.0497        42.7204       -5733.64     /gpfs/hpu/EHT2/IHARM/SANE/SANE_a+0.5_288x128x128_IHARM/m_1_1_20/image_a+0.5_0835_163_0_230.e9_6.2e9_1.03092e+28_20.dat
        48       0.504331        3.82717       -183.915        31.8651        11.7657        20.2953       -2958.29     /gpfs/hpu/EHT2/IHARM/SANE/SANE_a+0.5_288x128x128_IHARM/m_1_1_20/image_a+0.5_0840_163_0_230.e9_6.2e9_1.03092e+28_20.dat
        49       0.461997        4.21961       -200.247        6.49878        13.3009        10.2052       -1680.92     /gpfs/hpu/EHT2/IHARM/SANE/SANE_a+0.5_288x128x128_IHARM/m_1_1_20/image_a+0.5_0845_163_0_230.e9_6.2e9_1.03092e+28_20.dat
        50       0.441346        3.57633       -122.842        13.4378         11.781        12.3533       -2077.65     /gpfs/hpu/EHT2/IHARM/SANE/SANE_a+0.5_288x128x128_IHARM/m_1_1_20/image_a+0.5_0850_163_0_230.e9_6.2e9_1.03092e+28_20.dat
        51       0.431055          4.026       -167.235        60.7843        40.8967        48.9825       -6584.77     /gpfs/hpu/EHT2/IHARM/SANE/SANE_a+0.5_288x128x128_IHARM/m_1_1_20/image_a+0.5_0855_163_0_230.e9_6.2e9_1.03092e+28_20.dat
        52       0.441327        4.17387       -305.215        11.5523        34.7035         24.295       -3436.45     /gpfs/hpu/EHT2/IHARM/SANE/SANE_a+0.5_288x128x128_IHARM/m_1_1_20/image_a+0.5_0860_163_0_230.e9_6.2e9_1.03092e+28_20.dat
        53       0.610158        4.78826       -167.506        35.9013        29.4867        31.8976        -4623.8     /gpfs/hpu/EHT2/IHARM/SANE/SANE_a+0.5_288x128x128_IHARM/m_1_1_20/image_a+0.5_0865_163_0_230.e9_6.2e9_1.03092e+28_20.dat
        54       0.532813        4.16612       -184.727        26.9201        11.6916        18.1205        -2791.5     /gpfs/hpu/EHT2/IHARM/SANE/SANE_a+0.5_288x128x128_IHARM/m_1_1_20/image_a+0.5_0870_163_0_230.e9_6.2e9_1.03092e+28_20.dat
        55        0.46154        4.09631       -287.868        9.01283        32.3482        21.8888       -3125.69     /gpfs/hpu/EHT2/IHARM/SANE/SANE_a+0.5_288x128x128_IHARM/m_1_1_20/image_a+0.5_0875_163_0_230.e9_6.2e9_1.03092e+28_20.dat
        56       0.738421        4.00423       -261.494        32.6166        52.3583        43.2073       -7301.95     /gpfs/hpu/EHT2/IHARM/SANE/SANE_a+0.5_288x128x128_IHARM/m_1_1_20/image_a+0.5_0880_163_0_230.e9_6.2e9_1.03092e+28_20.dat
        57       0.677997        4.87586       -184.832        28.4827        13.0485        19.5498       -2957.38     /gpfs/hpu/EHT2/IHARM/SANE/SANE_a+0.5_288x128x128_IHARM/m_1_1_20/image_a+0.5_0885_163_0_230.e9_6.2e9_1.03092e+28_20.dat
        58       0.553782        4.18077       -174.887        18.0043        8.91134        12.7267       -2117.09     /gpfs/hpu/EHT2/IHARM/SANE/SANE_a+0.5_288x128x128_IHARM/m_1_1_20/image_a+0.5_0890_163_0_230.e9_6.2e9_1.03092e+28_20.dat
        59       0.642077         4.7172       -176.249        43.4248        19.3674        29.5127       -4237.56     /gpfs/hpu/EHT2/IHARM/SANE/SANE_a+0.5_288x128x128_IHARM/m_1_1_20/image_a+0.5_0895_163_0_230.e9_6.2e9_1.03092e+28_20.dat
        60        1.56726        7.97102       -264.803        36.4748        35.5315        35.5087       -5084.31     /gpfs/hpu/EHT2/IHARM/SANE/SANE_a+0.5_288x128x128_IHARM/m_1_1_20/image_a+0.5_0900_163_0_230.e9_6.2e9_1.03092e+28_20.dat
        61       0.515606        3.47962       -205.632        6.49909         7.9126        7.20703       -1394.89     /gpfs/hpu/EHT2/IHARM/SANE/SANE_a+0.5_288x128x128_IHARM/m_1_1_20/image_a+0.5_0905_163_0_230.e9_6.2e9_1.03092e+28_20.dat
        62       0.678837        3.89472       -152.291        14.3732        7.83871        10.5632       -1913.77     /gpfs/hpu/EHT2/IHARM/SANE/SANE_a+0.5_288x128x128_IHARM/m_1_1_20/image_a+0.5_0910_163_0_230.e9_6.2e9_1.03092e+28_20.dat
        63        0.43198        3.89976       -172.434        28.5724        13.3117        19.7349        -2934.4     /gpfs/hpu/EHT2/IHARM/SANE/SANE_a+0.5_288x128x128_IHARM/m_1_1_20/image_a+0.5_0915_163_0_230.e9_6.2e9_1.03092e+28_20.dat
        64       0.389556        4.39766        -153.65        33.4287        37.2305        35.1398        -4827.5     /gpfs/hpu/EHT2/IHARM/SANE/SANE_a+0.5_288x128x128_IHARM/m_1_1_20/image_a+0.5_0920_163_0_230.e9_6.2e9_1.03092e+28_20.dat
        65        0.37738        4.24068       -164.023        36.8746        40.8607        38.6466       -5255.46     /gpfs/hpu/EHT2/IHARM/SANE/SANE_a+0.5_288x128x128_IHARM/m_1_1_20/image_a+0.5_0925_163_0_230.e9_6.2e9_1.03092e+28_20.dat
        66       0.420188        3.79877       -179.151        24.2354         6.7777        14.2279       -2250.85     /gpfs/hpu/EHT2/IHARM/SANE/SANE_a+0.5_288x128x128_IHARM/m_1_1_20/image_a+0.5_0930_163_0_230.e9_6.2e9_1.03092e+28_20.dat
        67        0.35941        3.85486       -253.533        13.9691        11.4069        12.3744       -1939.51     /gpfs/hpu/EHT2/IHARM/SANE/SANE_a+0.5_288x128x128_IHARM/m_1_1_20/image_a+0.5_0935_163_0_230.e9_6.2e9_1.03092e+28_20.dat
        68       0.484785         3.7473       -206.208        7.54645        4.24242        5.61663       -1185.72     /gpfs/hpu/EHT2/IHARM/SANE/SANE_a+0.5_288x128x128_IHARM/m_1_1_20/image_a+0.5_0940_163_0_230.e9_6.2e9_1.03092e+28_20.dat
        69       0.608085        4.30711       -182.606        10.2076        20.1547        15.6192       -2976.35     /gpfs/hpu/EHT2/IHARM/SANE/SANE_a+0.5_288x128x128_IHARM/m_1_1_20/image_a+0.5_0945_163_0_230.e9_6.2e9_1.03092e+28_20.dat
        70       0.403146        4.14491       -216.139        10.7112        21.9447        16.8325       -2474.47     /gpfs/hpu/EHT2/IHARM/SANE/SANE_a+0.5_288x128x128_IHARM/m_1_1_20/image_a+0.5_0950_163_0_230.e9_6.2e9_1.03092e+28_20.dat
        71       0.639967        4.04986       -284.774        4.82435        27.6995        17.4949       -2598.46     /gpfs/hpu/EHT2/IHARM/SANE/SANE_a+0.5_288x128x128_IHARM/m_1_1_20/image_a+0.5_0955_163_0_230.e9_6.2e9_1.03092e+28_20.dat
        72       0.317175        3.44606       -205.229        5.31335        6.54731        5.93572       -1141.34     /gpfs/hpu/EHT2/IHARM/SANE/SANE_a+0.5_288x128x128_IHARM/m_1_1_20/image_a+0.5_0960_163_0_230.e9_6.2e9_1.03092e+28_20.dat
        73       0.562919        3.74245       -156.974         23.207        11.4957        16.4095       -2638.54     /gpfs/hpu/EHT2/IHARM/SANE/SANE_a+0.5_288x128x128_IHARM/m_1_1_20/image_a+0.5_0965_163_0_230.e9_6.2e9_1.03092e+28_20.dat
        74       0.448448        3.72081       -271.063        8.40001        12.6107        10.6415       -1777.63     /gpfs/hpu/EHT2/IHARM/SANE/SANE_a+0.5_288x128x128_IHARM/m_1_1_20/image_a+0.5_0970_163_0_230.e9_6.2e9_1.03092e+28_20.dat
        75       0.404494        3.49971        -245.51        8.57391        10.9646         9.8005       -1638.11     /gpfs/hpu/EHT2/IHARM/SANE/SANE_a+0.5_288x128x128_IHARM/m_1_1_20/image_a+0.5_0975_163_0_230.e9_6.2e9_1.03092e+28_20.dat
        76       0.469958        3.86176       -175.661        29.5784        10.9063        18.8305        -2847.6     /gpfs/hpu/EHT2/IHARM/SANE/SANE_a+0.5_288x128x128_IHARM/m_1_1_20/image_a+0.5_0980_163_0_230.e9_6.2e9_1.03092e+28_20.dat
        77       0.409529        3.70655       -227.675        14.1342        8.64966        10.9113       -1761.16     /gpfs/hpu/EHT2/IHARM/SANE/SANE_a+0.5_288x128x128_IHARM/m_1_1_20/image_a+0.5_0985_163_0_230.e9_6.2e9_1.03092e+28_20.dat
        78       0.508914        3.77342        -140.07        12.5346        9.59651        10.7481       -1870.41     /gpfs/hpu/EHT2/IHARM/SANE/SANE_a+0.5_288x128x128_IHARM/m_1_1_20/image_a+0.5_0990_163_0_230.e9_6.2e9_1.03092e+28_20.dat
        79       0.537427         3.7632        88.2744        18.9859        27.1242        23.2848       -3395.55     /gpfs/hpu/EHT2/IHARM/SANE/SANE_a+0.5_288x128x128_IHARM/m_1_1_20/image_a+0.5_0995_163_0_230.e9_6.2e9_1.03092e+28_20.dat
        80       0.413082        3.57367        136.375        10.6775        15.8707        13.4381       -2061.99     /gpfs/hpu/EHT2/IHARM/SANE/SANE_a+0.5_288x128x128_IHARM/m_1_1_20/image_a+0.5_1000_163_0_230.e9_6.2e9_1.03092e+28_20.dat
        81        0.46018        3.75211        113.994        5.64419        11.4948        8.83148       -1547.24     /gpfs/hpu/EHT2/IHARM/SANE/SANE_a+0.5_288x128x128_IHARM/m_1_1_20/image_a+0.5_1005_163_0_230.e9_6.2e9_1.03092e+28_20.dat
        82       0.393974        3.89989         189.08        15.2088        7.49033        10.7298       -1768.54     /gpfs/hpu/EHT2/IHARM/SANE/SANE_a+0.5_288x128x128_IHARM/m_1_1_20/image_a+0.5_1010_163_0_230.e9_6.2e9_1.03092e+28_20.dat
        83       0.432638        3.84194        177.883        12.4707        8.99807        10.3875       -1710.71     /gpfs/hpu/EHT2/IHARM/SANE/SANE_a+0.5_288x128x128_IHARM/m_1_1_20/image_a+0.5_1015_163_0_230.e9_6.2e9_1.03092e+28_20.dat
        84       0.680629        3.68882        128.964        10.8049        27.8294        20.1475       -3305.66     /gpfs/hpu/EHT2/IHARM/SANE/SANE_a+0.5_288x128x128_IHARM/m_1_1_20/image_a+0.5_1020_163_0_230.e9_6.2e9_1.03092e+28_20.dat
        85       0.546194        3.71391        199.375        13.7928        8.15574        10.4892       -1825.85     /gpfs/hpu/EHT2/IHARM/SANE/SANE_a+0.5_288x128x128_IHARM/m_1_1_20/image_a+0.5_1025_163_0_230.e9_6.2e9_1.03092e+28_20.dat
        86       0.614441        3.66729        202.631        23.5056        9.31039        15.3223       -2447.89     /gpfs/hpu/EHT2/IHARM/SANE/SANE_a+0.5_288x128x128_IHARM/m_1_1_20/image_a+0.5_1030_163_0_230.e9_6.2e9_1.03092e+28_20.dat
        87       0.575916        3.71786          192.9        18.9328         14.385        16.1732       -2557.49     /gpfs/hpu/EHT2/IHARM/SANE/SANE_a+0.5_288x128x128_IHARM/m_1_1_20/image_a+0.5_1035_163_0_230.e9_6.2e9_1.03092e+28_20.dat
        88       0.414728        3.84261        166.882        4.60574          5.081        4.81448       -992.262     /gpfs/hpu/EHT2/IHARM/SANE/SANE_a+0.5_288x128x128_IHARM/m_1_1_20/image_a+0.5_1040_163_0_230.e9_6.2e9_1.03092e+28_20.dat
        89       0.453281        3.83295        214.997        29.5076        13.1569        20.0523       -2980.55     /gpfs/hpu/EHT2/IHARM/SANE/SANE_a+0.5_288x128x128_IHARM/m_1_1_20/image_a+0.5_1045_163_0_230.e9_6.2e9_1.03092e+28_20.dat
        90        0.41725        3.65081        134.061        28.4529        17.2088        21.8519       -3122.94     /gpfs/hpu/EHT2/IHARM/SANE/SANE_a+0.5_288x128x128_IHARM/m_1_1_20/image_a+0.5_1050_163_0_230.e9_6.2e9_1.03092e+28_20.dat
        91       0.523548        3.50428        108.924        16.8883         16.387         16.405       -2535.43     /gpfs/hpu/EHT2/IHARM/SANE/SANE_a+0.5_288x128x128_IHARM/m_1_1_20/image_a+0.5_1055_163_0_230.e9_6.2e9_1.03092e+28_20.dat
        92       0.559212        4.02308         211.76        25.6106        15.7871        19.8345       -2962.14     /gpfs/hpu/EHT2/IHARM/SANE/SANE_a+0.5_288x128x128_IHARM/m_1_1_20/image_a+0.5_1060_163_0_230.e9_6.2e9_1.03092e+28_20.dat
        93       0.632909        3.90226        190.696        32.9407        12.0206        20.9012       -3127.73     /gpfs/hpu/EHT2/IHARM/SANE/SANE_a+0.5_288x128x128_IHARM/m_1_1_20/image_a+0.5_1065_163_0_230.e9_6.2e9_1.03092e+28_20.dat
        94       0.383257        3.78502        97.2147        8.96455        24.5184        17.5111       -2582.68     /gpfs/hpu/EHT2/IHARM/SANE/SANE_a+0.5_288x128x128_IHARM/m_1_1_20/image_a+0.5_1070_163_0_230.e9_6.2e9_1.03092e+28_20.dat
        95       0.447517         3.6195        187.524        30.9167        9.42962        18.5862       -2780.61     /gpfs/hpu/EHT2/IHARM/SANE/SANE_a+0.5_288x128x128_IHARM/m_1_1_20/image_a+0.5_1075_163_0_230.e9_6.2e9_1.03092e+28_20.dat
        96       0.376483        3.60042        200.741        19.1111        7.96339        12.6768       -2012.11     /gpfs/hpu/EHT2/IHARM/SANE/SANE_a+0.5_288x128x128_IHARM/m_1_1_20/image_a+0.5_1080_163_0_230.e9_6.2e9_1.03092e+28_20.dat
        97       0.585323        4.10012        186.059        23.9027        13.0668        17.5839       -2777.93     /gpfs/hpu/EHT2/IHARM/SANE/SANE_a+0.5_288x128x128_IHARM/m_1_1_20/image_a+0.5_1085_163_0_230.e9_6.2e9_1.03092e+28_20.dat
        98       0.445702        3.85401        191.428        17.0188        10.2384        13.0399       -2093.19     /gpfs/hpu/EHT2/IHARM/SANE/SANE_a+0.5_288x128x128_IHARM/m_1_1_20/image_a+0.5_1090_163_0_230.e9_6.2e9_1.03092e+28_20.dat
        99       0.635533        3.85369         205.11        22.5242        11.2838         15.997       -2554.21     /gpfs/hpu/EHT2/IHARM/SANE/SANE_a+0.5_288x128x128_IHARM/m_1_1_20/image_a+0.5_1095_163_0_230.e9_6.2e9_1.03092e+28_20.dat
