   # Index         I (Jy)      M/D (uas)       PA (deg)  VA red. chisq  CP red. chisq     red. chisq     log-liklhd     FileName
         0       0.393458        3.42761        -183.03        5.94035        5.75697        5.76645       -1131.59     /gpfs/hpu/EHT2020/sc_4/Sa+0.5/m_1_1_160/image_Sa+0.5_0600_163_0_230.e9_6.2e9_4.21002e+28_160_4.dat
         1       0.387119          3.321       -188.159        9.71002        9.60774        9.53565       -1600.52     /gpfs/hpu/EHT2020/sc_4/Sa+0.5/m_1_1_160/image_Sa+0.5_0605_163_0_230.e9_6.2e9_4.21002e+28_160_4.dat
         2       0.462865        3.21021       -174.004        6.66365        7.63116        7.12141       -1362.26     /gpfs/hpu/EHT2020/sc_4/Sa+0.5/m_1_1_160/image_Sa+0.5_0610_163_0_230.e9_6.2e9_4.21002e+28_160_4.dat
         3       0.492462         3.3861        -184.79        10.0888        5.17848         7.2344       -1341.21     /gpfs/hpu/EHT2020/sc_4/Sa+0.5/m_1_1_160/image_Sa+0.5_0615_163_0_230.e9_6.2e9_4.21002e+28_160_4.dat
         4       0.456554        3.15119        -222.39        11.6411        11.8173        11.5983       -1896.24     /gpfs/hpu/EHT2020/sc_4/Sa+0.5/m_1_1_160/image_Sa+0.5_0620_163_0_230.e9_6.2e9_4.21002e+28_160_4.dat
         5       0.789765        3.15935       -162.155        8.74692        8.18562        8.32877       -1639.41     /gpfs/hpu/EHT2020/sc_4/Sa+0.5/m_1_1_160/image_Sa+0.5_0625_163_0_230.e9_6.2e9_4.21002e+28_160_4.dat
         6       0.844225        3.26436       -175.326        6.56376        5.59253        5.94392       -1340.69     /gpfs/hpu/EHT2020/sc_4/Sa+0.5/m_1_1_160/image_Sa+0.5_0630_163_0_230.e9_6.2e9_4.21002e+28_160_4.dat
         7       0.457133        3.19613       -190.717        6.29122        6.69638        6.44057       -1255.41     /gpfs/hpu/EHT2020/sc_4/Sa+0.5/m_1_1_160/image_Sa+0.5_0635_163_0_230.e9_6.2e9_4.21002e+28_160_4.dat
         8       0.480839        3.14939         -189.5        10.5658        4.25868        6.92836       -1334.43     /gpfs/hpu/EHT2020/sc_4/Sa+0.5/m_1_1_160/image_Sa+0.5_0640_163_0_230.e9_6.2e9_4.21002e+28_160_4.dat
         9       0.474224        3.20503       -178.535        7.95127        4.87013        6.14058       -1233.88     /gpfs/hpu/EHT2020/sc_4/Sa+0.5/m_1_1_160/image_Sa+0.5_0645_163_0_230.e9_6.2e9_4.21002e+28_160_4.dat
        10       0.572349        3.18295       -180.704        8.91706        4.59842        6.40608          -1297     /gpfs/hpu/EHT2020/sc_4/Sa+0.5/m_1_1_160/image_Sa+0.5_0650_163_0_230.e9_6.2e9_4.21002e+28_160_4.dat
        11       0.495545         3.3023        -175.05         13.383        6.24762        9.25061       -1611.25     /gpfs/hpu/EHT2020/sc_4/Sa+0.5/m_1_1_160/image_Sa+0.5_0655_163_0_230.e9_6.2e9_4.21002e+28_160_4.dat
        12       0.443154        3.13319       -194.404        12.6563        4.67043        8.05943       -1432.56     /gpfs/hpu/EHT2020/sc_4/Sa+0.5/m_1_1_160/image_Sa+0.5_0660_163_0_230.e9_6.2e9_4.21002e+28_160_4.dat
        13       0.407073        3.10014       -264.673        5.98184        5.28421        5.52128       -1071.21     /gpfs/hpu/EHT2020/sc_4/Sa+0.5/m_1_1_160/image_Sa+0.5_0665_163_0_230.e9_6.2e9_4.21002e+28_160_4.dat
        14       0.382078         3.0643       -267.591        4.22013        5.44536        4.85086        -980.95     /gpfs/hpu/EHT2020/sc_4/Sa+0.5/m_1_1_160/image_Sa+0.5_0670_163_0_230.e9_6.2e9_4.21002e+28_160_4.dat
        15       0.440487        3.10849       -184.312        3.76829        6.89314        5.46153        -1129.7     /gpfs/hpu/EHT2020/sc_4/Sa+0.5/m_1_1_160/image_Sa+0.5_0675_163_0_230.e9_6.2e9_4.21002e+28_160_4.dat
        16       0.381588        3.09418       -243.373        6.81992        6.58269        6.60541       -1220.66     /gpfs/hpu/EHT2020/sc_4/Sa+0.5/m_1_1_160/image_Sa+0.5_0680_163_0_230.e9_6.2e9_4.21002e+28_160_4.dat
        17        0.54292        2.97108       -197.168        10.7796        4.95308        7.40704          -1428     /gpfs/hpu/EHT2020/sc_4/Sa+0.5/m_1_1_160/image_Sa+0.5_0685_163_0_230.e9_6.2e9_4.21002e+28_160_4.dat
        18       0.446455        3.20918       -209.505        9.90473        8.78654        9.16269       -1571.66     /gpfs/hpu/EHT2020/sc_4/Sa+0.5/m_1_1_160/image_Sa+0.5_0690_163_0_230.e9_6.2e9_4.21002e+28_160_4.dat
        19       0.430685        3.14648        -226.32        3.53812        3.33451        3.38202       -808.635     /gpfs/hpu/EHT2020/sc_4/Sa+0.5/m_1_1_160/image_Sa+0.5_0695_163_0_230.e9_6.2e9_4.21002e+28_160_4.dat
        20       0.442114        3.30492       -203.632          6.004        8.96052        7.57653       -1347.24     /gpfs/hpu/EHT2020/sc_4/Sa+0.5/m_1_1_160/image_Sa+0.5_0700_163_0_230.e9_6.2e9_4.21002e+28_160_4.dat
        21       0.345351        3.09903       -222.228        1.64966        3.75594        2.80175       -753.241     /gpfs/hpu/EHT2020/sc_4/Sa+0.5/m_1_1_160/image_Sa+0.5_0705_163_0_230.e9_6.2e9_4.21002e+28_160_4.dat
        22        0.38571        3.18621       -232.646         1.4923        7.99427        5.09228       -1072.94     /gpfs/hpu/EHT2020/sc_4/Sa+0.5/m_1_1_160/image_Sa+0.5_0710_163_0_230.e9_6.2e9_4.21002e+28_160_4.dat
        23       0.370636         3.1639       -230.508        4.90539        5.45337        5.15097       -1021.32     /gpfs/hpu/EHT2020/sc_4/Sa+0.5/m_1_1_160/image_Sa+0.5_0715_163_0_230.e9_6.2e9_4.21002e+28_160_4.dat
        24       0.522085         2.9728       -198.279        10.9747        9.95079        10.2722       -1752.07     /gpfs/hpu/EHT2020/sc_4/Sa+0.5/m_1_1_160/image_Sa+0.5_0720_163_0_230.e9_6.2e9_4.21002e+28_160_4.dat
        25       0.398818        3.12063       -201.555        8.15326        4.34789        5.93713       -1121.16     /gpfs/hpu/EHT2020/sc_4/Sa+0.5/m_1_1_160/image_Sa+0.5_0725_163_0_230.e9_6.2e9_4.21002e+28_160_4.dat
        26       0.452739        2.98601       -208.422        17.3576        8.20478        12.0545       -1926.94     /gpfs/hpu/EHT2020/sc_4/Sa+0.5/m_1_1_160/image_Sa+0.5_0730_163_0_230.e9_6.2e9_4.21002e+28_160_4.dat
        27        0.41388        3.12319       -231.612         7.5982        3.32984        5.13115       -1033.21     /gpfs/hpu/EHT2020/sc_4/Sa+0.5/m_1_1_160/image_Sa+0.5_0735_163_0_230.e9_6.2e9_4.21002e+28_160_4.dat
        28       0.445316        3.25036       -220.499        8.24769        4.35574        5.98224       -1127.99     /gpfs/hpu/EHT2020/sc_4/Sa+0.5/m_1_1_160/image_Sa+0.5_0740_163_0_230.e9_6.2e9_4.21002e+28_160_4.dat
        29       0.386656        3.17855       -249.551        6.31747         8.0408            7.2       -1289.69     /gpfs/hpu/EHT2020/sc_4/Sa+0.5/m_1_1_160/image_Sa+0.5_0745_163_0_230.e9_6.2e9_4.21002e+28_160_4.dat
        30       0.379963        3.22148       -267.508        4.40399        6.52522        5.53108       -1067.12     /gpfs/hpu/EHT2020/sc_4/Sa+0.5/m_1_1_160/image_Sa+0.5_0750_163_0_230.e9_6.2e9_4.21002e+28_160_4.dat
        31        0.39529        3.13708       -265.249        8.04299        5.38708        6.46781       -1179.61     /gpfs/hpu/EHT2020/sc_4/Sa+0.5/m_1_1_160/image_Sa+0.5_0755_163_0_230.e9_6.2e9_4.21002e+28_160_4.dat
        32       0.388096        3.13995       -234.188        8.51813        5.23935        6.59061       -1217.97     /gpfs/hpu/EHT2020/sc_4/Sa+0.5/m_1_1_160/image_Sa+0.5_0760_163_0_230.e9_6.2e9_4.21002e+28_160_4.dat
        33       0.426868         3.2048        -174.73         9.8068        5.78204        7.44858       -1396.79     /gpfs/hpu/EHT2020/sc_4/Sa+0.5/m_1_1_160/image_Sa+0.5_0765_163_0_230.e9_6.2e9_4.21002e+28_160_4.dat
        34        0.46131        3.30544       -186.988        8.80369        6.41657        7.36888       -1379.57     /gpfs/hpu/EHT2020/sc_4/Sa+0.5/m_1_1_160/image_Sa+0.5_0770_163_0_230.e9_6.2e9_4.21002e+28_160_4.dat
        35       0.414543        3.12518       -187.995        9.92725        6.80875        8.07187        -1479.3     /gpfs/hpu/EHT2020/sc_4/Sa+0.5/m_1_1_160/image_Sa+0.5_0775_163_0_230.e9_6.2e9_4.21002e+28_160_4.dat
        36       0.495139        3.15841       -188.786        8.40092        5.39281        6.62543       -1323.49     /gpfs/hpu/EHT2020/sc_4/Sa+0.5/m_1_1_160/image_Sa+0.5_0780_163_0_230.e9_6.2e9_4.21002e+28_160_4.dat
        37       0.419741         3.2735       -198.818        11.6455        5.92441        8.32111       -1467.74     /gpfs/hpu/EHT2020/sc_4/Sa+0.5/m_1_1_160/image_Sa+0.5_0785_163_0_230.e9_6.2e9_4.21002e+28_160_4.dat
        38       0.404757        3.28324       -200.024        7.90765        8.36464        8.06629        -1445.5     /gpfs/hpu/EHT2020/sc_4/Sa+0.5/m_1_1_160/image_Sa+0.5_0790_163_0_230.e9_6.2e9_4.21002e+28_160_4.dat
        39       0.367786         3.1848       -198.453        10.2156        6.71073        8.14175       -1415.43     /gpfs/hpu/EHT2020/sc_4/Sa+0.5/m_1_1_160/image_Sa+0.5_0795_163_0_230.e9_6.2e9_4.21002e+28_160_4.dat
        40       0.389912         3.2964       -227.419        15.7084        11.2257        13.0239       -2039.96     /gpfs/hpu/EHT2020/sc_4/Sa+0.5/m_1_1_160/image_Sa+0.5_0800_163_0_230.e9_6.2e9_4.21002e+28_160_4.dat
        41       0.454201        3.46412        107.213        6.60649        5.95397        6.16348       -1158.41     /gpfs/hpu/EHT2020/sc_4/Sa+0.5/m_1_1_160/image_Sa+0.5_0805_163_0_230.e9_6.2e9_4.21002e+28_160_4.dat
        42       0.448712         3.4372        136.879        9.78301        8.50336         8.9526       -1533.27     /gpfs/hpu/EHT2020/sc_4/Sa+0.5/m_1_1_160/image_Sa+0.5_0810_163_0_230.e9_6.2e9_4.21002e+28_160_4.dat
        43       0.395152        3.17508        117.804        13.5737        9.46588        11.1237       -1785.46     /gpfs/hpu/EHT2020/sc_4/Sa+0.5/m_1_1_160/image_Sa+0.5_0815_163_0_230.e9_6.2e9_4.21002e+28_160_4.dat
        44       0.487558         3.3091        122.316        16.2527        10.8791        13.0659       -2092.93     /gpfs/hpu/EHT2020/sc_4/Sa+0.5/m_1_1_160/image_Sa+0.5_0820_163_0_230.e9_6.2e9_4.21002e+28_160_4.dat
        45       0.419626         3.1656        106.373         7.7909        6.41245        6.92961       -1246.71     /gpfs/hpu/EHT2020/sc_4/Sa+0.5/m_1_1_160/image_Sa+0.5_0825_163_0_230.e9_6.2e9_4.21002e+28_160_4.dat
        46       0.692743        3.32113        116.949        27.0559        18.6115        22.0297       -3329.14     /gpfs/hpu/EHT2020/sc_4/Sa+0.5/m_1_1_160/image_Sa+0.5_0830_163_0_230.e9_6.2e9_4.21002e+28_160_4.dat
        47       0.409873        3.39215        100.579        11.8639        14.2061        13.0237       -2038.44     /gpfs/hpu/EHT2020/sc_4/Sa+0.5/m_1_1_160/image_Sa+0.5_0835_163_0_230.e9_6.2e9_4.21002e+28_160_4.dat
        48       0.589916        3.37919         190.19        11.3908         6.4265        8.49062       -1599.28     /gpfs/hpu/EHT2020/sc_4/Sa+0.5/m_1_1_160/image_Sa+0.5_0840_163_0_230.e9_6.2e9_4.21002e+28_160_4.dat
        49       0.385269        3.53214        97.1246        7.85909         9.8706        8.88333       -1485.31     /gpfs/hpu/EHT2020/sc_4/Sa+0.5/m_1_1_160/image_Sa+0.5_0845_163_0_230.e9_6.2e9_4.21002e+28_160_4.dat
        50       0.424247         3.4486        187.908         9.9782        6.08465        7.69093       -1421.51     /gpfs/hpu/EHT2020/sc_4/Sa+0.5/m_1_1_160/image_Sa+0.5_0850_163_0_230.e9_6.2e9_4.21002e+28_160_4.dat
        51       0.476153        3.51001        185.083        15.0917         7.2827        10.5638       -1773.32     /gpfs/hpu/EHT2020/sc_4/Sa+0.5/m_1_1_160/image_Sa+0.5_0855_163_0_230.e9_6.2e9_4.21002e+28_160_4.dat
        52       0.459449         3.2478         168.95        18.1665        11.2786         14.114       -2178.83     /gpfs/hpu/EHT2020/sc_4/Sa+0.5/m_1_1_160/image_Sa+0.5_0860_163_0_230.e9_6.2e9_4.21002e+28_160_4.dat
        53       0.377891         3.3569        152.708        12.4312        8.51686        10.1027       -1643.81     /gpfs/hpu/EHT2020/sc_4/Sa+0.5/m_1_1_160/image_Sa+0.5_0865_163_0_230.e9_6.2e9_4.21002e+28_160_4.dat
        54       0.435949        3.56072        179.331        12.6124        12.5775        12.4404       -2001.96     /gpfs/hpu/EHT2020/sc_4/Sa+0.5/m_1_1_160/image_Sa+0.5_0870_163_0_230.e9_6.2e9_4.21002e+28_160_4.dat
        55       0.387809        3.45112        108.681         3.7861        3.41911        3.53609       -821.476     /gpfs/hpu/EHT2020/sc_4/Sa+0.5/m_1_1_160/image_Sa+0.5_0875_163_0_230.e9_6.2e9_4.21002e+28_160_4.dat
        56         0.5068        3.58312        202.038        10.2215         9.3669        9.62229       -1694.64     /gpfs/hpu/EHT2020/sc_4/Sa+0.5/m_1_1_160/image_Sa+0.5_0880_163_0_230.e9_6.2e9_4.21002e+28_160_4.dat
        57       0.585852        3.63066         187.94        7.97493        7.94013        7.85909       -1518.21     /gpfs/hpu/EHT2020/sc_4/Sa+0.5/m_1_1_160/image_Sa+0.5_0885_163_0_230.e9_6.2e9_4.21002e+28_160_4.dat
        58       0.413674        3.46811        173.955        9.71919        5.25961        7.12008       -1340.96     /gpfs/hpu/EHT2020/sc_4/Sa+0.5/m_1_1_160/image_Sa+0.5_0890_163_0_230.e9_6.2e9_4.21002e+28_160_4.dat
        59       0.554373        3.48142        188.221        8.71637        7.28974        7.81708        -1509.5     /gpfs/hpu/EHT2020/sc_4/Sa+0.5/m_1_1_160/image_Sa+0.5_0895_163_0_230.e9_6.2e9_4.21002e+28_160_4.dat
        60       0.384539        3.60341        164.917        9.66623        5.46748         7.2129       -1327.69     /gpfs/hpu/EHT2020/sc_4/Sa+0.5/m_1_1_160/image_Sa+0.5_0900_163_0_230.e9_6.2e9_4.21002e+28_160_4.dat
        61       0.412136        3.45929        104.114        6.83277        8.26178        7.54529       -1328.48     /gpfs/hpu/EHT2020/sc_4/Sa+0.5/m_1_1_160/image_Sa+0.5_0905_163_0_230.e9_6.2e9_4.21002e+28_160_4.dat
        62       0.474137        3.20211        192.919        18.4588         7.9796        12.4043       -2043.92     /gpfs/hpu/EHT2020/sc_4/Sa+0.5/m_1_1_160/image_Sa+0.5_0910_163_0_230.e9_6.2e9_4.21002e+28_160_4.dat
        63       0.471928        3.30426        195.395        12.9141        8.37139        10.2301       -1778.95     /gpfs/hpu/EHT2020/sc_4/Sa+0.5/m_1_1_160/image_Sa+0.5_0915_163_0_230.e9_6.2e9_4.21002e+28_160_4.dat
        64       0.572071        3.26983        180.197        19.4749        8.97654        13.3975       -2175.07     /gpfs/hpu/EHT2020/sc_4/Sa+0.5/m_1_1_160/image_Sa+0.5_0920_163_0_230.e9_6.2e9_4.21002e+28_160_4.dat
        65       0.493033        3.07736        169.536        13.8795        8.81536        10.8937       -1860.42     /gpfs/hpu/EHT2020/sc_4/Sa+0.5/m_1_1_160/image_Sa+0.5_0925_163_0_230.e9_6.2e9_4.21002e+28_160_4.dat
        66       0.408844        3.24175         106.33        6.81153        10.1581        8.59134       -1472.84     /gpfs/hpu/EHT2020/sc_4/Sa+0.5/m_1_1_160/image_Sa+0.5_0930_163_0_230.e9_6.2e9_4.21002e+28_160_4.dat
        67       0.538893        3.14519        183.067        16.0806        6.96773        10.8152       -1891.25     /gpfs/hpu/EHT2020/sc_4/Sa+0.5/m_1_1_160/image_Sa+0.5_0935_163_0_230.e9_6.2e9_4.21002e+28_160_4.dat
        68       0.496872        3.40713        181.369        15.5198        6.50539         10.316       -1770.61     /gpfs/hpu/EHT2020/sc_4/Sa+0.5/m_1_1_160/image_Sa+0.5_0940_163_0_230.e9_6.2e9_4.21002e+28_160_4.dat
        69       0.465516        3.34606        168.326         11.831        6.01871        8.45361       -1508.54     /gpfs/hpu/EHT2020/sc_4/Sa+0.5/m_1_1_160/image_Sa+0.5_0945_163_0_230.e9_6.2e9_4.21002e+28_160_4.dat
        70       0.415268        3.54391        92.4048         9.7288        15.1415         12.623       -1979.61     /gpfs/hpu/EHT2020/sc_4/Sa+0.5/m_1_1_160/image_Sa+0.5_0950_163_0_230.e9_6.2e9_4.21002e+28_160_4.dat
        71       0.433567        3.19066         169.82        9.60688        14.1633        12.0261       -1986.13     /gpfs/hpu/EHT2020/sc_4/Sa+0.5/m_1_1_160/image_Sa+0.5_0955_163_0_230.e9_6.2e9_4.21002e+28_160_4.dat
        72       0.376094        3.20364        111.896        9.27129        7.14796        7.97761       -1399.25     /gpfs/hpu/EHT2020/sc_4/Sa+0.5/m_1_1_160/image_Sa+0.5_0960_163_0_230.e9_6.2e9_4.21002e+28_160_4.dat
        73       0.488226        3.29117        181.121        7.01345        4.99036        5.80286       -1242.45     /gpfs/hpu/EHT2020/sc_4/Sa+0.5/m_1_1_160/image_Sa+0.5_0965_163_0_230.e9_6.2e9_4.21002e+28_160_4.dat
        74       0.551688        3.37569        183.394        14.2645        8.72994        11.0122       -1877.31     /gpfs/hpu/EHT2020/sc_4/Sa+0.5/m_1_1_160/image_Sa+0.5_0970_163_0_230.e9_6.2e9_4.21002e+28_160_4.dat
        75       0.395023        3.27709        177.823        12.2147        6.52132        8.89884       -1542.21     /gpfs/hpu/EHT2020/sc_4/Sa+0.5/m_1_1_160/image_Sa+0.5_0975_163_0_230.e9_6.2e9_4.21002e+28_160_4.dat
        76       0.471198        3.42916        185.863        14.8078        7.58203        10.6079       -1777.71     /gpfs/hpu/EHT2020/sc_4/Sa+0.5/m_1_1_160/image_Sa+0.5_0980_163_0_230.e9_6.2e9_4.21002e+28_160_4.dat
        77       0.567007        3.39887        174.749        18.4397         8.0972        12.4615       -2047.17     /gpfs/hpu/EHT2020/sc_4/Sa+0.5/m_1_1_160/image_Sa+0.5_0985_163_0_230.e9_6.2e9_4.21002e+28_160_4.dat
        78       0.483934        3.66479        184.216        21.8104         10.724        15.3775        -2350.2     /gpfs/hpu/EHT2020/sc_4/Sa+0.5/m_1_1_160/image_Sa+0.5_0990_163_0_230.e9_6.2e9_4.21002e+28_160_4.dat
        79        0.49954        3.60473         175.84        13.1085        6.48972         9.2669       -1600.55     /gpfs/hpu/EHT2020/sc_4/Sa+0.5/m_1_1_160/image_Sa+0.5_0995_163_0_230.e9_6.2e9_4.21002e+28_160_4.dat
        80       0.397708        3.49173        144.846        7.63437        2.95467        4.93799       -995.892     /gpfs/hpu/EHT2020/sc_4/Sa+0.5/m_1_1_160/image_Sa+0.5_1000_163_0_230.e9_6.2e9_4.21002e+28_160_4.dat
        81        0.47844        3.40273        172.083        11.3027        3.90311        7.04847       -1382.48     /gpfs/hpu/EHT2020/sc_4/Sa+0.5/m_1_1_160/image_Sa+0.5_1005_163_0_230.e9_6.2e9_4.21002e+28_160_4.dat
        82       0.437279        3.43425        184.929        14.4763        7.46915        10.4021       -1768.37     /gpfs/hpu/EHT2020/sc_4/Sa+0.5/m_1_1_160/image_Sa+0.5_1010_163_0_230.e9_6.2e9_4.21002e+28_160_4.dat
        83       0.620188        3.64918        182.239        19.1026        6.59235        11.9102       -1999.94     /gpfs/hpu/EHT2020/sc_4/Sa+0.5/m_1_1_160/image_Sa+0.5_1015_163_0_230.e9_6.2e9_4.21002e+28_160_4.dat
        84       0.465709        3.70691        180.619        10.8181        6.64122        8.36302       -1513.53     /gpfs/hpu/EHT2020/sc_4/Sa+0.5/m_1_1_160/image_Sa+0.5_1020_163_0_230.e9_6.2e9_4.21002e+28_160_4.dat
        85        0.34337         3.3935        175.019        16.4199        12.6694        14.1343       -2169.07     /gpfs/hpu/EHT2020/sc_4/Sa+0.5/m_1_1_160/image_Sa+0.5_1025_163_0_230.e9_6.2e9_4.21002e+28_160_4.dat
        86       0.486684        3.42474        175.515        13.7376        10.6653        11.8618       -1983.76     /gpfs/hpu/EHT2020/sc_4/Sa+0.5/m_1_1_160/image_Sa+0.5_1030_163_0_230.e9_6.2e9_4.21002e+28_160_4.dat
        87       0.726995        3.40634        183.889        10.8347        10.4991        10.5169       -1932.77     /gpfs/hpu/EHT2020/sc_4/Sa+0.5/m_1_1_160/image_Sa+0.5_1035_163_0_230.e9_6.2e9_4.21002e+28_160_4.dat
        88       0.434645        3.29525        139.721        11.7047        5.56742        8.14802       -1466.58     /gpfs/hpu/EHT2020/sc_4/Sa+0.5/m_1_1_160/image_Sa+0.5_1040_163_0_230.e9_6.2e9_4.21002e+28_160_4.dat
        89       0.543714        3.49545         200.86        14.0424        5.24559        8.97755       -1652.29     /gpfs/hpu/EHT2020/sc_4/Sa+0.5/m_1_1_160/image_Sa+0.5_1045_163_0_230.e9_6.2e9_4.21002e+28_160_4.dat
        90       0.297606         3.3837        154.149        8.99325        6.91258        7.72667       -1355.58     /gpfs/hpu/EHT2020/sc_4/Sa+0.5/m_1_1_160/image_Sa+0.5_1050_163_0_230.e9_6.2e9_4.21002e+28_160_4.dat
        91       0.578944        3.49819        186.412        15.9363        6.18131        10.3154       -1831.02     /gpfs/hpu/EHT2020/sc_4/Sa+0.5/m_1_1_160/image_Sa+0.5_1055_163_0_230.e9_6.2e9_4.21002e+28_160_4.dat
        92       0.443953        3.27748        169.474        19.0669        7.36253        12.3233       -2025.82     /gpfs/hpu/EHT2020/sc_4/Sa+0.5/m_1_1_160/image_Sa+0.5_1060_163_0_230.e9_6.2e9_4.21002e+28_160_4.dat
        93       0.346909        3.13697        153.923        18.0727        16.0556        16.7317       -2510.19     /gpfs/hpu/EHT2020/sc_4/Sa+0.5/m_1_1_160/image_Sa+0.5_1065_163_0_230.e9_6.2e9_4.21002e+28_160_4.dat
        94       0.401472        3.11738        154.546        21.5603        7.82873        13.6585       -2167.58     /gpfs/hpu/EHT2020/sc_4/Sa+0.5/m_1_1_160/image_Sa+0.5_1070_163_0_230.e9_6.2e9_4.21002e+28_160_4.dat
        95       0.502887        3.39135        177.315         8.4599        7.59031        7.87368       -1485.62     /gpfs/hpu/EHT2020/sc_4/Sa+0.5/m_1_1_160/image_Sa+0.5_1075_163_0_230.e9_6.2e9_4.21002e+28_160_4.dat
        96       0.347289        3.22823        107.079        7.28276        7.46231        7.29457       -1297.35     /gpfs/hpu/EHT2020/sc_4/Sa+0.5/m_1_1_160/image_Sa+0.5_1080_163_0_230.e9_6.2e9_4.21002e+28_160_4.dat
        97       0.489573        3.10701        175.223        15.2523        8.41491        11.2631       -1916.89     /gpfs/hpu/EHT2020/sc_4/Sa+0.5/m_1_1_160/image_Sa+0.5_1085_163_0_230.e9_6.2e9_4.21002e+28_160_4.dat
        98        0.64386         3.4602        194.506        13.4232        8.64713        10.6032       -1859.04     /gpfs/hpu/EHT2020/sc_4/Sa+0.5/m_1_1_160/image_Sa+0.5_1090_163_0_230.e9_6.2e9_4.21002e+28_160_4.dat
        99       0.416997        3.26509        189.608        14.5496        7.87857        10.6615       -1780.13     /gpfs/hpu/EHT2020/sc_4/Sa+0.5/m_1_1_160/image_Sa+0.5_1095_163_0_230.e9_6.2e9_4.21002e+28_160_4.dat
