   # Index         I (Jy)      M/D (uas)       PA (deg)  VA red. chisq  CP red. chisq     red. chisq     log-liklhd     FileName
         0       0.534872        3.07494        -223.07        4.82031        3.83363        4.21296       -946.082     /gpfs/hpu/EHT2/IHARM/MAD/MAD_a0_384x192x192_IHARM/m_1_1_160/image_a0_0000_163_0_230.e9_6.2e9_3.3191e+25_160.dat
         1       0.611445        3.16463       -222.091        16.1528        33.7693        25.7601       -3670.43     /gpfs/hpu/EHT2/IHARM/MAD/MAD_a0_384x192x192_IHARM/m_1_1_160/image_a0_0001_163_0_230.e9_6.2e9_3.3191e+25_160.dat
         2        0.43118        3.34782       -158.035        1.59282        2.63627        2.15418       -691.685     /gpfs/hpu/EHT2/IHARM/MAD/MAD_a0_384x192x192_IHARM/m_1_1_160/image_a0_0002_163_0_230.e9_6.2e9_3.3191e+25_160.dat
         3       0.586447         3.4603       -221.532        6.18513        5.30513        5.62063       -1122.91     /gpfs/hpu/EHT2/IHARM/MAD/MAD_a0_384x192x192_IHARM/m_1_1_160/image_a0_0003_163_0_230.e9_6.2e9_3.3191e+25_160.dat
         4       0.493756        3.32859        -154.51        4.83075        9.69211        7.47743       -1327.17     /gpfs/hpu/EHT2/IHARM/MAD/MAD_a0_384x192x192_IHARM/m_1_1_160/image_a0_0004_163_0_230.e9_6.2e9_3.3191e+25_160.dat
         5       0.538454        3.12927       -155.006        2.67511        4.07559        3.42205       -917.413     /gpfs/hpu/EHT2/IHARM/MAD/MAD_a0_384x192x192_IHARM/m_1_1_160/image_a0_0005_163_0_230.e9_6.2e9_3.3191e+25_160.dat
         6       0.441029         3.2827        138.503        2.19665        2.83685        2.52632       -702.901     /gpfs/hpu/EHT2/IHARM/MAD/MAD_a0_384x192x192_IHARM/m_1_1_160/image_a0_0006_163_0_230.e9_6.2e9_3.3191e+25_160.dat
         7       0.448966        3.08759        154.382        7.19694        15.5891        11.7797       -1871.05     /gpfs/hpu/EHT2/IHARM/MAD/MAD_a0_384x192x192_IHARM/m_1_1_160/image_a0_0007_163_0_230.e9_6.2e9_3.3191e+25_160.dat
         8       0.418808         2.9441        187.656        3.12088        3.96635        3.55359       -832.253     /gpfs/hpu/EHT2/IHARM/MAD/MAD_a0_384x192x192_IHARM/m_1_1_160/image_a0_0008_163_0_230.e9_6.2e9_3.3191e+25_160.dat
         9       0.600131        3.08797        172.059        3.61097        5.12815        4.41153       -983.775     /gpfs/hpu/EHT2/IHARM/MAD/MAD_a0_384x192x192_IHARM/m_1_1_160/image_a0_0009_163_0_230.e9_6.2e9_3.3191e+25_160.dat
        10       0.495394        2.95995        191.871        4.66261        10.3147         7.7513       -1386.28     /gpfs/hpu/EHT2/IHARM/MAD/MAD_a0_384x192x192_IHARM/m_1_1_160/image_a0_0010_163_0_230.e9_6.2e9_3.3191e+25_160.dat
        11       0.619088        3.21288        258.556        7.39514        16.1247        12.1633       -1983.94     /gpfs/hpu/EHT2/IHARM/MAD/MAD_a0_384x192x192_IHARM/m_1_1_160/image_a0_0011_163_0_230.e9_6.2e9_3.3191e+25_160.dat
        12       0.610564        3.58171        173.679        9.90121        20.7717        15.8304       -2661.62     /gpfs/hpu/EHT2/IHARM/MAD/MAD_a0_384x192x192_IHARM/m_1_1_160/image_a0_0012_163_0_230.e9_6.2e9_3.3191e+25_160.dat
        13       0.551736        3.22135        249.674         5.9494        34.0762        21.5287       -3234.24     /gpfs/hpu/EHT2/IHARM/MAD/MAD_a0_384x192x192_IHARM/m_1_1_160/image_a0_0013_163_0_230.e9_6.2e9_3.3191e+25_160.dat
        14       0.982873        2.97927        203.851        8.96934        12.8706        11.0317       -1972.71     /gpfs/hpu/EHT2/IHARM/MAD/MAD_a0_384x192x192_IHARM/m_1_1_160/image_a0_0014_163_0_230.e9_6.2e9_3.3191e+25_160.dat
        15       0.924415        2.74489        163.749        4.78231        9.05839        7.10389       -1488.78     /gpfs/hpu/EHT2/IHARM/MAD/MAD_a0_384x192x192_IHARM/m_1_1_160/image_a0_0015_163_0_230.e9_6.2e9_3.3191e+25_160.dat
        16       0.965562        2.86473        154.673        6.39044         16.928        12.1768       -2213.36     /gpfs/hpu/EHT2/IHARM/MAD/MAD_a0_384x192x192_IHARM/m_1_1_160/image_a0_0016_163_0_230.e9_6.2e9_3.3191e+25_160.dat
        17         1.0001        3.39746        162.003        9.24282        32.3323        21.9792       -3442.95     /gpfs/hpu/EHT2/IHARM/MAD/MAD_a0_384x192x192_IHARM/m_1_1_160/image_a0_0017_163_0_230.e9_6.2e9_3.3191e+25_160.dat
        18       0.903571        3.32755        131.863        8.49717        10.3996        9.45297       -1708.35     /gpfs/hpu/EHT2/IHARM/MAD/MAD_a0_384x192x192_IHARM/m_1_1_160/image_a0_0018_163_0_230.e9_6.2e9_3.3191e+25_160.dat
        19       0.858735        3.33565         40.001        5.70791        39.0726        24.2047       -3636.22     /gpfs/hpu/EHT2/IHARM/MAD/MAD_a0_384x192x192_IHARM/m_1_1_160/image_a0_0019_163_0_230.e9_6.2e9_3.3191e+25_160.dat
        20       0.601515        3.13315       -40.9909         19.032        40.8086        30.9194       -5764.77     /gpfs/hpu/EHT2/IHARM/MAD/MAD_a0_384x192x192_IHARM/m_1_1_160/image_a0_0020_163_0_230.e9_6.2e9_3.3191e+25_160.dat
        21       0.550729        4.67714        57.1152        59.9132        160.867        115.364         -15599     /gpfs/hpu/EHT2/IHARM/MAD/MAD_a0_384x192x192_IHARM/m_1_1_160/image_a0_0021_163_0_230.e9_6.2e9_3.3191e+25_160.dat
        22       0.779898        3.24316         208.77        11.3795        22.6237        17.4987       -3172.68     /gpfs/hpu/EHT2/IHARM/MAD/MAD_a0_384x192x192_IHARM/m_1_1_160/image_a0_0022_163_0_230.e9_6.2e9_3.3191e+25_160.dat
        23       0.688733        3.44088         190.34        11.8057        12.2681        11.9202       -2042.26     /gpfs/hpu/EHT2/IHARM/MAD/MAD_a0_384x192x192_IHARM/m_1_1_160/image_a0_0023_163_0_230.e9_6.2e9_3.3191e+25_160.dat
        24       0.523954        3.49369        167.926        9.76586        21.5599        16.2105       -2422.01     /gpfs/hpu/EHT2/IHARM/MAD/MAD_a0_384x192x192_IHARM/m_1_1_160/image_a0_0024_163_0_230.e9_6.2e9_3.3191e+25_160.dat
        25       0.446358        3.40439        157.185        2.91281        4.04185        3.50583        -817.92     /gpfs/hpu/EHT2/IHARM/MAD/MAD_a0_384x192x192_IHARM/m_1_1_160/image_a0_0025_163_0_230.e9_6.2e9_3.3191e+25_160.dat
        26       0.491659        3.43535        172.398        24.1507        29.0237        26.5701       -3741.46     /gpfs/hpu/EHT2/IHARM/MAD/MAD_a0_384x192x192_IHARM/m_1_1_160/image_a0_0026_163_0_230.e9_6.2e9_3.3191e+25_160.dat
        27       0.763508        3.31916        154.982        49.8459        20.9362        33.1561        -4953.4     /gpfs/hpu/EHT2/IHARM/MAD/MAD_a0_384x192x192_IHARM/m_1_1_160/image_a0_0027_163_0_230.e9_6.2e9_3.3191e+25_160.dat
        28       0.427846        3.39788        150.069         4.4318        20.7259        13.4451       -2133.27     /gpfs/hpu/EHT2/IHARM/MAD/MAD_a0_384x192x192_IHARM/m_1_1_160/image_a0_0028_163_0_230.e9_6.2e9_3.3191e+25_160.dat
        29       0.526337        3.55205         135.92        5.66132        39.9179         24.655       -3514.56     /gpfs/hpu/EHT2/IHARM/MAD/MAD_a0_384x192x192_IHARM/m_1_1_160/image_a0_0029_163_0_230.e9_6.2e9_3.3191e+25_160.dat
        30       0.596108        3.27293        352.202        13.2123        41.6542         28.879       -4337.43     /gpfs/hpu/EHT2/IHARM/MAD/MAD_a0_384x192x192_IHARM/m_1_1_160/image_a0_0030_163_0_230.e9_6.2e9_3.3191e+25_160.dat
        31        1.28905        4.55572        214.286        34.3588        27.2031        29.9614          -4202     /gpfs/hpu/EHT2/IHARM/MAD/MAD_a0_384x192x192_IHARM/m_1_1_160/image_a0_0031_163_0_230.e9_6.2e9_3.3191e+25_160.dat
        32       0.543969        3.20592        202.953        2.79804        11.2154        7.44804       -1376.47     /gpfs/hpu/EHT2/IHARM/MAD/MAD_a0_384x192x192_IHARM/m_1_1_160/image_a0_0032_163_0_230.e9_6.2e9_3.3191e+25_160.dat
        33       0.718603        3.15926        164.875        5.82134        15.0389        10.8801       -1881.48     /gpfs/hpu/EHT2/IHARM/MAD/MAD_a0_384x192x192_IHARM/m_1_1_160/image_a0_0033_163_0_230.e9_6.2e9_3.3191e+25_160.dat
        34       0.710635        3.25864        155.522        4.93064        51.7001        30.8959       -4435.32     /gpfs/hpu/EHT2/IHARM/MAD/MAD_a0_384x192x192_IHARM/m_1_1_160/image_a0_0034_163_0_230.e9_6.2e9_3.3191e+25_160.dat
        35        0.47756        3.50212        217.672        3.20163         11.942        8.02651       -1423.14     /gpfs/hpu/EHT2/IHARM/MAD/MAD_a0_384x192x192_IHARM/m_1_1_160/image_a0_0035_163_0_230.e9_6.2e9_3.3191e+25_160.dat
        36       0.514256        3.54602        228.234         5.1299        10.7635        8.20267       -1440.72     /gpfs/hpu/EHT2/IHARM/MAD/MAD_a0_384x192x192_IHARM/m_1_1_160/image_a0_0036_163_0_230.e9_6.2e9_3.3191e+25_160.dat
        37       0.754978        3.63623        233.134        3.83658        8.86571        6.58864       -1380.64     /gpfs/hpu/EHT2/IHARM/MAD/MAD_a0_384x192x192_IHARM/m_1_1_160/image_a0_0037_163_0_230.e9_6.2e9_3.3191e+25_160.dat
        38       0.563423        3.28545        217.859        3.86657         4.8172        4.34878       -1001.23     /gpfs/hpu/EHT2/IHARM/MAD/MAD_a0_384x192x192_IHARM/m_1_1_160/image_a0_0038_163_0_230.e9_6.2e9_3.3191e+25_160.dat
        39       0.622358        3.24688        173.107        7.91505        9.22264        8.54691       -1562.14     /gpfs/hpu/EHT2/IHARM/MAD/MAD_a0_384x192x192_IHARM/m_1_1_160/image_a0_0039_163_0_230.e9_6.2e9_3.3191e+25_160.dat
        40        1.25526        3.15699        173.341         9.3109        7.46624         8.1718       -1708.13     /gpfs/hpu/EHT2/IHARM/MAD/MAD_a0_384x192x192_IHARM/m_1_1_160/image_a0_0040_163_0_230.e9_6.2e9_3.3191e+25_160.dat
        41       0.710694        3.30516        210.096        12.8747        5.42809         8.5753       -1583.64     /gpfs/hpu/EHT2/IHARM/MAD/MAD_a0_384x192x192_IHARM/m_1_1_160/image_a0_0041_163_0_230.e9_6.2e9_3.3191e+25_160.dat
        42       0.477045        3.00658        194.339        10.7289        8.71255        9.47712       -1650.72     /gpfs/hpu/EHT2/IHARM/MAD/MAD_a0_384x192x192_IHARM/m_1_1_160/image_a0_0042_163_0_230.e9_6.2e9_3.3191e+25_160.dat
        43       0.569931        3.30743        184.847        6.10807        8.23388        7.21709       -1356.67     /gpfs/hpu/EHT2/IHARM/MAD/MAD_a0_384x192x192_IHARM/m_1_1_160/image_a0_0043_163_0_230.e9_6.2e9_3.3191e+25_160.dat
        44       0.741761        3.33691         142.72        4.83981        4.74433        4.72813       -1108.12     /gpfs/hpu/EHT2/IHARM/MAD/MAD_a0_384x192x192_IHARM/m_1_1_160/image_a0_0044_163_0_230.e9_6.2e9_3.3191e+25_160.dat
        45       0.451815        3.45677        143.164        7.01184        4.30068        5.41839       -1043.62     /gpfs/hpu/EHT2/IHARM/MAD/MAD_a0_384x192x192_IHARM/m_1_1_160/image_a0_0045_163_0_230.e9_6.2e9_3.3191e+25_160.dat
        46       0.519769        3.27391        167.045        7.02665          5.981         6.3598       -1207.66     /gpfs/hpu/EHT2/IHARM/MAD/MAD_a0_384x192x192_IHARM/m_1_1_160/image_a0_0046_163_0_230.e9_6.2e9_3.3191e+25_160.dat
        47         0.6662        3.41223        144.029         19.843        22.7865        21.2409       -3155.34     /gpfs/hpu/EHT2/IHARM/MAD/MAD_a0_384x192x192_IHARM/m_1_1_160/image_a0_0047_163_0_230.e9_6.2e9_3.3191e+25_160.dat
        48        1.02748        3.42531        115.305        11.4262        16.3925        14.0515       -2442.26     /gpfs/hpu/EHT2/IHARM/MAD/MAD_a0_384x192x192_IHARM/m_1_1_160/image_a0_0048_163_0_230.e9_6.2e9_3.3191e+25_160.dat
        49       0.510338        3.06838        170.373        5.97178        5.01661        5.36803       -1102.91     /gpfs/hpu/EHT2/IHARM/MAD/MAD_a0_384x192x192_IHARM/m_1_1_160/image_a0_0049_163_0_230.e9_6.2e9_3.3191e+25_160.dat
        50       0.623716        3.22859        187.339        5.92623        11.7653        9.10371       -1678.34     /gpfs/hpu/EHT2/IHARM/MAD/MAD_a0_384x192x192_IHARM/m_1_1_160/image_a0_0050_163_0_230.e9_6.2e9_3.3191e+25_160.dat
        51       0.467304        3.23116        157.424        2.65926        4.48661        3.64392       -902.726     /gpfs/hpu/EHT2/IHARM/MAD/MAD_a0_384x192x192_IHARM/m_1_1_160/image_a0_0051_163_0_230.e9_6.2e9_3.3191e+25_160.dat
        52        1.07114        3.41992        174.442        3.70026         23.931        14.9129       -2586.78     /gpfs/hpu/EHT2/IHARM/MAD/MAD_a0_384x192x192_IHARM/m_1_1_160/image_a0_0052_163_0_230.e9_6.2e9_3.3191e+25_160.dat
        53       0.524904        3.25054        169.933        8.30382        6.49823        7.19865       -1275.12     /gpfs/hpu/EHT2/IHARM/MAD/MAD_a0_384x192x192_IHARM/m_1_1_160/image_a0_0053_163_0_230.e9_6.2e9_3.3191e+25_160.dat
        54       0.512954        3.20227         136.33        5.74925        4.32874        4.88926       -1089.79     /gpfs/hpu/EHT2/IHARM/MAD/MAD_a0_384x192x192_IHARM/m_1_1_160/image_a0_0054_163_0_230.e9_6.2e9_3.3191e+25_160.dat
        55       0.578269        3.33629        84.5988        11.2346        32.9083         23.159       -3417.32     /gpfs/hpu/EHT2/IHARM/MAD/MAD_a0_384x192x192_IHARM/m_1_1_160/image_a0_0055_163_0_230.e9_6.2e9_3.3191e+25_160.dat
        56        0.54708         3.5444        228.263        11.3387        17.2808         14.508       -2267.62     /gpfs/hpu/EHT2/IHARM/MAD/MAD_a0_384x192x192_IHARM/m_1_1_160/image_a0_0056_163_0_230.e9_6.2e9_3.3191e+25_160.dat
        57       0.651551        3.13998        142.817        6.20663        11.7335        9.20698       -1601.92     /gpfs/hpu/EHT2/IHARM/MAD/MAD_a0_384x192x192_IHARM/m_1_1_160/image_a0_0057_163_0_230.e9_6.2e9_3.3191e+25_160.dat
        58       0.564411        3.17068        130.782        6.56031        8.59777         7.6147        -1356.5     /gpfs/hpu/EHT2/IHARM/MAD/MAD_a0_384x192x192_IHARM/m_1_1_160/image_a0_0058_163_0_230.e9_6.2e9_3.3191e+25_160.dat
        59        0.87341        2.92711        166.786        3.15999        9.95372        6.90214       -1383.37     /gpfs/hpu/EHT2/IHARM/MAD/MAD_a0_384x192x192_IHARM/m_1_1_160/image_a0_0059_163_0_230.e9_6.2e9_3.3191e+25_160.dat
        60       0.514298        3.34579        160.357        2.41983         11.924        7.67915       -1442.34     /gpfs/hpu/EHT2/IHARM/MAD/MAD_a0_384x192x192_IHARM/m_1_1_160/image_a0_0060_163_0_230.e9_6.2e9_3.3191e+25_160.dat
        61       0.565268        3.17616        152.171        4.53465        8.69263        6.79351       -1313.19     /gpfs/hpu/EHT2/IHARM/MAD/MAD_a0_384x192x192_IHARM/m_1_1_160/image_a0_0061_163_0_230.e9_6.2e9_3.3191e+25_160.dat
        62       0.591102        3.27892        256.961        10.0227        79.0111        48.2902       -6551.95     /gpfs/hpu/EHT2/IHARM/MAD/MAD_a0_384x192x192_IHARM/m_1_1_160/image_a0_0062_163_0_230.e9_6.2e9_3.3191e+25_160.dat
        63       0.518351        3.20882        270.803        6.04335        35.6054        22.4201       -3389.45     /gpfs/hpu/EHT2/IHARM/MAD/MAD_a0_384x192x192_IHARM/m_1_1_160/image_a0_0063_163_0_230.e9_6.2e9_3.3191e+25_160.dat
        64       0.741554        3.33931        249.091        7.45486        18.8935        13.7297       -4092.41     /gpfs/hpu/EHT2/IHARM/MAD/MAD_a0_384x192x192_IHARM/m_1_1_160/image_a0_0064_163_0_230.e9_6.2e9_3.3191e+25_160.dat
        65       0.505304        3.13591        216.057        7.12695        13.1855         10.412       -1722.28     /gpfs/hpu/EHT2/IHARM/MAD/MAD_a0_384x192x192_IHARM/m_1_1_160/image_a0_0065_163_0_230.e9_6.2e9_3.3191e+25_160.dat
        66       0.610962        3.41742        243.617        9.35569        15.6587        12.7498       -2142.04     /gpfs/hpu/EHT2/IHARM/MAD/MAD_a0_384x192x192_IHARM/m_1_1_160/image_a0_0066_163_0_230.e9_6.2e9_3.3191e+25_160.dat
        67       0.643796        3.12204         195.06        10.8486        21.9971         16.921       -2574.78     /gpfs/hpu/EHT2/IHARM/MAD/MAD_a0_384x192x192_IHARM/m_1_1_160/image_a0_0067_163_0_230.e9_6.2e9_3.3191e+25_160.dat
        68       0.734148        2.93826        168.964        7.07271        15.8168        11.8528       -2004.06     /gpfs/hpu/EHT2/IHARM/MAD/MAD_a0_384x192x192_IHARM/m_1_1_160/image_a0_0068_163_0_230.e9_6.2e9_3.3191e+25_160.dat
        69       0.684139        2.95457        161.061        8.09977        21.3887        15.3964          -2456     /gpfs/hpu/EHT2/IHARM/MAD/MAD_a0_384x192x192_IHARM/m_1_1_160/image_a0_0069_163_0_230.e9_6.2e9_3.3191e+25_160.dat
        70        0.54042        3.16106        160.936        1.95374        6.67137        4.55524       -966.569     /gpfs/hpu/EHT2/IHARM/MAD/MAD_a0_384x192x192_IHARM/m_1_1_160/image_a0_0070_163_0_230.e9_6.2e9_3.3191e+25_160.dat
        71       0.631073        3.03712        163.431        3.57859        7.70404        5.83091       -1150.88     /gpfs/hpu/EHT2/IHARM/MAD/MAD_a0_384x192x192_IHARM/m_1_1_160/image_a0_0071_163_0_230.e9_6.2e9_3.3191e+25_160.dat
        72       0.659878        3.14051        154.473        2.73268        13.6674        8.78428       -1661.91     /gpfs/hpu/EHT2/IHARM/MAD/MAD_a0_384x192x192_IHARM/m_1_1_160/image_a0_0072_163_0_230.e9_6.2e9_3.3191e+25_160.dat
        73       0.517526        3.23004        173.968        7.10842        4.30066        5.46005       -1089.03     /gpfs/hpu/EHT2/IHARM/MAD/MAD_a0_384x192x192_IHARM/m_1_1_160/image_a0_0073_163_0_230.e9_6.2e9_3.3191e+25_160.dat
        74       0.548836        3.25674        170.631        3.69887        4.18134         3.9226       -921.394     /gpfs/hpu/EHT2/IHARM/MAD/MAD_a0_384x192x192_IHARM/m_1_1_160/image_a0_0074_163_0_230.e9_6.2e9_3.3191e+25_160.dat
        75       0.584418        3.25019        189.799        3.70838        7.80087        5.94079       -1217.39     /gpfs/hpu/EHT2/IHARM/MAD/MAD_a0_384x192x192_IHARM/m_1_1_160/image_a0_0075_163_0_230.e9_6.2e9_3.3191e+25_160.dat
        76       0.728723        2.92987        151.631        5.41978        21.4866        14.2946       -2306.18     /gpfs/hpu/EHT2/IHARM/MAD/MAD_a0_384x192x192_IHARM/m_1_1_160/image_a0_0076_163_0_230.e9_6.2e9_3.3191e+25_160.dat
        77        0.58028        3.22555        147.087        2.59198         5.2525        4.04107       -910.263     /gpfs/hpu/EHT2/IHARM/MAD/MAD_a0_384x192x192_IHARM/m_1_1_160/image_a0_0077_163_0_230.e9_6.2e9_3.3191e+25_160.dat
        78       0.482653        3.50938        154.312        10.7336        5.11652        7.47814       -1314.18     /gpfs/hpu/EHT2/IHARM/MAD/MAD_a0_384x192x192_IHARM/m_1_1_160/image_a0_0078_163_0_230.e9_6.2e9_3.3191e+25_160.dat
        79       0.601377        3.53204        111.386        11.1823        26.0561        19.3235       -2827.53     /gpfs/hpu/EHT2/IHARM/MAD/MAD_a0_384x192x192_IHARM/m_1_1_160/image_a0_0079_163_0_230.e9_6.2e9_3.3191e+25_160.dat
        80       0.601815        3.34924        118.084        10.0307        10.0526        9.92152       -1703.61     /gpfs/hpu/EHT2/IHARM/MAD/MAD_a0_384x192x192_IHARM/m_1_1_160/image_a0_0080_163_0_230.e9_6.2e9_3.3191e+25_160.dat
        81       0.698452        3.53371        163.366        3.69621         4.7283        4.22581       -1056.63     /gpfs/hpu/EHT2/IHARM/MAD/MAD_a0_384x192x192_IHARM/m_1_1_160/image_a0_0081_163_0_230.e9_6.2e9_3.3191e+25_160.dat
        82       0.392499        3.28086        172.385        4.02799        5.88792        5.01422       -1025.98     /gpfs/hpu/EHT2/IHARM/MAD/MAD_a0_384x192x192_IHARM/m_1_1_160/image_a0_0082_163_0_230.e9_6.2e9_3.3191e+25_160.dat
        83       0.458962        3.30577        157.191        2.50259        5.32876        4.04494       -911.479     /gpfs/hpu/EHT2/IHARM/MAD/MAD_a0_384x192x192_IHARM/m_1_1_160/image_a0_0083_163_0_230.e9_6.2e9_3.3191e+25_160.dat
        84       0.611907        3.34522         149.48        2.15418        9.06631        5.97439       -1256.09     /gpfs/hpu/EHT2/IHARM/MAD/MAD_a0_384x192x192_IHARM/m_1_1_160/image_a0_0084_163_0_230.e9_6.2e9_3.3191e+25_160.dat
        85       0.707927        3.03612         81.523        10.4412         13.131        11.8116       -2021.78     /gpfs/hpu/EHT2/IHARM/MAD/MAD_a0_384x192x192_IHARM/m_1_1_160/image_a0_0085_163_0_230.e9_6.2e9_3.3191e+25_160.dat
        86       0.682065        3.57859       -77.2731        13.8676        58.2965        38.4224       -6691.82     /gpfs/hpu/EHT2/IHARM/MAD/MAD_a0_384x192x192_IHARM/m_1_1_160/image_a0_0086_163_0_230.e9_6.2e9_3.3191e+25_160.dat
        87       0.637555        3.97063       -244.269        12.1056        29.2488        21.4985       -3123.54     /gpfs/hpu/EHT2/IHARM/MAD/MAD_a0_384x192x192_IHARM/m_1_1_160/image_a0_0087_163_0_230.e9_6.2e9_3.3191e+25_160.dat
        88       0.759408        3.73116       -326.628        11.8844        116.007        69.6799       -9730.16     /gpfs/hpu/EHT2/IHARM/MAD/MAD_a0_384x192x192_IHARM/m_1_1_160/image_a0_0088_163_0_230.e9_6.2e9_3.3191e+25_160.dat
        89       0.862676        2.92356       -199.563        12.0618        26.0142        19.6797       -3367.28     /gpfs/hpu/EHT2/IHARM/MAD/MAD_a0_384x192x192_IHARM/m_1_1_160/image_a0_0089_163_0_230.e9_6.2e9_3.3191e+25_160.dat
        90       0.488182        3.27525       -282.106        4.73692        12.9531        9.25152       -1569.47     /gpfs/hpu/EHT2/IHARM/MAD/MAD_a0_384x192x192_IHARM/m_1_1_160/image_a0_0090_163_0_230.e9_6.2e9_3.3191e+25_160.dat
        91       0.616524        3.23637       -313.239        9.36225        24.0461        17.4198       -2627.19     /gpfs/hpu/EHT2/IHARM/MAD/MAD_a0_384x192x192_IHARM/m_1_1_160/image_a0_0091_163_0_230.e9_6.2e9_3.3191e+25_160.dat
        92       0.651677        3.00269       -263.291         10.506        35.1758        24.1065       -3899.33     /gpfs/hpu/EHT2/IHARM/MAD/MAD_a0_384x192x192_IHARM/m_1_1_160/image_a0_0092_163_0_230.e9_6.2e9_3.3191e+25_160.dat
        93        1.11485        3.04736       -210.922        8.94603        13.5683        11.4099       -2000.16     /gpfs/hpu/EHT2/IHARM/MAD/MAD_a0_384x192x192_IHARM/m_1_1_160/image_a0_0093_163_0_230.e9_6.2e9_3.3191e+25_160.dat
        94       0.721473        3.73763       -125.819         4.0898          48.65        28.8359       -4046.23     /gpfs/hpu/EHT2/IHARM/MAD/MAD_a0_384x192x192_IHARM/m_1_1_160/image_a0_0094_163_0_230.e9_6.2e9_3.3191e+25_160.dat
        95       0.502382        3.73474       -127.003        6.91253        26.8629        17.9303       -2632.42     /gpfs/hpu/EHT2/IHARM/MAD/MAD_a0_384x192x192_IHARM/m_1_1_160/image_a0_0095_163_0_230.e9_6.2e9_3.3191e+25_160.dat
        96       0.750564        3.40695       -146.264        15.2466        11.2346        12.8297       -2111.62     /gpfs/hpu/EHT2/IHARM/MAD/MAD_a0_384x192x192_IHARM/m_1_1_160/image_a0_0096_163_0_230.e9_6.2e9_3.3191e+25_160.dat
        97       0.394797        3.32321       -161.908        6.07768        5.78658        5.84218       -1104.66     /gpfs/hpu/EHT2/IHARM/MAD/MAD_a0_384x192x192_IHARM/m_1_1_160/image_a0_0097_163_0_230.e9_6.2e9_3.3191e+25_160.dat
        98       0.445206        3.18303       -82.3456        8.28005        10.5479        9.44181       -1638.85     /gpfs/hpu/EHT2/IHARM/MAD/MAD_a0_384x192x192_IHARM/m_1_1_160/image_a0_0098_163_0_230.e9_6.2e9_3.3191e+25_160.dat
        99       0.525435        3.72663       -153.187        9.33744        35.6454        23.8636       -3407.63     /gpfs/hpu/EHT2/IHARM/MAD/MAD_a0_384x192x192_IHARM/m_1_1_160/image_a0_0099_163_0_230.e9_6.2e9_3.3191e+25_160.dat
