   # Index         I (Jy)      M/D (uas)       PA (deg)  VA red. chisq  CP red. chisq     red. chisq     log-liklhd     FileName
         0       0.504708        1.98817        116.618        22.8419        18.0054        19.8743       -2900.66     /gpfs/hpu/EHT2/IHARM/SANE/SANE_a-0.5_288x128x128_IHARM/m_1_1_1/image_a-0.5_1000_17_0_230.e9_6.2e9_1.21342e+28_1.dat
         1       0.535916        1.84162        173.769          33.45        16.2509        23.4749       -3468.83     /gpfs/hpu/EHT2/IHARM/SANE/SANE_a-0.5_288x128x128_IHARM/m_1_1_1/image_a-0.5_1006_17_0_230.e9_6.2e9_1.21342e+28_1.dat
         2       0.641065        1.99806        199.323        26.6076        11.3419        17.7911       -2814.11     /gpfs/hpu/EHT2/IHARM/SANE/SANE_a-0.5_288x128x128_IHARM/m_1_1_1/image_a-0.5_1012_17_0_230.e9_6.2e9_1.21342e+28_1.dat
         3       0.894542        2.04518        209.835         41.058        16.2071         26.733       -4050.95     /gpfs/hpu/EHT2/IHARM/SANE/SANE_a-0.5_288x128x128_IHARM/m_1_1_1/image_a-0.5_1018_17_0_230.e9_6.2e9_1.21342e+28_1.dat
         4       0.751919        1.99448        208.777        28.2603         50.303        40.1841       -5884.75     /gpfs/hpu/EHT2/IHARM/SANE/SANE_a-0.5_288x128x128_IHARM/m_1_1_1/image_a-0.5_1024_17_0_230.e9_6.2e9_1.21342e+28_1.dat
         5       0.602636        1.73597        137.867        93.5039        41.4068        63.3833       -9459.82     /gpfs/hpu/EHT2/IHARM/SANE/SANE_a-0.5_288x128x128_IHARM/m_1_1_1/image_a-0.5_1030_17_0_230.e9_6.2e9_1.21342e+28_1.dat
         6       0.701091         1.6956        197.366        19.1654         10.746        14.2486       -2320.95     /gpfs/hpu/EHT2/IHARM/SANE/SANE_a-0.5_288x128x128_IHARM/m_1_1_1/image_a-0.5_1036_17_0_230.e9_6.2e9_1.21342e+28_1.dat
         7        1.71711        4.29769        131.689        7.38165        24.1063        16.5988       -2569.94     /gpfs/hpu/EHT2/IHARM/SANE/SANE_a-0.5_288x128x128_IHARM/m_1_1_1/image_a-0.5_1042_17_0_230.e9_6.2e9_1.21342e+28_1.dat
         8       0.964913        2.01743        202.986        21.5044        9.65466        14.6504       -2420.18     /gpfs/hpu/EHT2/IHARM/SANE/SANE_a-0.5_288x128x128_IHARM/m_1_1_1/image_a-0.5_1048_17_0_230.e9_6.2e9_1.21342e+28_1.dat
         9       0.718615         1.9446        205.022        19.5367        23.2778        21.3821       -3182.89     /gpfs/hpu/EHT2/IHARM/SANE/SANE_a-0.5_288x128x128_IHARM/m_1_1_1/image_a-0.5_1054_17_0_230.e9_6.2e9_1.21342e+28_1.dat
        10       0.457269        1.93711        93.4124        6.33549        9.49065        8.01455       -1434.13     /gpfs/hpu/EHT2/IHARM/SANE/SANE_a-0.5_288x128x128_IHARM/m_1_1_1/image_a-0.5_1060_17_0_230.e9_6.2e9_1.21342e+28_1.dat
        11       0.428601        1.78736        138.775        21.4077        20.2043        20.4791       -3010.39     /gpfs/hpu/EHT2/IHARM/SANE/SANE_a-0.5_288x128x128_IHARM/m_1_1_1/image_a-0.5_1066_17_0_230.e9_6.2e9_1.21342e+28_1.dat
        12       0.674063        1.99493        74.0772         7.7647        11.0427        9.49481       -1599.66     /gpfs/hpu/EHT2/IHARM/SANE/SANE_a-0.5_288x128x128_IHARM/m_1_1_1/image_a-0.5_1072_17_0_230.e9_6.2e9_1.21342e+28_1.dat
        13       0.561309        1.95415        81.8506        12.1055        17.5299        14.9775       -2326.69     /gpfs/hpu/EHT2/IHARM/SANE/SANE_a-0.5_288x128x128_IHARM/m_1_1_1/image_a-0.5_1078_17_0_230.e9_6.2e9_1.21342e+28_1.dat
        14        0.84019        2.09517        84.7682        34.4182         33.057        33.2444       -4861.29     /gpfs/hpu/EHT2/IHARM/SANE/SANE_a-0.5_288x128x128_IHARM/m_1_1_1/image_a-0.5_1084_17_0_230.e9_6.2e9_1.21342e+28_1.dat
        15       0.404832        1.99005        58.6687         15.469        31.3321        24.1089       -3391.13     /gpfs/hpu/EHT2/IHARM/SANE/SANE_a-0.5_288x128x128_IHARM/m_1_1_1/image_a-0.5_1090_17_0_230.e9_6.2e9_1.21342e+28_1.dat
        16       0.627961        2.01949       -169.415        17.9413        17.0126        17.2075       -2753.06     /gpfs/hpu/EHT2/IHARM/SANE/SANE_a-0.5_288x128x128_IHARM/m_1_1_1/image_a-0.5_1096_17_0_230.e9_6.2e9_1.21342e+28_1.dat
        17       0.762205        1.90192       -183.719        44.8863        16.0754        28.3114       -4222.82     /gpfs/hpu/EHT2/IHARM/SANE/SANE_a-0.5_288x128x128_IHARM/m_1_1_1/image_a-0.5_1102_17_0_230.e9_6.2e9_1.21342e+28_1.dat
        18         0.8479        1.99904       -166.983        17.1654        18.3273        17.6043       -2755.25     /gpfs/hpu/EHT2/IHARM/SANE/SANE_a-0.5_288x128x128_IHARM/m_1_1_1/image_a-0.5_1108_17_0_230.e9_6.2e9_1.21342e+28_1.dat
        19        0.38081        1.85897       -177.813        34.4812        9.18037        19.9854       -2879.53     /gpfs/hpu/EHT2/IHARM/SANE/SANE_a-0.5_288x128x128_IHARM/m_1_1_1/image_a-0.5_1114_17_0_230.e9_6.2e9_1.21342e+28_1.dat
        20        0.51754        2.16315       -258.137        8.60371        12.2594        10.5338       -1724.24     /gpfs/hpu/EHT2/IHARM/SANE/SANE_a-0.5_288x128x128_IHARM/m_1_1_1/image_a-0.5_1120_17_0_230.e9_6.2e9_1.21342e+28_1.dat
        21       0.824035        1.89377       -281.911        14.8599        20.7191        17.9405        -2808.6     /gpfs/hpu/EHT2/IHARM/SANE/SANE_a-0.5_288x128x128_IHARM/m_1_1_1/image_a-0.5_1126_17_0_230.e9_6.2e9_1.21342e+28_1.dat
        22       0.888611        2.33885       -189.188        42.6158        21.2079        30.1878       -4431.38     /gpfs/hpu/EHT2/IHARM/SANE/SANE_a-0.5_288x128x128_IHARM/m_1_1_1/image_a-0.5_1132_17_0_230.e9_6.2e9_1.21342e+28_1.dat
        23       0.480376        2.02663       -185.496        32.1084        15.2918        22.3624       -3224.68     /gpfs/hpu/EHT2/IHARM/SANE/SANE_a-0.5_288x128x128_IHARM/m_1_1_1/image_a-0.5_1138_17_0_230.e9_6.2e9_1.21342e+28_1.dat
        24       0.837602        2.21901       -185.982         21.753        13.8321        17.0822       -2794.32     /gpfs/hpu/EHT2/IHARM/SANE/SANE_a-0.5_288x128x128_IHARM/m_1_1_1/image_a-0.5_1144_17_0_230.e9_6.2e9_1.21342e+28_1.dat
        25        0.83744        2.07757       -177.759         27.161        10.6504        17.6451       -2829.15     /gpfs/hpu/EHT2/IHARM/SANE/SANE_a-0.5_288x128x128_IHARM/m_1_1_1/image_a-0.5_1150_17_0_230.e9_6.2e9_1.21342e+28_1.dat
        26        0.80539        2.33343       -154.484        39.7693         41.532        40.2691       -5674.63     /gpfs/hpu/EHT2/IHARM/SANE/SANE_a-0.5_288x128x128_IHARM/m_1_1_1/image_a-0.5_1156_17_0_230.e9_6.2e9_1.21342e+28_1.dat
        27       0.620434        2.20043       -273.059        12.9875        56.9421         37.289       -5059.29     /gpfs/hpu/EHT2/IHARM/SANE/SANE_a-0.5_288x128x128_IHARM/m_1_1_1/image_a-0.5_1162_17_0_230.e9_6.2e9_1.21342e+28_1.dat
        28       0.465232        1.99307       -203.905         28.086        9.56837        17.4421       -2598.51     /gpfs/hpu/EHT2/IHARM/SANE/SANE_a-0.5_288x128x128_IHARM/m_1_1_1/image_a-0.5_1168_17_0_230.e9_6.2e9_1.21342e+28_1.dat
        29       0.529534          2.006       -188.162        24.3576        14.7332        18.7075       -2771.89     /gpfs/hpu/EHT2/IHARM/SANE/SANE_a-0.5_288x128x128_IHARM/m_1_1_1/image_a-0.5_1174_17_0_230.e9_6.2e9_1.21342e+28_1.dat
        30       0.735308        2.10585       -279.082        8.10006           21.6        15.5142       -2360.87     /gpfs/hpu/EHT2/IHARM/SANE/SANE_a-0.5_288x128x128_IHARM/m_1_1_1/image_a-0.5_1180_17_0_230.e9_6.2e9_1.21342e+28_1.dat
        31       0.591707        1.91948       -254.254        10.2599        6.00943        7.77059       -1380.81     /gpfs/hpu/EHT2/IHARM/SANE/SANE_a-0.5_288x128x128_IHARM/m_1_1_1/image_a-0.5_1186_17_0_230.e9_6.2e9_1.21342e+28_1.dat
        32       0.635697        1.81159       -269.592        10.4606        12.3049        11.3603       -1907.29     /gpfs/hpu/EHT2/IHARM/SANE/SANE_a-0.5_288x128x128_IHARM/m_1_1_1/image_a-0.5_1192_17_0_230.e9_6.2e9_1.21342e+28_1.dat
        33       0.623897         2.0415       -187.632        26.2415        7.46427        15.4755       -2388.58     /gpfs/hpu/EHT2/IHARM/SANE/SANE_a-0.5_288x128x128_IHARM/m_1_1_1/image_a-0.5_1198_17_0_230.e9_6.2e9_1.21342e+28_1.dat
        34        0.63501        1.92357       -212.751        48.3141        36.8991        41.3777       -5936.06     /gpfs/hpu/EHT2/IHARM/SANE/SANE_a-0.5_288x128x128_IHARM/m_1_1_1/image_a-0.5_1204_17_0_230.e9_6.2e9_1.21342e+28_1.dat
        35       0.668751        2.17736       -183.522        35.1435        45.3206        40.3815       -5591.16     /gpfs/hpu/EHT2/IHARM/SANE/SANE_a-0.5_288x128x128_IHARM/m_1_1_1/image_a-0.5_1210_17_0_230.e9_6.2e9_1.21342e+28_1.dat
        36       0.621202        2.08739       -165.158        15.5488        25.1321        20.6934       -3178.52     /gpfs/hpu/EHT2/IHARM/SANE/SANE_a-0.5_288x128x128_IHARM/m_1_1_1/image_a-0.5_1216_17_0_230.e9_6.2e9_1.21342e+28_1.dat
        37       0.826991        2.42235         -313.5         34.483        49.0793         42.188       -6007.24     /gpfs/hpu/EHT2/IHARM/SANE/SANE_a-0.5_288x128x128_IHARM/m_1_1_1/image_a-0.5_1222_17_0_230.e9_6.2e9_1.21342e+28_1.dat
        38       0.594283        2.18112       -141.849        35.7547        54.7391        45.8861        -6406.2     /gpfs/hpu/EHT2/IHARM/SANE/SANE_a-0.5_288x128x128_IHARM/m_1_1_1/image_a-0.5_1228_17_0_230.e9_6.2e9_1.21342e+28_1.dat
        39       0.692019         3.7042        -224.84        20.4452        34.8559        28.2167       -3974.14     /gpfs/hpu/EHT2/IHARM/SANE/SANE_a-0.5_288x128x128_IHARM/m_1_1_1/image_a-0.5_1234_17_0_230.e9_6.2e9_1.21342e+28_1.dat
        40        0.54203        1.91877       -134.016         10.184         18.197        14.5197       -2322.73     /gpfs/hpu/EHT2/IHARM/SANE/SANE_a-0.5_288x128x128_IHARM/m_1_1_1/image_a-0.5_1240_17_0_230.e9_6.2e9_1.21342e+28_1.dat
        41       0.655694        1.85182       -155.418        31.2694        9.84103        18.9673       -2856.68     /gpfs/hpu/EHT2/IHARM/SANE/SANE_a-0.5_288x128x128_IHARM/m_1_1_1/image_a-0.5_1246_17_0_230.e9_6.2e9_1.21342e+28_1.dat
        42        1.79466        4.33668       -145.204        19.2612         24.483        21.9339       -3272.69     /gpfs/hpu/EHT2/IHARM/SANE/SANE_a-0.5_288x128x128_IHARM/m_1_1_1/image_a-0.5_1252_17_0_230.e9_6.2e9_1.21342e+28_1.dat
        43       0.562662        1.99032       -275.136        18.2216        20.2104        19.1078       -2760.37     /gpfs/hpu/EHT2/IHARM/SANE/SANE_a-0.5_288x128x128_IHARM/m_1_1_1/image_a-0.5_1258_17_0_230.e9_6.2e9_1.21342e+28_1.dat
        44       0.767254        1.99341       -298.387        10.8561        42.9019        28.5567          -4093     /gpfs/hpu/EHT2/IHARM/SANE/SANE_a-0.5_288x128x128_IHARM/m_1_1_1/image_a-0.5_1264_17_0_230.e9_6.2e9_1.21342e+28_1.dat
        45       0.468586        1.86276         -208.1        30.7301        22.7665         25.927       -3953.45     /gpfs/hpu/EHT2/IHARM/SANE/SANE_a-0.5_288x128x128_IHARM/m_1_1_1/image_a-0.5_1270_17_0_230.e9_6.2e9_1.21342e+28_1.dat
        46        0.75873        1.79622       -283.426        19.3622        18.0463        18.3958       -3106.63     /gpfs/hpu/EHT2/IHARM/SANE/SANE_a-0.5_288x128x128_IHARM/m_1_1_1/image_a-0.5_1276_17_0_230.e9_6.2e9_1.21342e+28_1.dat
        47        1.76408         4.1932       -281.584        40.2022        36.3534        37.5742       -5680.45     /gpfs/hpu/EHT2/IHARM/SANE/SANE_a-0.5_288x128x128_IHARM/m_1_1_1/image_a-0.5_1282_17_0_230.e9_6.2e9_1.21342e+28_1.dat
        48       0.942266        3.01877       -330.086        23.9467        60.8209        44.1757       -6146.36     /gpfs/hpu/EHT2/IHARM/SANE/SANE_a-0.5_288x128x128_IHARM/m_1_1_1/image_a-0.5_1288_17_0_230.e9_6.2e9_1.21342e+28_1.dat
        49        1.01939         2.0786       -170.183        33.8167        12.9667        21.8056       -3334.78     /gpfs/hpu/EHT2/IHARM/SANE/SANE_a-0.5_288x128x128_IHARM/m_1_1_1/image_a-0.5_1294_17_0_230.e9_6.2e9_1.21342e+28_1.dat
        50       0.545125        1.77431         -171.8         14.336        34.3814        25.3169       -3696.08     /gpfs/hpu/EHT2/IHARM/SANE/SANE_a-0.5_288x128x128_IHARM/m_1_1_1/image_a-0.5_1300_17_0_230.e9_6.2e9_1.21342e+28_1.dat
        51       0.503129        2.04623        -194.31        33.8108        12.6385        21.6204       -3162.14     /gpfs/hpu/EHT2/IHARM/SANE/SANE_a-0.5_288x128x128_IHARM/m_1_1_1/image_a-0.5_1306_17_0_230.e9_6.2e9_1.21342e+28_1.dat
        52       0.756037        2.31566       -152.881        20.1473        16.8935         18.093       -2968.26     /gpfs/hpu/EHT2/IHARM/SANE/SANE_a-0.5_288x128x128_IHARM/m_1_1_1/image_a-0.5_1312_17_0_230.e9_6.2e9_1.21342e+28_1.dat
        53       0.747782        2.06248       -148.308         38.028        11.9104        23.0348       -3544.09     /gpfs/hpu/EHT2/IHARM/SANE/SANE_a-0.5_288x128x128_IHARM/m_1_1_1/image_a-0.5_1318_17_0_230.e9_6.2e9_1.21342e+28_1.dat
        54       0.785917        2.06574       -138.212        33.6422        21.5872        26.5272       -4224.88     /gpfs/hpu/EHT2/IHARM/SANE/SANE_a-0.5_288x128x128_IHARM/m_1_1_1/image_a-0.5_1324_17_0_230.e9_6.2e9_1.21342e+28_1.dat
        55       0.812237        2.20814       -238.839        14.8007        10.8512        12.4239       -1991.91     /gpfs/hpu/EHT2/IHARM/SANE/SANE_a-0.5_288x128x128_IHARM/m_1_1_1/image_a-0.5_1330_17_0_230.e9_6.2e9_1.21342e+28_1.dat
        56       0.488211        2.00975       -246.075         1.6337        6.41758        4.27593         -973.2     /gpfs/hpu/EHT2/IHARM/SANE/SANE_a-0.5_288x128x128_IHARM/m_1_1_1/image_a-0.5_1336_17_0_230.e9_6.2e9_1.21342e+28_1.dat
        57       0.499114        1.89586       -213.784        5.99554        4.26045        4.95752       -1033.44     /gpfs/hpu/EHT2/IHARM/SANE/SANE_a-0.5_288x128x128_IHARM/m_1_1_1/image_a-0.5_1342_17_0_230.e9_6.2e9_1.21342e+28_1.dat
        58       0.448712        1.92628       -285.768        2.95847        5.82446        4.51747          -1020     /gpfs/hpu/EHT2/IHARM/SANE/SANE_a-0.5_288x128x128_IHARM/m_1_1_1/image_a-0.5_1348_17_0_230.e9_6.2e9_1.21342e+28_1.dat
        59        0.64697        1.93378       -253.129        20.4714        23.2607        21.7759       -3306.82     /gpfs/hpu/EHT2/IHARM/SANE/SANE_a-0.5_288x128x128_IHARM/m_1_1_1/image_a-0.5_1354_17_0_230.e9_6.2e9_1.21342e+28_1.dat
        60       0.524968        1.73224       -223.757         28.265        27.8357        27.6842       -4325.72     /gpfs/hpu/EHT2/IHARM/SANE/SANE_a-0.5_288x128x128_IHARM/m_1_1_1/image_a-0.5_1360_17_0_230.e9_6.2e9_1.21342e+28_1.dat
        61       0.683921        1.96125       -211.924        15.1959        29.2171        22.8142        -3639.4     /gpfs/hpu/EHT2/IHARM/SANE/SANE_a-0.5_288x128x128_IHARM/m_1_1_1/image_a-0.5_1366_17_0_230.e9_6.2e9_1.21342e+28_1.dat
        62       0.868637        1.65879       -299.208        14.6629        27.9576        21.8834        -3376.3     /gpfs/hpu/EHT2/IHARM/SANE/SANE_a-0.5_288x128x128_IHARM/m_1_1_1/image_a-0.5_1372_17_0_230.e9_6.2e9_1.21342e+28_1.dat
        63        1.26115        3.86627       -309.544        21.5475        27.8959        24.8194       -3870.88     /gpfs/hpu/EHT2/IHARM/SANE/SANE_a-0.5_288x128x128_IHARM/m_1_1_1/image_a-0.5_1378_17_0_230.e9_6.2e9_1.21342e+28_1.dat
        64        0.66634        1.80604       -185.408        9.52214        21.5608        16.1059       -2561.71     /gpfs/hpu/EHT2/IHARM/SANE/SANE_a-0.5_288x128x128_IHARM/m_1_1_1/image_a-0.5_1384_17_0_230.e9_6.2e9_1.21342e+28_1.dat
        65       0.676274        2.03701       -197.104        18.3969        31.7684         25.615       -4075.03     /gpfs/hpu/EHT2/IHARM/SANE/SANE_a-0.5_288x128x128_IHARM/m_1_1_1/image_a-0.5_1390_17_0_230.e9_6.2e9_1.21342e+28_1.dat
        66       0.728809        1.97057       -196.002        20.8962        25.4604        23.1832       -3566.04     /gpfs/hpu/EHT2/IHARM/SANE/SANE_a-0.5_288x128x128_IHARM/m_1_1_1/image_a-0.5_1396_17_0_230.e9_6.2e9_1.21342e+28_1.dat
        67       0.706696        1.86691       -270.293        34.6668        22.5848        27.5244       -4037.87     /gpfs/hpu/EHT2/IHARM/SANE/SANE_a-0.5_288x128x128_IHARM/m_1_1_1/image_a-0.5_1402_17_0_230.e9_6.2e9_1.21342e+28_1.dat
        68        1.35073        2.11724        -198.33         27.987        9.10322        17.1405        -2753.3     /gpfs/hpu/EHT2/IHARM/SANE/SANE_a-0.5_288x128x128_IHARM/m_1_1_1/image_a-0.5_1408_17_0_230.e9_6.2e9_1.21342e+28_1.dat
        69        0.51297        1.91759       -210.089         48.652        44.6771        45.8516       -6120.43     /gpfs/hpu/EHT2/IHARM/SANE/SANE_a-0.5_288x128x128_IHARM/m_1_1_1/image_a-0.5_1414_17_0_230.e9_6.2e9_1.21342e+28_1.dat
        70       0.644894        1.83441       -195.927        37.6321        11.4986        22.6348       -3344.62     /gpfs/hpu/EHT2/IHARM/SANE/SANE_a-0.5_288x128x128_IHARM/m_1_1_1/image_a-0.5_1420_17_0_230.e9_6.2e9_1.21342e+28_1.dat
        71       0.395169        2.00558       -245.976        40.3322        27.7337        32.8339       -4485.42     /gpfs/hpu/EHT2/IHARM/SANE/SANE_a-0.5_288x128x128_IHARM/m_1_1_1/image_a-0.5_1426_17_0_230.e9_6.2e9_1.21342e+28_1.dat
        72       0.622579        2.29363       -209.456        50.4599        26.2409        36.3728       -5413.51     /gpfs/hpu/EHT2/IHARM/SANE/SANE_a-0.5_288x128x128_IHARM/m_1_1_1/image_a-0.5_1432_17_0_230.e9_6.2e9_1.21342e+28_1.dat
        73       0.635059        2.32308       -172.666        39.9034        19.4311        28.0289       -4190.12     /gpfs/hpu/EHT2/IHARM/SANE/SANE_a-0.5_288x128x128_IHARM/m_1_1_1/image_a-0.5_1438_17_0_230.e9_6.2e9_1.21342e+28_1.dat
        74       0.731503        2.01836       -149.273        35.5641        14.1506        23.2183       -3581.98     /gpfs/hpu/EHT2/IHARM/SANE/SANE_a-0.5_288x128x128_IHARM/m_1_1_1/image_a-0.5_1444_17_0_230.e9_6.2e9_1.21342e+28_1.dat
        75       0.604043        1.80475       -153.839        18.4447        17.8101        17.8685       -2774.14     /gpfs/hpu/EHT2/IHARM/SANE/SANE_a-0.5_288x128x128_IHARM/m_1_1_1/image_a-0.5_1450_17_0_230.e9_6.2e9_1.21342e+28_1.dat
        76       0.773264         1.9065       -175.452        34.3068        14.6933        22.9778       -3352.13     /gpfs/hpu/EHT2/IHARM/SANE/SANE_a-0.5_288x128x128_IHARM/m_1_1_1/image_a-0.5_1456_17_0_230.e9_6.2e9_1.21342e+28_1.dat
        77       0.475997        1.88184       -184.986        28.0607        18.0098        22.1284       -3161.73     /gpfs/hpu/EHT2/IHARM/SANE/SANE_a-0.5_288x128x128_IHARM/m_1_1_1/image_a-0.5_1462_17_0_230.e9_6.2e9_1.21342e+28_1.dat
        78       0.498785        1.72522       -182.927        52.4128        9.86162        28.1011       -3956.66     /gpfs/hpu/EHT2/IHARM/SANE/SANE_a-0.5_288x128x128_IHARM/m_1_1_1/image_a-0.5_1468_17_0_230.e9_6.2e9_1.21342e+28_1.dat
        79       0.562473        1.85757       -153.254        32.3188        10.7592        19.9309       -2975.13     /gpfs/hpu/EHT2/IHARM/SANE/SANE_a-0.5_288x128x128_IHARM/m_1_1_1/image_a-0.5_1474_17_0_230.e9_6.2e9_1.21342e+28_1.dat
        80       0.372439        1.73371       -166.971        42.2793        18.0837        28.3041       -3928.52     /gpfs/hpu/EHT2/IHARM/SANE/SANE_a-0.5_288x128x128_IHARM/m_1_1_1/image_a-0.5_1480_17_0_230.e9_6.2e9_1.21342e+28_1.dat
        81        0.60392        2.12457       -165.894        24.5997        12.4763        17.5561       -2650.33     /gpfs/hpu/EHT2/IHARM/SANE/SANE_a-0.5_288x128x128_IHARM/m_1_1_1/image_a-0.5_1486_17_0_230.e9_6.2e9_1.21342e+28_1.dat
        82       0.504893        1.87613       -154.018         19.126         17.646        18.0711       -2707.08     /gpfs/hpu/EHT2/IHARM/SANE/SANE_a-0.5_288x128x128_IHARM/m_1_1_1/image_a-0.5_1492_17_0_230.e9_6.2e9_1.21342e+28_1.dat
        83       0.496408        1.83591        -155.15        17.3173         27.171        22.5909        -3276.2     /gpfs/hpu/EHT2/IHARM/SANE/SANE_a-0.5_288x128x128_IHARM/m_1_1_1/image_a-0.5_1498_17_0_230.e9_6.2e9_1.21342e+28_1.dat
        84       0.751238        2.05465        156.752        12.8732        15.8788          14.39       -2423.67     /gpfs/hpu/EHT2/IHARM/SANE/SANE_a-0.5_288x128x128_IHARM/m_1_1_1/image_a-0.5_1504_17_0_230.e9_6.2e9_1.21342e+28_1.dat
        85       0.684498        1.96817        185.078        8.18966        10.9578         9.6309       -1833.17     /gpfs/hpu/EHT2/IHARM/SANE/SANE_a-0.5_288x128x128_IHARM/m_1_1_1/image_a-0.5_1510_17_0_230.e9_6.2e9_1.21342e+28_1.dat
        86        0.66845        1.80326        136.077        12.7927        19.4618         16.349       -2662.52     /gpfs/hpu/EHT2/IHARM/SANE/SANE_a-0.5_288x128x128_IHARM/m_1_1_1/image_a-0.5_1516_17_0_230.e9_6.2e9_1.21342e+28_1.dat
        87        1.17774        1.95874        202.464        23.0216        21.4176        21.8506       -3580.92     /gpfs/hpu/EHT2/IHARM/SANE/SANE_a-0.5_288x128x128_IHARM/m_1_1_1/image_a-0.5_1522_17_0_230.e9_6.2e9_1.21342e+28_1.dat
        88       0.560453        2.05975          198.7        15.3169        8.73557        11.4694       -1905.85     /gpfs/hpu/EHT2/IHARM/SANE/SANE_a-0.5_288x128x128_IHARM/m_1_1_1/image_a-0.5_1528_17_0_230.e9_6.2e9_1.21342e+28_1.dat
        89       0.570434         1.7602        191.253        7.11513        8.33534        7.70805       -1482.91     /gpfs/hpu/EHT2/IHARM/SANE/SANE_a-0.5_288x128x128_IHARM/m_1_1_1/image_a-0.5_1534_17_0_230.e9_6.2e9_1.21342e+28_1.dat
        90       0.416155        1.97721        151.505        7.42739         5.6001        6.32075       -1225.76     /gpfs/hpu/EHT2/IHARM/SANE/SANE_a-0.5_288x128x128_IHARM/m_1_1_1/image_a-0.5_1540_17_0_230.e9_6.2e9_1.21342e+28_1.dat
        91       0.376479        1.87401        164.145        11.7957        10.8643        11.1347       -1813.56     /gpfs/hpu/EHT2/IHARM/SANE/SANE_a-0.5_288x128x128_IHARM/m_1_1_1/image_a-0.5_1546_17_0_230.e9_6.2e9_1.21342e+28_1.dat
        92       0.502085        1.98471        188.663        19.8277         14.083        16.3912       -2521.49     /gpfs/hpu/EHT2/IHARM/SANE/SANE_a-0.5_288x128x128_IHARM/m_1_1_1/image_a-0.5_1552_17_0_230.e9_6.2e9_1.21342e+28_1.dat
        93       0.516949        1.82534        157.059        36.7445        16.9288        25.2735       -3632.44     /gpfs/hpu/EHT2/IHARM/SANE/SANE_a-0.5_288x128x128_IHARM/m_1_1_1/image_a-0.5_1558_17_0_230.e9_6.2e9_1.21342e+28_1.dat
        94       0.572454        1.81311        197.934        35.4554         13.272        22.6825       -3352.03     /gpfs/hpu/EHT2/IHARM/SANE/SANE_a-0.5_288x128x128_IHARM/m_1_1_1/image_a-0.5_1564_17_0_230.e9_6.2e9_1.21342e+28_1.dat
        95       0.429439        1.75013        213.513        18.5401        10.6061         13.901       -2195.59     /gpfs/hpu/EHT2/IHARM/SANE/SANE_a-0.5_288x128x128_IHARM/m_1_1_1/image_a-0.5_1570_17_0_230.e9_6.2e9_1.21342e+28_1.dat
        96       0.382139        1.73967        143.666         13.972        4.50671        8.53601       -1449.47     /gpfs/hpu/EHT2/IHARM/SANE/SANE_a-0.5_288x128x128_IHARM/m_1_1_1/image_a-0.5_1576_17_0_230.e9_6.2e9_1.21342e+28_1.dat
        97        0.45466        1.83203        81.5078        4.21313        7.65925        6.07976       -1184.89     /gpfs/hpu/EHT2/IHARM/SANE/SANE_a-0.5_288x128x128_IHARM/m_1_1_1/image_a-0.5_1582_17_0_230.e9_6.2e9_1.21342e+28_1.dat
        98       0.367387        1.81291        122.761        19.7797        9.42108        13.7763       -2092.27     /gpfs/hpu/EHT2/IHARM/SANE/SANE_a-0.5_288x128x128_IHARM/m_1_1_1/image_a-0.5_1588_17_0_230.e9_6.2e9_1.21342e+28_1.dat
        99       0.513291        1.83334        101.197        14.5515        18.0324        16.3124       -2493.39     /gpfs/hpu/EHT2/IHARM/SANE/SANE_a-0.5_288x128x128_IHARM/m_1_1_1/image_a-0.5_1594_17_0_230.e9_6.2e9_1.21342e+28_1.dat
