   # Index         I (Jy)      M/D (uas)       PA (deg)  VA red. chisq  CP red. chisq     red. chisq     log-liklhd     FileName
         0       0.426189        3.50183        179.727        8.09352        6.91236        7.33835       -1356.58     /gpfs/hpu/EHT2/IHARM/SANE/SANE_a+0.5_288x128x128_IHARM/m_1_1_80/image_a+0.5_0600_163_0_230.e9_6.2e9_3.20183e+28_80.dat
         1       0.511901         3.5171         183.11        12.3494        9.54384        10.6389       -1804.21     /gpfs/hpu/EHT2/IHARM/SANE/SANE_a+0.5_288x128x128_IHARM/m_1_1_80/image_a+0.5_0605_163_0_230.e9_6.2e9_3.20183e+28_80.dat
         2       0.525593        3.40523        195.018        9.06001        6.49995        7.52587       -1436.07     /gpfs/hpu/EHT2/IHARM/SANE/SANE_a+0.5_288x128x128_IHARM/m_1_1_80/image_a+0.5_0610_163_0_230.e9_6.2e9_3.20183e+28_80.dat
         3       0.732707         3.5249        189.078         16.465        6.55937        10.7538       -1877.06     /gpfs/hpu/EHT2/IHARM/SANE/SANE_a+0.5_288x128x128_IHARM/m_1_1_80/image_a+0.5_0615_163_0_230.e9_6.2e9_3.20183e+28_80.dat
         4       0.769229        3.36724        183.198        22.6058        10.7181        15.7174        -2523.3     /gpfs/hpu/EHT2/IHARM/SANE/SANE_a+0.5_288x128x128_IHARM/m_1_1_80/image_a+0.5_0620_163_0_230.e9_6.2e9_3.20183e+28_80.dat
         5       0.766462        3.73734         193.38        25.5584        14.0682        18.8555       -2874.11     /gpfs/hpu/EHT2/IHARM/SANE/SANE_a+0.5_288x128x128_IHARM/m_1_1_80/image_a+0.5_0625_163_0_230.e9_6.2e9_3.20183e+28_80.dat
         6       0.763243        3.46161        179.706        8.29484        5.64543        6.72023       -1393.95     /gpfs/hpu/EHT2/IHARM/SANE/SANE_a+0.5_288x128x128_IHARM/m_1_1_80/image_a+0.5_0630_163_0_230.e9_6.2e9_3.20183e+28_80.dat
         7       0.481886        3.24907        173.458        11.6105        6.45116        8.59914       -1526.67     /gpfs/hpu/EHT2/IHARM/SANE/SANE_a+0.5_288x128x128_IHARM/m_1_1_80/image_a+0.5_0635_163_0_230.e9_6.2e9_3.20183e+28_80.dat
         8       0.487256        3.38586         170.53        19.0224        5.69192        11.3745       -1859.68     /gpfs/hpu/EHT2/IHARM/SANE/SANE_a+0.5_288x128x128_IHARM/m_1_1_80/image_a+0.5_0640_163_0_230.e9_6.2e9_3.20183e+28_80.dat
         9       0.371351        3.09716        174.398        15.8091        5.53202        9.89918       -1643.21     /gpfs/hpu/EHT2/IHARM/SANE/SANE_a+0.5_288x128x128_IHARM/m_1_1_80/image_a+0.5_0645_163_0_230.e9_6.2e9_3.20183e+28_80.dat
        10       0.481056        3.40751        188.045        15.7659        5.96918        10.1238       -1697.29     /gpfs/hpu/EHT2/IHARM/SANE/SANE_a+0.5_288x128x128_IHARM/m_1_1_80/image_a+0.5_0650_163_0_230.e9_6.2e9_3.20183e+28_80.dat
        11       0.505626        3.47336         190.05         21.529        8.18837        13.8452       -2194.72     /gpfs/hpu/EHT2/IHARM/SANE/SANE_a+0.5_288x128x128_IHARM/m_1_1_80/image_a+0.5_0655_163_0_230.e9_6.2e9_3.20183e+28_80.dat
        12        0.40406        3.29188         82.854        10.5607        13.6057        12.1274       -1922.13     /gpfs/hpu/EHT2/IHARM/SANE/SANE_a+0.5_288x128x128_IHARM/m_1_1_80/image_a+0.5_0660_163_0_230.e9_6.2e9_3.20183e+28_80.dat
        13       0.440315        3.28192        81.4685        7.27771        9.53554        8.44605       -1439.52     /gpfs/hpu/EHT2/IHARM/SANE/SANE_a+0.5_288x128x128_IHARM/m_1_1_80/image_a+0.5_0665_163_0_230.e9_6.2e9_3.20183e+28_80.dat
        14       0.508805         3.4187        176.443        12.4095        7.39566        9.46942        -1628.8     /gpfs/hpu/EHT2/IHARM/SANE/SANE_a+0.5_288x128x128_IHARM/m_1_1_80/image_a+0.5_0670_163_0_230.e9_6.2e9_3.20183e+28_80.dat
        15       0.423003        3.29387        180.396        10.0534         5.6661        7.49045       -1350.95     /gpfs/hpu/EHT2/IHARM/SANE/SANE_a+0.5_288x128x128_IHARM/m_1_1_80/image_a+0.5_0675_163_0_230.e9_6.2e9_3.20183e+28_80.dat
        16       0.383817        3.12939        148.566        15.5274        7.90114        11.0959       -1759.51     /gpfs/hpu/EHT2/IHARM/SANE/SANE_a+0.5_288x128x128_IHARM/m_1_1_80/image_a+0.5_0680_163_0_230.e9_6.2e9_3.20183e+28_80.dat
        17       0.388707        3.13958        158.753        12.6872         4.1218        7.76751        -1373.4     /gpfs/hpu/EHT2/IHARM/SANE/SANE_a+0.5_288x128x128_IHARM/m_1_1_80/image_a+0.5_0685_163_0_230.e9_6.2e9_3.20183e+28_80.dat
        18       0.466066        3.41162        145.843        16.8268        7.56812        11.4712       -1824.73     /gpfs/hpu/EHT2/IHARM/SANE/SANE_a+0.5_288x128x128_IHARM/m_1_1_80/image_a+0.5_0690_163_0_230.e9_6.2e9_3.20183e+28_80.dat
        19       0.406699        3.21546        114.576        8.26443        5.31555        6.52355       -1186.84     /gpfs/hpu/EHT2/IHARM/SANE/SANE_a+0.5_288x128x128_IHARM/m_1_1_80/image_a+0.5_0695_163_0_230.e9_6.2e9_3.20183e+28_80.dat
        20        0.35227        3.31295        148.845        6.20687        6.03988        6.03886       -1127.54     /gpfs/hpu/EHT2/IHARM/SANE/SANE_a+0.5_288x128x128_IHARM/m_1_1_80/image_a+0.5_0700_163_0_230.e9_6.2e9_3.20183e+28_80.dat
        21       0.372346        3.04286        130.356        7.16766        6.50423        6.71179       -1228.27     /gpfs/hpu/EHT2/IHARM/SANE/SANE_a+0.5_288x128x128_IHARM/m_1_1_80/image_a+0.5_0705_163_0_230.e9_6.2e9_3.20183e+28_80.dat
        22       0.409742        3.38944        135.504        11.3329        5.08833        7.72101       -1348.26     /gpfs/hpu/EHT2/IHARM/SANE/SANE_a+0.5_288x128x128_IHARM/m_1_1_80/image_a+0.5_0710_163_0_230.e9_6.2e9_3.20183e+28_80.dat
        23        0.38321        3.29807        120.407        4.48664        4.74546        4.57639       -954.838     /gpfs/hpu/EHT2/IHARM/SANE/SANE_a+0.5_288x128x128_IHARM/m_1_1_80/image_a+0.5_0715_163_0_230.e9_6.2e9_3.20183e+28_80.dat
        24       0.560431        3.34444        192.548        7.18943        12.3584        9.97876        -1777.4     /gpfs/hpu/EHT2/IHARM/SANE/SANE_a+0.5_288x128x128_IHARM/m_1_1_80/image_a+0.5_0720_163_0_230.e9_6.2e9_3.20183e+28_80.dat
        25       0.421516        3.47511        146.928        3.97502        2.87853        3.31679       -798.866     /gpfs/hpu/EHT2/IHARM/SANE/SANE_a+0.5_288x128x128_IHARM/m_1_1_80/image_a+0.5_0725_163_0_230.e9_6.2e9_3.20183e+28_80.dat
        26       0.420102        3.22416        143.124        22.9726         13.312        17.3191       -2565.15     /gpfs/hpu/EHT2/IHARM/SANE/SANE_a+0.5_288x128x128_IHARM/m_1_1_80/image_a+0.5_0730_163_0_230.e9_6.2e9_3.20183e+28_80.dat
        27        0.42791        3.16486        96.8666        7.74173        8.87468        8.27851       -1438.78     /gpfs/hpu/EHT2/IHARM/SANE/SANE_a+0.5_288x128x128_IHARM/m_1_1_80/image_a+0.5_0735_163_0_230.e9_6.2e9_3.20183e+28_80.dat
        28       0.383644        3.27451        90.6151        6.12531        6.48234        6.24988       -1156.27     /gpfs/hpu/EHT2/IHARM/SANE/SANE_a+0.5_288x128x128_IHARM/m_1_1_80/image_a+0.5_0740_163_0_230.e9_6.2e9_3.20183e+28_80.dat
        29       0.455617        3.22528        126.638        3.22934        6.69641        5.11953       -1107.68     /gpfs/hpu/EHT2/IHARM/SANE/SANE_a+0.5_288x128x128_IHARM/m_1_1_80/image_a+0.5_0745_163_0_230.e9_6.2e9_3.20183e+28_80.dat
        30        0.48614        3.46406        109.391         9.8822        8.86299        9.19552       -1546.75     /gpfs/hpu/EHT2/IHARM/SANE/SANE_a+0.5_288x128x128_IHARM/m_1_1_80/image_a+0.5_0750_163_0_230.e9_6.2e9_3.20183e+28_80.dat
        31       0.408647        3.28255        149.452        6.50184        7.28327        6.85802       -1227.68     /gpfs/hpu/EHT2/IHARM/SANE/SANE_a+0.5_288x128x128_IHARM/m_1_1_80/image_a+0.5_0755_163_0_230.e9_6.2e9_3.20183e+28_80.dat
        32       0.466574        3.28211        128.981        3.87264        5.14918        4.53613       -999.649     /gpfs/hpu/EHT2/IHARM/SANE/SANE_a+0.5_288x128x128_IHARM/m_1_1_80/image_a+0.5_0760_163_0_230.e9_6.2e9_3.20183e+28_80.dat
        33       0.432288         3.4308        188.623        14.1695        6.27118        9.60308       -1618.58     /gpfs/hpu/EHT2/IHARM/SANE/SANE_a+0.5_288x128x128_IHARM/m_1_1_80/image_a+0.5_0765_163_0_230.e9_6.2e9_3.20183e+28_80.dat
        34       0.338568        3.30517         89.987        5.12043        9.53712        7.51616       -1316.63     /gpfs/hpu/EHT2/IHARM/SANE/SANE_a+0.5_288x128x128_IHARM/m_1_1_80/image_a+0.5_0770_163_0_230.e9_6.2e9_3.20183e+28_80.dat
        35       0.587082        3.28246        186.349         10.745        6.69408         8.3609       -1562.27     /gpfs/hpu/EHT2/IHARM/SANE/SANE_a+0.5_288x128x128_IHARM/m_1_1_80/image_a+0.5_0775_163_0_230.e9_6.2e9_3.20183e+28_80.dat
        36       0.520856        3.35494        179.389        14.0116        6.14279        9.46349        -1678.8     /gpfs/hpu/EHT2/IHARM/SANE/SANE_a+0.5_288x128x128_IHARM/m_1_1_80/image_a+0.5_0780_163_0_230.e9_6.2e9_3.20183e+28_80.dat
        37       0.433579        3.52302        161.268        12.0935        6.44743        8.80544       -1536.35     /gpfs/hpu/EHT2/IHARM/SANE/SANE_a+0.5_288x128x128_IHARM/m_1_1_80/image_a+0.5_0785_163_0_230.e9_6.2e9_3.20183e+28_80.dat
        38       0.432087        3.57746        169.838        10.4424        6.61114        8.18415       -1465.62     /gpfs/hpu/EHT2/IHARM/SANE/SANE_a+0.5_288x128x128_IHARM/m_1_1_80/image_a+0.5_0790_163_0_230.e9_6.2e9_3.20183e+28_80.dat
        39       0.488637        3.64739        105.705        7.78551        14.3844        11.3633       -1854.98     /gpfs/hpu/EHT2/IHARM/SANE/SANE_a+0.5_288x128x128_IHARM/m_1_1_80/image_a+0.5_0795_163_0_230.e9_6.2e9_3.20183e+28_80.dat
        40       0.605493        3.75598        118.672        13.7232        21.9321         18.125       -2829.58     /gpfs/hpu/EHT2/IHARM/SANE/SANE_a+0.5_288x128x128_IHARM/m_1_1_80/image_a+0.5_0800_163_0_230.e9_6.2e9_3.20183e+28_80.dat
        41       0.729924        3.44164         201.94        14.0406         10.257        11.7654       -2084.57     /gpfs/hpu/EHT2/IHARM/SANE/SANE_a+0.5_288x128x128_IHARM/m_1_1_80/image_a+0.5_0805_163_0_230.e9_6.2e9_3.20183e+28_80.dat
        42       0.460841        3.65701        127.545        10.2224        10.7687        10.4027       -1730.58     /gpfs/hpu/EHT2/IHARM/SANE/SANE_a+0.5_288x128x128_IHARM/m_1_1_80/image_a+0.5_0810_163_0_230.e9_6.2e9_3.20183e+28_80.dat
        43       0.511264        3.22487          191.1        14.4717        18.8431        16.7291       -2860.38     /gpfs/hpu/EHT2/IHARM/SANE/SANE_a+0.5_288x128x128_IHARM/m_1_1_80/image_a+0.5_0815_163_0_230.e9_6.2e9_3.20183e+28_80.dat
        44       0.594344        3.38708         216.87        5.68392        7.53893        6.64738       -1382.18     /gpfs/hpu/EHT2/IHARM/SANE/SANE_a+0.5_288x128x128_IHARM/m_1_1_80/image_a+0.5_0820_163_0_230.e9_6.2e9_3.20183e+28_80.dat
        45       0.418677          3.425        174.766        13.0085        4.98593        8.38697       -1486.22     /gpfs/hpu/EHT2/IHARM/SANE/SANE_a+0.5_288x128x128_IHARM/m_1_1_80/image_a+0.5_0825_163_0_230.e9_6.2e9_3.20183e+28_80.dat
        46        0.76725        3.70521        212.406        17.7857        16.3624        16.7786       -2786.77     /gpfs/hpu/EHT2/IHARM/SANE/SANE_a+0.5_288x128x128_IHARM/m_1_1_80/image_a+0.5_0830_163_0_230.e9_6.2e9_3.20183e+28_80.dat
        47        0.83928        4.94576        194.421        37.6053        17.0002        25.6846        -3814.3     /gpfs/hpu/EHT2/IHARM/SANE/SANE_a+0.5_288x128x128_IHARM/m_1_1_80/image_a+0.5_0835_163_0_230.e9_6.2e9_3.20183e+28_80.dat
        48       0.430717        3.73835        166.988        26.2469        7.88397        15.7113       -2386.68     /gpfs/hpu/EHT2/IHARM/SANE/SANE_a+0.5_288x128x128_IHARM/m_1_1_80/image_a+0.5_0840_163_0_230.e9_6.2e9_3.20183e+28_80.dat
        49       0.387471        3.58347         162.63         4.3662         6.6793        5.60051       -1175.09     /gpfs/hpu/EHT2/IHARM/SANE/SANE_a+0.5_288x128x128_IHARM/m_1_1_80/image_a+0.5_0845_163_0_230.e9_6.2e9_3.20183e+28_80.dat
        50        0.44188         3.6473        206.971        13.3525        8.54999        10.5186       -1822.01     /gpfs/hpu/EHT2/IHARM/SANE/SANE_a+0.5_288x128x128_IHARM/m_1_1_80/image_a+0.5_0850_163_0_230.e9_6.2e9_3.20183e+28_80.dat
        51       0.760462        4.06759        195.911        20.1328        12.4196        15.5972       -2536.33     /gpfs/hpu/EHT2/IHARM/SANE/SANE_a+0.5_288x128x128_IHARM/m_1_1_80/image_a+0.5_0855_163_0_230.e9_6.2e9_3.20183e+28_80.dat
        52       0.608887        3.59641         184.22        15.2101        13.8592        14.2744       -2347.58     /gpfs/hpu/EHT2/IHARM/SANE/SANE_a+0.5_288x128x128_IHARM/m_1_1_80/image_a+0.5_0860_163_0_230.e9_6.2e9_3.20183e+28_80.dat
        53       0.386126        3.71016        181.522        21.2085        7.87823        13.5343       -2146.87     /gpfs/hpu/EHT2/IHARM/SANE/SANE_a+0.5_288x128x128_IHARM/m_1_1_80/image_a+0.5_0865_163_0_230.e9_6.2e9_3.20183e+28_80.dat
        54       0.533306         3.8065         184.97        13.6279        8.84685        10.8026       -1864.92     /gpfs/hpu/EHT2/IHARM/SANE/SANE_a+0.5_288x128x128_IHARM/m_1_1_80/image_a+0.5_0870_163_0_230.e9_6.2e9_3.20183e+28_80.dat
        55        0.32404        3.67029        92.2072        8.05379        14.8634        11.7456       -1843.57     /gpfs/hpu/EHT2/IHARM/SANE/SANE_a+0.5_288x128x128_IHARM/m_1_1_80/image_a+0.5_0875_163_0_230.e9_6.2e9_3.20183e+28_80.dat
        56       0.328714        3.64777        188.475        37.0774        42.2587         39.512       -5325.99     /gpfs/hpu/EHT2/IHARM/SANE/SANE_a+0.5_288x128x128_IHARM/m_1_1_80/image_a+0.5_0880_163_0_230.e9_6.2e9_3.20183e+28_80.dat
        57       0.699913        4.17472        179.992        11.9803        9.51442        10.4633       -1861.26     /gpfs/hpu/EHT2/IHARM/SANE/SANE_a+0.5_288x128x128_IHARM/m_1_1_80/image_a+0.5_0885_163_0_230.e9_6.2e9_3.20183e+28_80.dat
        58        0.49758        3.84925        185.693        15.3949        7.07587        10.5796       -1799.65     /gpfs/hpu/EHT2/IHARM/SANE/SANE_a+0.5_288x128x128_IHARM/m_1_1_80/image_a+0.5_0890_163_0_230.e9_6.2e9_3.20183e+28_80.dat
        59       0.681193        4.07809         188.79         39.645        20.1077        28.2939       -4098.09     /gpfs/hpu/EHT2/IHARM/SANE/SANE_a+0.5_288x128x128_IHARM/m_1_1_80/image_a+0.5_0895_163_0_230.e9_6.2e9_3.20183e+28_80.dat
        60        0.54645         3.9928        162.199        15.6741        13.0429        14.0204       -2228.06     /gpfs/hpu/EHT2/IHARM/SANE/SANE_a+0.5_288x128x128_IHARM/m_1_1_80/image_a+0.5_0900_163_0_230.e9_6.2e9_3.20183e+28_80.dat
        61       0.435174        3.37486        170.931        9.84754        6.61995        7.93242       -1483.81     /gpfs/hpu/EHT2/IHARM/SANE/SANE_a+0.5_288x128x128_IHARM/m_1_1_80/image_a+0.5_0905_163_0_230.e9_6.2e9_3.20183e+28_80.dat
        62       0.577883        3.45754        202.219        18.2829        9.51165        13.1809        -2197.7     /gpfs/hpu/EHT2/IHARM/SANE/SANE_a+0.5_288x128x128_IHARM/m_1_1_80/image_a+0.5_0910_163_0_230.e9_6.2e9_3.20183e+28_80.dat
        63       0.497045        3.49075        197.099        17.7163        8.99298        12.6479       -2077.78     /gpfs/hpu/EHT2/IHARM/SANE/SANE_a+0.5_288x128x128_IHARM/m_1_1_80/image_a+0.5_0915_163_0_230.e9_6.2e9_3.20183e+28_80.dat
        64       0.712399        3.78054         198.58        26.5758        14.4594        19.5121       -3034.16     /gpfs/hpu/EHT2/IHARM/SANE/SANE_a+0.5_288x128x128_IHARM/m_1_1_80/image_a+0.5_0920_163_0_230.e9_6.2e9_3.20183e+28_80.dat
        65       0.511229        3.35748        183.649        18.1225        8.95442        12.8017       -2102.89     /gpfs/hpu/EHT2/IHARM/SANE/SANE_a+0.5_288x128x128_IHARM/m_1_1_80/image_a+0.5_0925_163_0_230.e9_6.2e9_3.20183e+28_80.dat
        66       0.412465        3.26623        173.467         13.701        7.74175        10.2192       -1741.97     /gpfs/hpu/EHT2/IHARM/SANE/SANE_a+0.5_288x128x128_IHARM/m_1_1_80/image_a+0.5_0930_163_0_230.e9_6.2e9_3.20183e+28_80.dat
        67       0.468974        3.35822        182.564        14.1364        9.77832        11.5403        -1899.3     /gpfs/hpu/EHT2/IHARM/SANE/SANE_a+0.5_288x128x128_IHARM/m_1_1_80/image_a+0.5_0935_163_0_230.e9_6.2e9_3.20183e+28_80.dat
        68       0.474305        3.72182        177.086        15.9947         7.0103        10.8018       -1808.47     /gpfs/hpu/EHT2/IHARM/SANE/SANE_a+0.5_288x128x128_IHARM/m_1_1_80/image_a+0.5_0940_163_0_230.e9_6.2e9_3.20183e+28_80.dat
        69       0.723952        3.97838        177.566        23.6315        10.4227        15.9956       -2536.05     /gpfs/hpu/EHT2/IHARM/SANE/SANE_a+0.5_288x128x128_IHARM/m_1_1_80/image_a+0.5_0945_163_0_230.e9_6.2e9_3.20183e+28_80.dat
        70       0.429184        4.04401        80.9528        4.80088        13.1372        9.38156       -1577.33     /gpfs/hpu/EHT2/IHARM/SANE/SANE_a+0.5_288x128x128_IHARM/m_1_1_80/image_a+0.5_0950_163_0_230.e9_6.2e9_3.20183e+28_80.dat
        71       0.628334        3.37806        180.459        15.1497        9.97743        12.0883       -2143.52     /gpfs/hpu/EHT2/IHARM/SANE/SANE_a+0.5_288x128x128_IHARM/m_1_1_80/image_a+0.5_0955_163_0_230.e9_6.2e9_3.20183e+28_80.dat
        72       0.366738        3.40456        171.372        15.5595        7.51291        10.8937       -1777.21     /gpfs/hpu/EHT2/IHARM/SANE/SANE_a+0.5_288x128x128_IHARM/m_1_1_80/image_a+0.5_0960_163_0_230.e9_6.2e9_3.20183e+28_80.dat
        73       0.647435        3.76915        190.061        19.5751        10.8724        14.4957       -2364.95     /gpfs/hpu/EHT2/IHARM/SANE/SANE_a+0.5_288x128x128_IHARM/m_1_1_80/image_a+0.5_0965_163_0_230.e9_6.2e9_3.20183e+28_80.dat
        74        0.49681        3.87306        174.897        21.2612        8.13432        13.6995       -2183.81     /gpfs/hpu/EHT2/IHARM/SANE/SANE_a+0.5_288x128x128_IHARM/m_1_1_80/image_a+0.5_0970_163_0_230.e9_6.2e9_3.20183e+28_80.dat
        75       0.434019        3.61625        190.046        26.0039        7.03441        15.1337       -2287.04     /gpfs/hpu/EHT2/IHARM/SANE/SANE_a+0.5_288x128x128_IHARM/m_1_1_80/image_a+0.5_0975_163_0_230.e9_6.2e9_3.20183e+28_80.dat
        76       0.533391        3.92762        180.109        35.2043         11.036          21.33       -3128.33     /gpfs/hpu/EHT2/IHARM/SANE/SANE_a+0.5_288x128x128_IHARM/m_1_1_80/image_a+0.5_0980_163_0_230.e9_6.2e9_3.20183e+28_80.dat
        77       0.362043        3.53673        144.916         4.8038        4.29361        4.46179       -946.122     /gpfs/hpu/EHT2/IHARM/SANE/SANE_a+0.5_288x128x128_IHARM/m_1_1_80/image_a+0.5_0985_163_0_230.e9_6.2e9_3.20183e+28_80.dat
        78       0.515721        3.88686        197.613        16.5799         8.2586        11.7489       -1948.21     /gpfs/hpu/EHT2/IHARM/SANE/SANE_a+0.5_288x128x128_IHARM/m_1_1_80/image_a+0.5_0990_163_0_230.e9_6.2e9_3.20183e+28_80.dat
        79        0.76713        4.69834        186.056        23.4661        16.4473        19.2766       -2924.56     /gpfs/hpu/EHT2/IHARM/SANE/SANE_a+0.5_288x128x128_IHARM/m_1_1_80/image_a+0.5_0995_163_0_230.e9_6.2e9_3.20183e+28_80.dat
        80       0.431037        4.06724        162.582        5.55297        5.42125         5.4125       -1059.77     /gpfs/hpu/EHT2/IHARM/SANE/SANE_a+0.5_288x128x128_IHARM/m_1_1_80/image_a+0.5_1000_163_0_230.e9_6.2e9_3.20183e+28_80.dat
        81       0.410489        3.54487        174.174        15.3252        7.92097        11.0197        -1829.4     /gpfs/hpu/EHT2/IHARM/SANE/SANE_a+0.5_288x128x128_IHARM/m_1_1_80/image_a+0.5_1005_163_0_230.e9_6.2e9_3.20183e+28_80.dat
        82       0.432601        3.90267        188.007        15.0846        9.41681        11.7483       -1920.08     /gpfs/hpu/EHT2/IHARM/SANE/SANE_a+0.5_288x128x128_IHARM/m_1_1_80/image_a+0.5_1010_163_0_230.e9_6.2e9_3.20183e+28_80.dat
        83       0.418545        3.80142         170.86        14.6281        7.07347        10.2474       -1723.64     /gpfs/hpu/EHT2/IHARM/SANE/SANE_a+0.5_288x128x128_IHARM/m_1_1_80/image_a+0.5_1015_163_0_230.e9_6.2e9_3.20183e+28_80.dat
        84       0.398237        3.77644        120.517        11.2045        11.0724        10.9954       -1802.61     /gpfs/hpu/EHT2/IHARM/SANE/SANE_a+0.5_288x128x128_IHARM/m_1_1_80/image_a+0.5_1020_163_0_230.e9_6.2e9_3.20183e+28_80.dat
        85       0.502532        3.75199        205.756        23.4711        9.83388        15.5987       -2460.71     /gpfs/hpu/EHT2/IHARM/SANE/SANE_a+0.5_288x128x128_IHARM/m_1_1_80/image_a+0.5_1025_163_0_230.e9_6.2e9_3.20183e+28_80.dat
        86       0.494545        3.61152        187.521        14.8174        10.1079        12.0176       -2008.55     /gpfs/hpu/EHT2/IHARM/SANE/SANE_a+0.5_288x128x128_IHARM/m_1_1_80/image_a+0.5_1030_163_0_230.e9_6.2e9_3.20183e+28_80.dat
        87       0.588235        3.90567        190.876        18.6652         9.2279         13.188       -2175.08     /gpfs/hpu/EHT2/IHARM/SANE/SANE_a+0.5_288x128x128_IHARM/m_1_1_80/image_a+0.5_1035_163_0_230.e9_6.2e9_3.20183e+28_80.dat
        88       0.369359        3.54261        133.017        13.5573        7.10084         9.8006       -1636.46     /gpfs/hpu/EHT2/IHARM/SANE/SANE_a+0.5_288x128x128_IHARM/m_1_1_80/image_a+0.5_1040_163_0_230.e9_6.2e9_3.20183e+28_80.dat
        89       0.766101        4.05395        106.424        24.3907        41.0779        33.3813       -5079.36     /gpfs/hpu/EHT2/IHARM/SANE/SANE_a+0.5_288x128x128_IHARM/m_1_1_80/image_a+0.5_1045_163_0_230.e9_6.2e9_3.20183e+28_80.dat
        90       0.489461         4.1481        155.631        13.3332        7.17782        9.74673       -1682.41     /gpfs/hpu/EHT2/IHARM/SANE/SANE_a+0.5_288x128x128_IHARM/m_1_1_80/image_a+0.5_1050_163_0_230.e9_6.2e9_3.20183e+28_80.dat
        91       0.516356        3.77811        184.103        15.2404        5.82684        9.81786       -1756.72     /gpfs/hpu/EHT2/IHARM/SANE/SANE_a+0.5_288x128x128_IHARM/m_1_1_80/image_a+0.5_1055_163_0_230.e9_6.2e9_3.20183e+28_80.dat
        92       0.574248        3.35372        180.938        36.2438        13.4215        23.1059       -3455.31     /gpfs/hpu/EHT2/IHARM/SANE/SANE_a+0.5_288x128x128_IHARM/m_1_1_80/image_a+0.5_1060_163_0_230.e9_6.2e9_3.20183e+28_80.dat
        93       0.543686        3.73701        194.589        15.3161        12.2231        13.4097          -2207     /gpfs/hpu/EHT2/IHARM/SANE/SANE_a+0.5_288x128x128_IHARM/m_1_1_80/image_a+0.5_1065_163_0_230.e9_6.2e9_3.20183e+28_80.dat
        94       0.598078         3.7228        174.452        28.7848        8.48466        17.1406       -2646.34     /gpfs/hpu/EHT2/IHARM/SANE/SANE_a+0.5_288x128x128_IHARM/m_1_1_80/image_a+0.5_1070_163_0_230.e9_6.2e9_3.20183e+28_80.dat
        95       0.658117        3.79815        181.749        21.9922        17.1739         19.045       -2929.16     /gpfs/hpu/EHT2/IHARM/SANE/SANE_a+0.5_288x128x128_IHARM/m_1_1_80/image_a+0.5_1075_163_0_230.e9_6.2e9_3.20183e+28_80.dat
        96       0.398149        3.39956        191.106        8.64341        7.08548        7.67194       -1418.72     /gpfs/hpu/EHT2/IHARM/SANE/SANE_a+0.5_288x128x128_IHARM/m_1_1_80/image_a+0.5_1080_163_0_230.e9_6.2e9_3.20183e+28_80.dat
        97       0.420887          3.708        189.677        15.2687        9.70525        11.9882        -1959.3     /gpfs/hpu/EHT2/IHARM/SANE/SANE_a+0.5_288x128x128_IHARM/m_1_1_80/image_a+0.5_1085_163_0_230.e9_6.2e9_3.20183e+28_80.dat
        98       0.742521        3.93721        195.914         25.743        8.82467        16.0174       -2548.72     /gpfs/hpu/EHT2/IHARM/SANE/SANE_a+0.5_288x128x128_IHARM/m_1_1_80/image_a+0.5_1090_163_0_230.e9_6.2e9_3.20183e+28_80.dat
        99       0.538764        3.80865        204.373        19.4502        10.2717        14.1075       -2250.28     /gpfs/hpu/EHT2/IHARM/SANE/SANE_a+0.5_288x128x128_IHARM/m_1_1_80/image_a+0.5_1095_163_0_230.e9_6.2e9_3.20183e+28_80.dat
