   # Index         I (Jy)      M/D (uas)       PA (deg)  VA red. chisq  CP red. chisq     red. chisq     log-liklhd     FileName
         0       0.381998        3.02501         79.522        5.70442        7.35072         6.5515       -1186.89     /gpfs/hpu/EHT2/IHARM/SANE/SANE_a0_288x128x128_IHARM/m_1_1_80/image_a0_1000_163_0_230.e9_6.2e9_6.3713e+29_80.dat
         1       0.395866        2.92371        61.2694        5.54056        15.8015        11.1832       -1765.01     /gpfs/hpu/EHT2/IHARM/SANE/SANE_a0_288x128x128_IHARM/m_1_1_80/image_a0_1010_163_0_230.e9_6.2e9_6.3713e+29_80.dat
         2       0.413707         2.9396        155.486        4.65457        8.00838         6.4645       -1262.88     /gpfs/hpu/EHT2/IHARM/SANE/SANE_a0_288x128x128_IHARM/m_1_1_80/image_a0_1020_163_0_230.e9_6.2e9_6.3713e+29_80.dat
         3       0.420953        3.02305        131.797        5.75031        8.51847         7.2211       -1351.52     /gpfs/hpu/EHT2/IHARM/SANE/SANE_a0_288x128x128_IHARM/m_1_1_80/image_a0_1030_163_0_230.e9_6.2e9_6.3713e+29_80.dat
         4       0.586653        2.92623        115.453        8.22066         37.561        24.4477       -3692.93     /gpfs/hpu/EHT2/IHARM/SANE/SANE_a0_288x128x128_IHARM/m_1_1_80/image_a0_1040_163_0_230.e9_6.2e9_6.3713e+29_80.dat
         5       0.428758        2.99887        154.919        3.30866        5.81455        4.66304       -1042.99     /gpfs/hpu/EHT2/IHARM/SANE/SANE_a0_288x128x128_IHARM/m_1_1_80/image_a0_1050_163_0_230.e9_6.2e9_6.3713e+29_80.dat
         6       0.518425        2.98371        134.275        10.7741        4.36889        7.07956       -1352.97     /gpfs/hpu/EHT2/IHARM/SANE/SANE_a0_288x128x128_IHARM/m_1_1_80/image_a0_1060_163_0_230.e9_6.2e9_6.3713e+29_80.dat
         7       0.562516        3.14891        149.932        2.63237        10.3519        6.89605       -1314.52     /gpfs/hpu/EHT2/IHARM/SANE/SANE_a0_288x128x128_IHARM/m_1_1_80/image_a0_1070_163_0_230.e9_6.2e9_6.3713e+29_80.dat
         8       0.481377        2.88573        151.347        6.84834        5.17531        5.83454       -1181.38     /gpfs/hpu/EHT2/IHARM/SANE/SANE_a0_288x128x128_IHARM/m_1_1_80/image_a0_1080_163_0_230.e9_6.2e9_6.3713e+29_80.dat
         9       0.458191        2.99876        132.301        1.25422        4.30044        2.93412       -790.669     /gpfs/hpu/EHT2/IHARM/SANE/SANE_a0_288x128x128_IHARM/m_1_1_80/image_a0_1090_163_0_230.e9_6.2e9_6.3713e+29_80.dat
        10       0.465581        2.93134        98.1046        4.69264        21.2648        13.8575       -2179.82     /gpfs/hpu/EHT2/IHARM/SANE/SANE_a0_288x128x128_IHARM/m_1_1_80/image_a0_1100_163_0_230.e9_6.2e9_6.3713e+29_80.dat
        11       0.404294        2.99194        94.1756        7.00577        7.93826        7.43991       -1301.21     /gpfs/hpu/EHT2/IHARM/SANE/SANE_a0_288x128x128_IHARM/m_1_1_80/image_a0_1110_163_0_230.e9_6.2e9_6.3713e+29_80.dat
        12       0.434919        3.00477        120.051        3.34533         4.6821        4.04871       -907.461     /gpfs/hpu/EHT2/IHARM/SANE/SANE_a0_288x128x128_IHARM/m_1_1_80/image_a0_1120_163_0_230.e9_6.2e9_6.3713e+29_80.dat
        13       0.438747        2.92022        133.444        5.79821        10.9788         8.6108       -1505.52     /gpfs/hpu/EHT2/IHARM/SANE/SANE_a0_288x128x128_IHARM/m_1_1_80/image_a0_1130_163_0_230.e9_6.2e9_6.3713e+29_80.dat
        14       0.439292        3.17339        166.146        2.72452        5.33541         4.1444       -954.134     /gpfs/hpu/EHT2/IHARM/SANE/SANE_a0_288x128x128_IHARM/m_1_1_80/image_a0_1140_163_0_230.e9_6.2e9_6.3713e+29_80.dat
        15       0.458543        3.45732        176.201        4.96593        4.34968        4.56294       -959.641     /gpfs/hpu/EHT2/IHARM/SANE/SANE_a0_288x128x128_IHARM/m_1_1_80/image_a0_1150_163_0_230.e9_6.2e9_6.3713e+29_80.dat
        16        0.39768        2.90941        164.627         5.7592        6.03379        5.84233       -1144.81     /gpfs/hpu/EHT2/IHARM/SANE/SANE_a0_288x128x128_IHARM/m_1_1_80/image_a0_1160_163_0_230.e9_6.2e9_6.3713e+29_80.dat
        17       0.446939        3.01624        125.074        1.93406        3.71809        2.90339       -787.829     /gpfs/hpu/EHT2/IHARM/SANE/SANE_a0_288x128x128_IHARM/m_1_1_80/image_a0_1170_163_0_230.e9_6.2e9_6.3713e+29_80.dat
        18       0.487058          3.049        140.741        2.83252        5.68088        4.38323       -955.686     /gpfs/hpu/EHT2/IHARM/SANE/SANE_a0_288x128x128_IHARM/m_1_1_80/image_a0_1180_163_0_230.e9_6.2e9_6.3713e+29_80.dat
        19       0.463599         3.2862         169.68        8.36196        4.92589         6.3488       -1218.71     /gpfs/hpu/EHT2/IHARM/SANE/SANE_a0_288x128x128_IHARM/m_1_1_80/image_a0_1190_163_0_230.e9_6.2e9_6.3713e+29_80.dat
        20       0.403981        2.93382         152.94        2.53012        4.25007        3.45658        -833.11     /gpfs/hpu/EHT2/IHARM/SANE/SANE_a0_288x128x128_IHARM/m_1_1_80/image_a0_1200_163_0_230.e9_6.2e9_6.3713e+29_80.dat
        21       0.512967        3.25895        196.593        5.83173        5.83368        5.76227       -1186.38     /gpfs/hpu/EHT2/IHARM/SANE/SANE_a0_288x128x128_IHARM/m_1_1_80/image_a0_1210_163_0_230.e9_6.2e9_6.3713e+29_80.dat
        22       0.416895        3.20176        137.333        3.62408        4.52167        4.07971       -878.407     /gpfs/hpu/EHT2/IHARM/SANE/SANE_a0_288x128x128_IHARM/m_1_1_80/image_a0_1220_163_0_230.e9_6.2e9_6.3713e+29_80.dat
        23       0.384679        3.15093        129.509        5.36559        5.94434        5.62273       -1080.35     /gpfs/hpu/EHT2/IHARM/SANE/SANE_a0_288x128x128_IHARM/m_1_1_80/image_a0_1230_163_0_230.e9_6.2e9_6.3713e+29_80.dat
        24       0.415605        3.00762        119.013        4.77657        9.20228        7.18148       -1321.73     /gpfs/hpu/EHT2/IHARM/SANE/SANE_a0_288x128x128_IHARM/m_1_1_80/image_a0_1240_163_0_230.e9_6.2e9_6.3713e+29_80.dat
        25       0.480033        3.06123        173.083          6.005        4.18534        4.91981       -1062.07     /gpfs/hpu/EHT2/IHARM/SANE/SANE_a0_288x128x128_IHARM/m_1_1_80/image_a0_1250_163_0_230.e9_6.2e9_6.3713e+29_80.dat
        26       0.364919         2.9141        102.978        6.07555        6.15991          6.049       -1122.81     /gpfs/hpu/EHT2/IHARM/SANE/SANE_a0_288x128x128_IHARM/m_1_1_80/image_a0_1260_163_0_230.e9_6.2e9_6.3713e+29_80.dat
        27       0.616663        2.89789        147.205        3.50425        52.6634        30.8165       -4665.88     /gpfs/hpu/EHT2/IHARM/SANE/SANE_a0_288x128x128_IHARM/m_1_1_80/image_a0_1270_163_0_230.e9_6.2e9_6.3713e+29_80.dat
        28       0.498174        2.97928        155.568        3.04622          23.29         14.274        -2240.6     /gpfs/hpu/EHT2/IHARM/SANE/SANE_a0_288x128x128_IHARM/m_1_1_80/image_a0_1280_163_0_230.e9_6.2e9_6.3713e+29_80.dat
        29       0.681457        3.37685        204.672        2.93349        9.47255        6.53668       -1347.65     /gpfs/hpu/EHT2/IHARM/SANE/SANE_a0_288x128x128_IHARM/m_1_1_80/image_a0_1290_163_0_230.e9_6.2e9_6.3713e+29_80.dat
        30       0.425141        3.12437        109.972        4.00914        6.28086        5.22474       -1041.34     /gpfs/hpu/EHT2/IHARM/SANE/SANE_a0_288x128x128_IHARM/m_1_1_80/image_a0_1300_163_0_230.e9_6.2e9_6.3713e+29_80.dat
        31       0.377626        2.89251        118.243        4.58933        4.52754        4.49943       -940.344     /gpfs/hpu/EHT2/IHARM/SANE/SANE_a0_288x128x128_IHARM/m_1_1_80/image_a0_1310_163_0_230.e9_6.2e9_6.3713e+29_80.dat
        32       0.561669        3.20247        145.258         4.6797        8.80856         6.9206       -1269.26     /gpfs/hpu/EHT2/IHARM/SANE/SANE_a0_288x128x128_IHARM/m_1_1_80/image_a0_1320_163_0_230.e9_6.2e9_6.3713e+29_80.dat
        33       0.450928        2.96349        125.141          4.114        4.81146        4.45233       -947.751     /gpfs/hpu/EHT2/IHARM/SANE/SANE_a0_288x128x128_IHARM/m_1_1_80/image_a0_1330_163_0_230.e9_6.2e9_6.3713e+29_80.dat
        34       0.444962        3.04189        108.678        11.6753          5.999         8.3755        -1439.1     /gpfs/hpu/EHT2/IHARM/SANE/SANE_a0_288x128x128_IHARM/m_1_1_80/image_a0_1340_163_0_230.e9_6.2e9_6.3713e+29_80.dat
        35       0.622705        2.80254        184.757        8.39941        13.7733        11.2881       -1982.64     /gpfs/hpu/EHT2/IHARM/SANE/SANE_a0_288x128x128_IHARM/m_1_1_80/image_a0_1350_163_0_230.e9_6.2e9_6.3713e+29_80.dat
        36       0.406756        2.88542        136.474        7.34176        6.65584        6.87126       -1270.33     /gpfs/hpu/EHT2/IHARM/SANE/SANE_a0_288x128x128_IHARM/m_1_1_80/image_a0_1360_163_0_230.e9_6.2e9_6.3713e+29_80.dat
        37       0.490422        3.21309         165.89        3.59542        4.35407        3.97408       -947.564     /gpfs/hpu/EHT2/IHARM/SANE/SANE_a0_288x128x128_IHARM/m_1_1_80/image_a0_1370_163_0_230.e9_6.2e9_6.3713e+29_80.dat
        38       0.471841        3.01579        189.852        4.55204        6.44767         5.5518       -1124.77     /gpfs/hpu/EHT2/IHARM/SANE/SANE_a0_288x128x128_IHARM/m_1_1_80/image_a0_1380_163_0_230.e9_6.2e9_6.3713e+29_80.dat
        39       0.447627        2.79346        171.961        3.65495        5.19814        4.46945       -972.612     /gpfs/hpu/EHT2/IHARM/SANE/SANE_a0_288x128x128_IHARM/m_1_1_80/image_a0_1390_163_0_230.e9_6.2e9_6.3713e+29_80.dat
        40       0.459644        3.03656        169.505        3.44424        4.34367        3.90306       -876.264     /gpfs/hpu/EHT2/IHARM/SANE/SANE_a0_288x128x128_IHARM/m_1_1_80/image_a0_1400_163_0_230.e9_6.2e9_6.3713e+29_80.dat
        41       0.418833        2.98632        164.882        2.88584        4.76505        3.89662       -861.692     /gpfs/hpu/EHT2/IHARM/SANE/SANE_a0_288x128x128_IHARM/m_1_1_80/image_a0_1410_163_0_230.e9_6.2e9_6.3713e+29_80.dat
        42       0.486113        3.07353        115.873        4.55722        5.31913        4.92606       -995.691     /gpfs/hpu/EHT2/IHARM/SANE/SANE_a0_288x128x128_IHARM/m_1_1_80/image_a0_1420_163_0_230.e9_6.2e9_6.3713e+29_80.dat
        43       0.607397        3.07876        208.228        3.37243        6.58706        5.12042       -1145.13     /gpfs/hpu/EHT2/IHARM/SANE/SANE_a0_288x128x128_IHARM/m_1_1_80/image_a0_1430_163_0_230.e9_6.2e9_6.3713e+29_80.dat
        44       0.551796        3.15768        195.376        3.50726         6.4564        5.10588          -1134     /gpfs/hpu/EHT2/IHARM/SANE/SANE_a0_288x128x128_IHARM/m_1_1_80/image_a0_1440_163_0_230.e9_6.2e9_6.3713e+29_80.dat
        45       0.515749        3.08111        170.667        4.78408        7.22116        6.08233       -1214.65     /gpfs/hpu/EHT2/IHARM/SANE/SANE_a0_288x128x128_IHARM/m_1_1_80/image_a0_1450_163_0_230.e9_6.2e9_6.3713e+29_80.dat
        46       0.436285        2.97319        146.655        5.63572        4.99865        5.21304          -1044     /gpfs/hpu/EHT2/IHARM/SANE/SANE_a0_288x128x128_IHARM/m_1_1_80/image_a0_1460_163_0_230.e9_6.2e9_6.3713e+29_80.dat
        47       0.463627        3.32416        117.193        4.84026         6.7713        5.85624       -1115.77     /gpfs/hpu/EHT2/IHARM/SANE/SANE_a0_288x128x128_IHARM/m_1_1_80/image_a0_1470_163_0_230.e9_6.2e9_6.3713e+29_80.dat
        48       0.522422         3.1259        119.739        12.2935         12.577        12.3025        -1973.3     /gpfs/hpu/EHT2/IHARM/SANE/SANE_a0_288x128x128_IHARM/m_1_1_80/image_a0_1480_163_0_230.e9_6.2e9_6.3713e+29_80.dat
        49       0.500104        2.99457        159.908        9.13901        4.15858        6.25709       -1240.99     /gpfs/hpu/EHT2/IHARM/SANE/SANE_a0_288x128x128_IHARM/m_1_1_80/image_a0_1490_163_0_230.e9_6.2e9_6.3713e+29_80.dat
        50       0.440921        3.00445        155.392        5.54977        3.92958        4.58108       -981.771     /gpfs/hpu/EHT2/IHARM/SANE/SANE_a0_288x128x128_IHARM/m_1_1_80/image_a0_1500_163_0_230.e9_6.2e9_6.3713e+29_80.dat
        51       0.462065        3.15888        145.791        2.27705        4.70159        3.59864       -861.921     /gpfs/hpu/EHT2/IHARM/SANE/SANE_a0_288x128x128_IHARM/m_1_1_80/image_a0_1510_163_0_230.e9_6.2e9_6.3713e+29_80.dat
        52       0.485514        3.15397         168.54        3.34102        5.73816        4.63449       -981.984     /gpfs/hpu/EHT2/IHARM/SANE/SANE_a0_288x128x128_IHARM/m_1_1_80/image_a0_1520_163_0_230.e9_6.2e9_6.3713e+29_80.dat
        53       0.480662        3.03934        157.998        1.82502        4.39364        3.23225       -856.598     /gpfs/hpu/EHT2/IHARM/SANE/SANE_a0_288x128x128_IHARM/m_1_1_80/image_a0_1530_163_0_230.e9_6.2e9_6.3713e+29_80.dat
        54        0.42612        3.11229        141.054        7.25043        6.24257         6.6019       -1210.91     /gpfs/hpu/EHT2/IHARM/SANE/SANE_a0_288x128x128_IHARM/m_1_1_80/image_a0_1540_163_0_230.e9_6.2e9_6.3713e+29_80.dat
        55       0.527484        3.15791        144.505        3.96845         6.3664        5.25479       -1050.37     /gpfs/hpu/EHT2/IHARM/SANE/SANE_a0_288x128x128_IHARM/m_1_1_80/image_a0_1550_163_0_230.e9_6.2e9_6.3713e+29_80.dat
        56       0.425189        2.98922        128.586        5.42596         6.4119        5.90895       -1143.33     /gpfs/hpu/EHT2/IHARM/SANE/SANE_a0_288x128x128_IHARM/m_1_1_80/image_a0_1560_163_0_230.e9_6.2e9_6.3713e+29_80.dat
        57       0.510799        2.77961        139.597        4.42071        9.90821        7.42076       -1392.55     /gpfs/hpu/EHT2/IHARM/SANE/SANE_a0_288x128x128_IHARM/m_1_1_80/image_a0_1570_163_0_230.e9_6.2e9_6.3713e+29_80.dat
        58       0.388032        2.95177        113.086        7.28422        3.65797        5.17827       -1013.96     /gpfs/hpu/EHT2/IHARM/SANE/SANE_a0_288x128x128_IHARM/m_1_1_80/image_a0_1580_163_0_230.e9_6.2e9_6.3713e+29_80.dat
        59        0.45981        3.08535         136.29        3.59425        4.47434         4.0405       -887.185     /gpfs/hpu/EHT2/IHARM/SANE/SANE_a0_288x128x128_IHARM/m_1_1_80/image_a0_1590_163_0_230.e9_6.2e9_6.3713e+29_80.dat
        60       0.463932        3.14039         153.62         3.7127        7.24764        5.63481       -1140.15     /gpfs/hpu/EHT2/IHARM/SANE/SANE_a0_288x128x128_IHARM/m_1_1_80/image_a0_1600_163_0_230.e9_6.2e9_6.3713e+29_80.dat
        61        0.56109        3.08588        195.604        2.76865        10.6476        7.11941       -1377.48     /gpfs/hpu/EHT2/IHARM/SANE/SANE_a0_288x128x128_IHARM/m_1_1_80/image_a0_1610_163_0_230.e9_6.2e9_6.3713e+29_80.dat
        62       0.603469        3.28871        211.068        1.37276        8.66265        5.41263       -1185.62     /gpfs/hpu/EHT2/IHARM/SANE/SANE_a0_288x128x128_IHARM/m_1_1_80/image_a0_1620_163_0_230.e9_6.2e9_6.3713e+29_80.dat
        63       0.577627        3.17301        159.415        3.10995         4.3989        3.78957       -959.245     /gpfs/hpu/EHT2/IHARM/SANE/SANE_a0_288x128x128_IHARM/m_1_1_80/image_a0_1630_163_0_230.e9_6.2e9_6.3713e+29_80.dat
        64       0.352942        3.04948         108.17        4.48863        5.19213        4.82579       -986.924     /gpfs/hpu/EHT2/IHARM/SANE/SANE_a0_288x128x128_IHARM/m_1_1_80/image_a0_1640_163_0_230.e9_6.2e9_6.3713e+29_80.dat
        65       0.441072        3.12067        127.604        2.89651        9.23224          6.387       -1167.76     /gpfs/hpu/EHT2/IHARM/SANE/SANE_a0_288x128x128_IHARM/m_1_1_80/image_a0_1650_163_0_230.e9_6.2e9_6.3713e+29_80.dat
        66       0.447059        3.19727        160.916        3.83432        4.68582        4.26176       -986.775     /gpfs/hpu/EHT2/IHARM/SANE/SANE_a0_288x128x128_IHARM/m_1_1_80/image_a0_1660_163_0_230.e9_6.2e9_6.3713e+29_80.dat
        67        0.50151        3.04449        178.965        4.51444        6.56943        5.60333        -1159.9     /gpfs/hpu/EHT2/IHARM/SANE/SANE_a0_288x128x128_IHARM/m_1_1_80/image_a0_1670_163_0_230.e9_6.2e9_6.3713e+29_80.dat
        68       0.466279        3.03811        186.612        2.25646        10.0802        6.58271       -1297.07     /gpfs/hpu/EHT2/IHARM/SANE/SANE_a0_288x128x128_IHARM/m_1_1_80/image_a0_1680_163_0_230.e9_6.2e9_6.3713e+29_80.dat
        69       0.435689         3.0182        191.211        6.69625        5.54123        5.97253        -1184.3     /gpfs/hpu/EHT2/IHARM/SANE/SANE_a0_288x128x128_IHARM/m_1_1_80/image_a0_1690_163_0_230.e9_6.2e9_6.3713e+29_80.dat
        70       0.379613        3.04632        146.129        6.73042        6.27252         6.3942       -1202.12     /gpfs/hpu/EHT2/IHARM/SANE/SANE_a0_288x128x128_IHARM/m_1_1_80/image_a0_1700_163_0_230.e9_6.2e9_6.3713e+29_80.dat
        71       0.563552        2.98326         168.75        6.07893         11.648        9.10433       -1671.47     /gpfs/hpu/EHT2/IHARM/SANE/SANE_a0_288x128x128_IHARM/m_1_1_80/image_a0_1710_163_0_230.e9_6.2e9_6.3713e+29_80.dat
        72       0.380746        3.01627        161.978        4.60496        3.49045        3.92908       -901.469     /gpfs/hpu/EHT2/IHARM/SANE/SANE_a0_288x128x128_IHARM/m_1_1_80/image_a0_1720_163_0_230.e9_6.2e9_6.3713e+29_80.dat
        73       0.678154        3.14959        194.634          4.232        24.2964        15.3457       -2466.69     /gpfs/hpu/EHT2/IHARM/SANE/SANE_a0_288x128x128_IHARM/m_1_1_80/image_a0_1730_163_0_230.e9_6.2e9_6.3713e+29_80.dat
        74       0.403839        3.02279         147.92        3.72115        17.6883        11.4482       -1886.67     /gpfs/hpu/EHT2/IHARM/SANE/SANE_a0_288x128x128_IHARM/m_1_1_80/image_a0_1740_163_0_230.e9_6.2e9_6.3713e+29_80.dat
        75       0.417449        3.09607        135.488        4.43797        8.90004        6.86721       -1226.85     /gpfs/hpu/EHT2/IHARM/SANE/SANE_a0_288x128x128_IHARM/m_1_1_80/image_a0_1750_163_0_230.e9_6.2e9_6.3713e+29_80.dat
        76       0.648882        3.05579        199.405        3.27992        9.48172        6.69124       -1349.89     /gpfs/hpu/EHT2/IHARM/SANE/SANE_a0_288x128x128_IHARM/m_1_1_80/image_a0_1760_163_0_230.e9_6.2e9_6.3713e+29_80.dat
        77       0.388597         3.1593        118.682         3.6058        5.36615        4.54173       -951.601     /gpfs/hpu/EHT2/IHARM/SANE/SANE_a0_288x128x128_IHARM/m_1_1_80/image_a0_1770_163_0_230.e9_6.2e9_6.3713e+29_80.dat
        78       0.439071        3.22887        91.2896        1.54892        3.48266        2.60621       -709.002     /gpfs/hpu/EHT2/IHARM/SANE/SANE_a0_288x128x128_IHARM/m_1_1_80/image_a0_1780_163_0_230.e9_6.2e9_6.3713e+29_80.dat
        79       0.360061        2.90893        126.493         6.8705        10.3424        8.71936       -1483.46     /gpfs/hpu/EHT2/IHARM/SANE/SANE_a0_288x128x128_IHARM/m_1_1_80/image_a0_1790_163_0_230.e9_6.2e9_6.3713e+29_80.dat
        80       0.434449        2.95884        66.6828        8.07506         16.589         12.715       -2029.42     /gpfs/hpu/EHT2/IHARM/SANE/SANE_a0_288x128x128_IHARM/m_1_1_80/image_a0_1800_163_0_230.e9_6.2e9_6.3713e+29_80.dat
        81       0.676301        3.44059       -96.2194        5.96191        63.4954        37.9044       -5191.77     /gpfs/hpu/EHT2/IHARM/SANE/SANE_a0_288x128x128_IHARM/m_1_1_80/image_a0_1810_163_0_230.e9_6.2e9_6.3713e+29_80.dat
        82       0.392403        3.17067       -158.208        2.86948         4.2027        3.57664       -872.507     /gpfs/hpu/EHT2/IHARM/SANE/SANE_a0_288x128x128_IHARM/m_1_1_80/image_a0_1820_163_0_230.e9_6.2e9_6.3713e+29_80.dat
        83       0.392515         3.3053         -213.9        4.42264        3.38663        3.79265       -848.343     /gpfs/hpu/EHT2/IHARM/SANE/SANE_a0_288x128x128_IHARM/m_1_1_80/image_a0_1830_163_0_230.e9_6.2e9_6.3713e+29_80.dat
        84       0.481988        3.12079       -197.477        4.12336        8.35109        6.42601       -1213.14     /gpfs/hpu/EHT2/IHARM/SANE/SANE_a0_288x128x128_IHARM/m_1_1_80/image_a0_1840_163_0_230.e9_6.2e9_6.3713e+29_80.dat
        85       0.717028        2.88662       -237.151         8.3036        6.50017        7.19963       -1446.11     /gpfs/hpu/EHT2/IHARM/SANE/SANE_a0_288x128x128_IHARM/m_1_1_80/image_a0_1850_163_0_230.e9_6.2e9_6.3713e+29_80.dat
        86       0.492929        2.98907       -229.061        6.16879        5.16615        5.53624       -1108.41     /gpfs/hpu/EHT2/IHARM/SANE/SANE_a0_288x128x128_IHARM/m_1_1_80/image_a0_1860_163_0_230.e9_6.2e9_6.3713e+29_80.dat
        87       0.515162        3.03416       -186.731         7.7882        4.52384        5.87753       -1213.46     /gpfs/hpu/EHT2/IHARM/SANE/SANE_a0_288x128x128_IHARM/m_1_1_80/image_a0_1870_163_0_230.e9_6.2e9_6.3713e+29_80.dat
        88       0.396776         2.9689       -261.706        10.8044        7.22066        8.67953       -1458.15     /gpfs/hpu/EHT2/IHARM/SANE/SANE_a0_288x128x128_IHARM/m_1_1_80/image_a0_1880_163_0_230.e9_6.2e9_6.3713e+29_80.dat
        89       0.444088        2.91919       -287.897        7.35522         10.045        8.76297       -1480.31     /gpfs/hpu/EHT2/IHARM/SANE/SANE_a0_288x128x128_IHARM/m_1_1_80/image_a0_1890_163_0_230.e9_6.2e9_6.3713e+29_80.dat
        90       0.592184        3.15825       -184.715        2.55688        15.6425        9.80745       -1761.18     /gpfs/hpu/EHT2/IHARM/SANE/SANE_a0_288x128x128_IHARM/m_1_1_80/image_a0_1900_163_0_230.e9_6.2e9_6.3713e+29_80.dat
        91       0.469848        3.07938        179.423        2.89864        7.88498        5.63823       -1150.38     /gpfs/hpu/EHT2/IHARM/SANE/SANE_a0_288x128x128_IHARM/m_1_1_80/image_a0_1910_163_0_230.e9_6.2e9_6.3713e+29_80.dat
        92       0.493638        3.19866        171.842         3.9771        5.10696         4.5577       -1000.41     /gpfs/hpu/EHT2/IHARM/SANE/SANE_a0_288x128x128_IHARM/m_1_1_80/image_a0_1920_163_0_230.e9_6.2e9_6.3713e+29_80.dat
        93        0.50876        3.02294         174.42        3.72446        25.2837        15.6761       -2455.76     /gpfs/hpu/EHT2/IHARM/SANE/SANE_a0_288x128x128_IHARM/m_1_1_80/image_a0_1930_163_0_230.e9_6.2e9_6.3713e+29_80.dat
        94       0.422982        3.04232        169.272        2.95106        3.15107        3.02666       -783.697     /gpfs/hpu/EHT2/IHARM/SANE/SANE_a0_288x128x128_IHARM/m_1_1_80/image_a0_1940_163_0_230.e9_6.2e9_6.3713e+29_80.dat
        95       0.495165        3.05227         165.45        4.36777        3.77703        3.98621       -944.098     /gpfs/hpu/EHT2/IHARM/SANE/SANE_a0_288x128x128_IHARM/m_1_1_80/image_a0_1950_163_0_230.e9_6.2e9_6.3713e+29_80.dat
        96        0.43944        3.07444        160.302        2.67132        4.03769        3.39932       -827.437     /gpfs/hpu/EHT2/IHARM/SANE/SANE_a0_288x128x128_IHARM/m_1_1_80/image_a0_1960_163_0_230.e9_6.2e9_6.3713e+29_80.dat
        97       0.448858        2.91662        142.789        5.30996        5.52623        5.36607       -1100.56     /gpfs/hpu/EHT2/IHARM/SANE/SANE_a0_288x128x128_IHARM/m_1_1_80/image_a0_1970_163_0_230.e9_6.2e9_6.3713e+29_80.dat
        98         0.4267        2.99664        170.838        4.71605        4.08327        4.30689       -975.587     /gpfs/hpu/EHT2/IHARM/SANE/SANE_a0_288x128x128_IHARM/m_1_1_80/image_a0_1980_163_0_230.e9_6.2e9_6.3713e+29_80.dat
        99       0.375247        2.95589         154.28        3.58224        4.84031        4.23896       -910.372     /gpfs/hpu/EHT2/IHARM/SANE/SANE_a0_288x128x128_IHARM/m_1_1_80/image_a0_1990_163_0_230.e9_6.2e9_6.3713e+29_80.dat
