   # Index         I (Jy)      M/D (uas)       PA (deg)  VA red. chisq  CP red. chisq     red. chisq     log-liklhd     FileName
         0        0.95947        4.87572       -31.7213        23.5238        17.1781        19.7081        -2943.8     /gpfs/hpu/EHT2/IHARM/MAD/MAD_a-0.94_384x192x192_IHARM/m_1_1_80/image_a-0.94_0000_17_0_230.e9_6.2e9_3.16357e+25_80.dat
         1        1.14202        5.03125        9.56274        25.4378        28.4582        26.8108       -3929.91     /gpfs/hpu/EHT2/IHARM/MAD/MAD_a-0.94_384x192x192_IHARM/m_1_1_80/image_a-0.94_0001_17_0_230.e9_6.2e9_3.16357e+25_80.dat
         2       0.630594        3.31618       -15.0947        8.70168        10.7949        9.76117       -1703.91     /gpfs/hpu/EHT2/IHARM/MAD/MAD_a-0.94_384x192x192_IHARM/m_1_1_80/image_a-0.94_0002_17_0_230.e9_6.2e9_3.16357e+25_80.dat
         3        1.28409        3.52522       -71.2646        11.8109        48.9686        32.3445       -4811.56     /gpfs/hpu/EHT2/IHARM/MAD/MAD_a-0.94_384x192x192_IHARM/m_1_1_80/image_a-0.94_0003_17_0_230.e9_6.2e9_3.16357e+25_80.dat
         4        0.57286        4.38687         13.521         7.9451         14.287        11.3779       -1842.36     /gpfs/hpu/EHT2/IHARM/MAD/MAD_a-0.94_384x192x192_IHARM/m_1_1_80/image_a-0.94_0004_17_0_230.e9_6.2e9_3.16357e+25_80.dat
         5       0.539341        3.76942       -32.6559        3.84575        9.44113        6.91279       -1371.53     /gpfs/hpu/EHT2/IHARM/MAD/MAD_a-0.94_384x192x192_IHARM/m_1_1_80/image_a-0.94_0005_17_0_230.e9_6.2e9_3.16357e+25_80.dat
         6        0.58146        3.46132       -26.1518        6.51455        10.6049         8.7118       -1587.62     /gpfs/hpu/EHT2/IHARM/MAD/MAD_a-0.94_384x192x192_IHARM/m_1_1_80/image_a-0.94_0006_17_0_230.e9_6.2e9_3.16357e+25_80.dat
         7       0.890396        3.24931        -61.136        2.99847        8.64699        6.10533       -1366.89     /gpfs/hpu/EHT2/IHARM/MAD/MAD_a-0.94_384x192x192_IHARM/m_1_1_80/image_a-0.94_0007_17_0_230.e9_6.2e9_3.16357e+25_80.dat
         8       0.585656        3.65238       -143.953        5.50567        11.9818        9.04272       -1518.86     /gpfs/hpu/EHT2/IHARM/MAD/MAD_a-0.94_384x192x192_IHARM/m_1_1_80/image_a-0.94_0008_17_0_230.e9_6.2e9_3.16357e+25_80.dat
         9       0.441344         3.7122       -138.103        4.05809        8.80267        6.64913       -1195.44     /gpfs/hpu/EHT2/IHARM/MAD/MAD_a-0.94_384x192x192_IHARM/m_1_1_80/image_a-0.94_0009_17_0_230.e9_6.2e9_3.16357e+25_80.dat
        10       0.527546        3.64343       -69.4439        11.1357        13.3364        12.2256       -1964.75     /gpfs/hpu/EHT2/IHARM/MAD/MAD_a-0.94_384x192x192_IHARM/m_1_1_80/image_a-0.94_0010_17_0_230.e9_6.2e9_3.16357e+25_80.dat
        11       0.961881        4.52787        -154.73        9.02998        42.2199        27.3893       -3892.85     /gpfs/hpu/EHT2/IHARM/MAD/MAD_a-0.94_384x192x192_IHARM/m_1_1_80/image_a-0.94_0011_17_0_230.e9_6.2e9_3.16357e+25_80.dat
        12       0.603792        3.60832       -72.1361        5.33891         11.762        8.84845        -1669.7     /gpfs/hpu/EHT2/IHARM/MAD/MAD_a-0.94_384x192x192_IHARM/m_1_1_80/image_a-0.94_0012_17_0_230.e9_6.2e9_3.16357e+25_80.dat
        13       0.595754        4.16016        -25.576        2.70614        5.27093        4.10059        -1000.8     /gpfs/hpu/EHT2/IHARM/MAD/MAD_a-0.94_384x192x192_IHARM/m_1_1_80/image_a-0.94_0013_17_0_230.e9_6.2e9_3.16357e+25_80.dat
        14       0.625311        3.69545       -106.694        3.39704        12.8075        8.59244        -1563.4     /gpfs/hpu/EHT2/IHARM/MAD/MAD_a-0.94_384x192x192_IHARM/m_1_1_80/image_a-0.94_0014_17_0_230.e9_6.2e9_3.16357e+25_80.dat
        15       0.642382        3.80676       -55.9464        7.31205        7.62044         7.3952       -1338.22     /gpfs/hpu/EHT2/IHARM/MAD/MAD_a-0.94_384x192x192_IHARM/m_1_1_80/image_a-0.94_0015_17_0_230.e9_6.2e9_3.16357e+25_80.dat
        16       0.496055        3.88922       -117.596        5.35816        14.4709        10.3641       -1686.98     /gpfs/hpu/EHT2/IHARM/MAD/MAD_a-0.94_384x192x192_IHARM/m_1_1_80/image_a-0.94_0016_17_0_230.e9_6.2e9_3.16357e+25_80.dat
        17       0.620877        3.98943       -2.55165        9.48859        11.1119        10.2771       -1668.92     /gpfs/hpu/EHT2/IHARM/MAD/MAD_a-0.94_384x192x192_IHARM/m_1_1_80/image_a-0.94_0017_17_0_230.e9_6.2e9_3.16357e+25_80.dat
        18       0.532785        3.41325       -49.0945        20.8942        10.9158         15.089       -2300.15     /gpfs/hpu/EHT2/IHARM/MAD/MAD_a-0.94_384x192x192_IHARM/m_1_1_80/image_a-0.94_0018_17_0_230.e9_6.2e9_3.16357e+25_80.dat
        19       0.532858        4.08425       -26.7122        7.82403        8.80786        8.27684       -1431.47     /gpfs/hpu/EHT2/IHARM/MAD/MAD_a-0.94_384x192x192_IHARM/m_1_1_80/image_a-0.94_0019_17_0_230.e9_6.2e9_3.16357e+25_80.dat
        20       0.599053        4.00484       -17.8102        6.79204        7.47791        7.09153       -1326.06     /gpfs/hpu/EHT2/IHARM/MAD/MAD_a-0.94_384x192x192_IHARM/m_1_1_80/image_a-0.94_0020_17_0_230.e9_6.2e9_3.16357e+25_80.dat
        21       0.697145        3.44087        115.033        10.9331        40.1846        27.0779       -3983.58     /gpfs/hpu/EHT2/IHARM/MAD/MAD_a-0.94_384x192x192_IHARM/m_1_1_80/image_a-0.94_0021_17_0_230.e9_6.2e9_3.16357e+25_80.dat
        22       0.654268        4.35721          272.8        4.30645        12.2531         8.6763       -1470.44     /gpfs/hpu/EHT2/IHARM/MAD/MAD_a-0.94_384x192x192_IHARM/m_1_1_80/image_a-0.94_0022_17_0_230.e9_6.2e9_3.16357e+25_80.dat
        23       0.574774        4.34406        287.826        3.32948        9.77375        6.87513       -1250.96     /gpfs/hpu/EHT2/IHARM/MAD/MAD_a-0.94_384x192x192_IHARM/m_1_1_80/image_a-0.94_0023_17_0_230.e9_6.2e9_3.16357e+25_80.dat
        24       0.602046        4.03457        293.744        3.69781        12.4696        8.53414       -1513.78     /gpfs/hpu/EHT2/IHARM/MAD/MAD_a-0.94_384x192x192_IHARM/m_1_1_80/image_a-0.94_0024_17_0_230.e9_6.2e9_3.16357e+25_80.dat
        25       0.556883        3.70131        273.346        3.31776        5.41407        4.44412       -984.915     /gpfs/hpu/EHT2/IHARM/MAD/MAD_a-0.94_384x192x192_IHARM/m_1_1_80/image_a-0.94_0025_17_0_230.e9_6.2e9_3.16357e+25_80.dat
        26       0.756134        3.35846        299.809        14.0681        13.9183        13.8146       -2269.14     /gpfs/hpu/EHT2/IHARM/MAD/MAD_a-0.94_384x192x192_IHARM/m_1_1_80/image_a-0.94_0026_17_0_230.e9_6.2e9_3.16357e+25_80.dat
        27       0.649379        3.41148        316.383        3.85912        4.68069         4.2696        -1016.1     /gpfs/hpu/EHT2/IHARM/MAD/MAD_a-0.94_384x192x192_IHARM/m_1_1_80/image_a-0.94_0027_17_0_230.e9_6.2e9_3.16357e+25_80.dat
        28       0.625335        3.67169        323.449        8.21326        14.5662         11.649       -1994.33     /gpfs/hpu/EHT2/IHARM/MAD/MAD_a-0.94_384x192x192_IHARM/m_1_1_80/image_a-0.94_0028_17_0_230.e9_6.2e9_3.16357e+25_80.dat
        29       0.626865        3.78709        305.552         9.0345        15.3188        12.4221       -1946.52     /gpfs/hpu/EHT2/IHARM/MAD/MAD_a-0.94_384x192x192_IHARM/m_1_1_80/image_a-0.94_0029_17_0_230.e9_6.2e9_3.16357e+25_80.dat
        30       0.995673        3.74843        322.154        4.08448        17.3374        11.4097       -2027.05     /gpfs/hpu/EHT2/IHARM/MAD/MAD_a-0.94_384x192x192_IHARM/m_1_1_80/image_a-0.94_0030_17_0_230.e9_6.2e9_3.16357e+25_80.dat
        31       0.509611        4.02564        275.443        2.93594        2.56654        2.69487       -725.905     /gpfs/hpu/EHT2/IHARM/MAD/MAD_a-0.94_384x192x192_IHARM/m_1_1_80/image_a-0.94_0031_17_0_230.e9_6.2e9_3.16357e+25_80.dat
        32        0.41591        3.53268         253.32        4.09618        11.3086        8.05999       -1397.81     /gpfs/hpu/EHT2/IHARM/MAD/MAD_a-0.94_384x192x192_IHARM/m_1_1_80/image_a-0.94_0032_17_0_230.e9_6.2e9_3.16357e+25_80.dat
        33        0.67638        3.62766        348.184        9.00704        7.11113         7.8431       -1469.71     /gpfs/hpu/EHT2/IHARM/MAD/MAD_a-0.94_384x192x192_IHARM/m_1_1_80/image_a-0.94_0033_17_0_230.e9_6.2e9_3.16357e+25_80.dat
        34       0.481651        3.60546         324.36        6.84827         10.578        8.84082       -1508.63     /gpfs/hpu/EHT2/IHARM/MAD/MAD_a-0.94_384x192x192_IHARM/m_1_1_80/image_a-0.94_0034_17_0_230.e9_6.2e9_3.16357e+25_80.dat
        35       0.698951        3.62982        338.819        4.97031        8.23121        6.72472       -1307.65     /gpfs/hpu/EHT2/IHARM/MAD/MAD_a-0.94_384x192x192_IHARM/m_1_1_80/image_a-0.94_0035_17_0_230.e9_6.2e9_3.16357e+25_80.dat
        36       0.882473        3.31643        359.955        21.3929        8.54904        13.9871       -2286.08     /gpfs/hpu/EHT2/IHARM/MAD/MAD_a-0.94_384x192x192_IHARM/m_1_1_80/image_a-0.94_0036_17_0_230.e9_6.2e9_3.16357e+25_80.dat
        37        0.70584        3.75691        272.401        5.31372        17.0218        11.7644       -1980.94     /gpfs/hpu/EHT2/IHARM/MAD/MAD_a-0.94_384x192x192_IHARM/m_1_1_80/image_a-0.94_0037_17_0_230.e9_6.2e9_3.16357e+25_80.dat
        38       0.716422        4.06348        306.741         15.031        25.8749        20.8833       -3053.01     /gpfs/hpu/EHT2/IHARM/MAD/MAD_a-0.94_384x192x192_IHARM/m_1_1_80/image_a-0.94_0038_17_0_230.e9_6.2e9_3.16357e+25_80.dat
        39       0.624798        4.37273        295.994        4.48516        25.3672        16.0508       -2428.02     /gpfs/hpu/EHT2/IHARM/MAD/MAD_a-0.94_384x192x192_IHARM/m_1_1_80/image_a-0.94_0039_17_0_230.e9_6.2e9_3.16357e+25_80.dat
        40       0.925669        4.56062        340.505        26.4428         24.086        24.8115       -3578.36     /gpfs/hpu/EHT2/IHARM/MAD/MAD_a-0.94_384x192x192_IHARM/m_1_1_80/image_a-0.94_0040_17_0_230.e9_6.2e9_3.16357e+25_80.dat
        41       0.556629        4.08165        318.949        4.64536        6.22842        5.47006       -1075.16     /gpfs/hpu/EHT2/IHARM/MAD/MAD_a-0.94_384x192x192_IHARM/m_1_1_80/image_a-0.94_0041_17_0_230.e9_6.2e9_3.16357e+25_80.dat
        42       0.931186        4.26964        319.549        16.1273        9.68352        12.3465       -1951.83     /gpfs/hpu/EHT2/IHARM/MAD/MAD_a-0.94_384x192x192_IHARM/m_1_1_80/image_a-0.94_0042_17_0_230.e9_6.2e9_3.16357e+25_80.dat
        43       0.653992        3.81609        328.167        6.36437         4.5633        5.28517       -1076.61     /gpfs/hpu/EHT2/IHARM/MAD/MAD_a-0.94_384x192x192_IHARM/m_1_1_80/image_a-0.94_0043_17_0_230.e9_6.2e9_3.16357e+25_80.dat
        44       0.649236        3.75232        345.926        19.8282        30.5349        25.5461       -3598.62     /gpfs/hpu/EHT2/IHARM/MAD/MAD_a-0.94_384x192x192_IHARM/m_1_1_80/image_a-0.94_0044_17_0_230.e9_6.2e9_3.16357e+25_80.dat
        45       0.784016        3.82518        338.828        18.9911         13.412        15.6569       -2669.12     /gpfs/hpu/EHT2/IHARM/MAD/MAD_a-0.94_384x192x192_IHARM/m_1_1_80/image_a-0.94_0045_17_0_230.e9_6.2e9_3.16357e+25_80.dat
        46        0.88206        3.30244        312.832        3.10857        13.8718        9.06021       -1710.53     /gpfs/hpu/EHT2/IHARM/MAD/MAD_a-0.94_384x192x192_IHARM/m_1_1_80/image_a-0.94_0046_17_0_230.e9_6.2e9_3.16357e+25_80.dat
        47        1.12504        3.57266        310.208        30.4432        35.7334        33.0187       -8899.75     /gpfs/hpu/EHT2/IHARM/MAD/MAD_a-0.94_384x192x192_IHARM/m_1_1_80/image_a-0.94_0047_17_0_230.e9_6.2e9_3.16357e+25_80.dat
        48        0.89754        4.64618        355.092        7.53946        23.7571        16.4726       -2859.66     /gpfs/hpu/EHT2/IHARM/MAD/MAD_a-0.94_384x192x192_IHARM/m_1_1_80/image_a-0.94_0048_17_0_230.e9_6.2e9_3.16357e+25_80.dat
        49       0.537303        4.27498         280.62        23.6196        38.0743        31.3772        -4289.6     /gpfs/hpu/EHT2/IHARM/MAD/MAD_a-0.94_384x192x192_IHARM/m_1_1_80/image_a-0.94_0049_17_0_230.e9_6.2e9_3.16357e+25_80.dat
        50       0.724266        4.20747        358.247        11.0844        9.08846        9.83966       -1708.35     /gpfs/hpu/EHT2/IHARM/MAD/MAD_a-0.94_384x192x192_IHARM/m_1_1_80/image_a-0.94_0050_17_0_230.e9_6.2e9_3.16357e+25_80.dat
        51        0.48096        4.12895        352.949        4.33157        7.79457        6.20616       -1169.78     /gpfs/hpu/EHT2/IHARM/MAD/MAD_a-0.94_384x192x192_IHARM/m_1_1_80/image_a-0.94_0051_17_0_230.e9_6.2e9_3.16357e+25_80.dat
        52       0.706864         3.7724        289.964        10.3342        6.63814        8.15252       -1459.51     /gpfs/hpu/EHT2/IHARM/MAD/MAD_a-0.94_384x192x192_IHARM/m_1_1_80/image_a-0.94_0052_17_0_230.e9_6.2e9_3.16357e+25_80.dat
        53       0.668291        3.83067        305.157        3.83779        3.78741        3.76333       -920.804     /gpfs/hpu/EHT2/IHARM/MAD/MAD_a-0.94_384x192x192_IHARM/m_1_1_80/image_a-0.94_0053_17_0_230.e9_6.2e9_3.16357e+25_80.dat
        54       0.445756        3.83409        340.444        5.79239        6.41514        6.06885       -1172.92     /gpfs/hpu/EHT2/IHARM/MAD/MAD_a-0.94_384x192x192_IHARM/m_1_1_80/image_a-0.94_0054_17_0_230.e9_6.2e9_3.16357e+25_80.dat
        55       0.648289        3.93282        282.149        4.92987        7.52912        6.31659        -1286.3     /gpfs/hpu/EHT2/IHARM/MAD/MAD_a-0.94_384x192x192_IHARM/m_1_1_80/image_a-0.94_0055_17_0_230.e9_6.2e9_3.16357e+25_80.dat
        56       0.538772        3.97452        308.317        3.69651        7.65809        5.85622       -1188.41     /gpfs/hpu/EHT2/IHARM/MAD/MAD_a-0.94_384x192x192_IHARM/m_1_1_80/image_a-0.94_0056_17_0_230.e9_6.2e9_3.16357e+25_80.dat
        57       0.888671        3.63817          320.3         6.5133        6.46886        6.40978       -1379.93     /gpfs/hpu/EHT2/IHARM/MAD/MAD_a-0.94_384x192x192_IHARM/m_1_1_80/image_a-0.94_0057_17_0_230.e9_6.2e9_3.16357e+25_80.dat
        58       0.600891        3.53774        288.114         2.7141        4.44274        3.64317       -937.558     /gpfs/hpu/EHT2/IHARM/MAD/MAD_a-0.94_384x192x192_IHARM/m_1_1_80/image_a-0.94_0058_17_0_230.e9_6.2e9_3.16357e+25_80.dat
        59        1.20949        3.64071        315.953        16.6688        12.7348        14.2781       -2368.44     /gpfs/hpu/EHT2/IHARM/MAD/MAD_a-0.94_384x192x192_IHARM/m_1_1_80/image_a-0.94_0059_17_0_230.e9_6.2e9_3.16357e+25_80.dat
        60       0.772263        4.08995        328.521        5.86262        7.93983        6.94757       -1389.85     /gpfs/hpu/EHT2/IHARM/MAD/MAD_a-0.94_384x192x192_IHARM/m_1_1_80/image_a-0.94_0060_17_0_230.e9_6.2e9_3.16357e+25_80.dat
        61        0.69958        3.62967        341.341        12.1644        15.9291        14.1121        -2332.6     /gpfs/hpu/EHT2/IHARM/MAD/MAD_a-0.94_384x192x192_IHARM/m_1_1_80/image_a-0.94_0061_17_0_230.e9_6.2e9_3.16357e+25_80.dat
        62       0.764551        5.11952        295.739        7.87586        12.3874         10.291       -1754.82     /gpfs/hpu/EHT2/IHARM/MAD/MAD_a-0.94_384x192x192_IHARM/m_1_1_80/image_a-0.94_0062_17_0_230.e9_6.2e9_3.16357e+25_80.dat
        63       0.473159        4.08303        289.573        6.77707        13.2611        10.3031       -1684.58     /gpfs/hpu/EHT2/IHARM/MAD/MAD_a-0.94_384x192x192_IHARM/m_1_1_80/image_a-0.94_0063_17_0_230.e9_6.2e9_3.16357e+25_80.dat
        64       0.385007        3.91956        357.759          10.71        9.07446        9.67033       -1614.11     /gpfs/hpu/EHT2/IHARM/MAD/MAD_a-0.94_384x192x192_IHARM/m_1_1_80/image_a-0.94_0064_17_0_230.e9_6.2e9_3.16357e+25_80.dat
        65       0.561252        3.70066        217.852        13.7757        22.5896        18.5136       -2697.16     /gpfs/hpu/EHT2/IHARM/MAD/MAD_a-0.94_384x192x192_IHARM/m_1_1_80/image_a-0.94_0065_17_0_230.e9_6.2e9_3.16357e+25_80.dat
        66       0.654151        3.85486         -81.69        7.32123        12.3749        10.0448       -1683.79     /gpfs/hpu/EHT2/IHARM/MAD/MAD_a-0.94_384x192x192_IHARM/m_1_1_80/image_a-0.94_0066_17_0_230.e9_6.2e9_3.16357e+25_80.dat
        67        1.19007        3.28253        1.71168         16.466        14.0185        14.9049       -2507.64     /gpfs/hpu/EHT2/IHARM/MAD/MAD_a-0.94_384x192x192_IHARM/m_1_1_80/image_a-0.94_0067_17_0_230.e9_6.2e9_3.16357e+25_80.dat
        68        1.19033        4.22984       -17.5035        5.44164        9.10893        7.41648       -1557.09     /gpfs/hpu/EHT2/IHARM/MAD/MAD_a-0.94_384x192x192_IHARM/m_1_1_80/image_a-0.94_0068_17_0_230.e9_6.2e9_3.16357e+25_80.dat
        69       0.496725          3.763       -64.4568        8.97997        5.57314        6.97561       -1250.98     /gpfs/hpu/EHT2/IHARM/MAD/MAD_a-0.94_384x192x192_IHARM/m_1_1_80/image_a-0.94_0069_17_0_230.e9_6.2e9_3.16357e+25_80.dat
        70       0.442215        4.14377       -3.96894         8.5984        15.8135        12.5092       -1976.81     /gpfs/hpu/EHT2/IHARM/MAD/MAD_a-0.94_384x192x192_IHARM/m_1_1_80/image_a-0.94_0070_17_0_230.e9_6.2e9_3.16357e+25_80.dat
        71       0.448817        3.76172        6.36416        7.90344        12.8128        10.5396       -1792.13     /gpfs/hpu/EHT2/IHARM/MAD/MAD_a-0.94_384x192x192_IHARM/m_1_1_80/image_a-0.94_0071_17_0_230.e9_6.2e9_3.16357e+25_80.dat
        72       0.782036        3.77274        116.286        9.57275        58.7066        36.7976       -5145.41     /gpfs/hpu/EHT2/IHARM/MAD/MAD_a-0.94_384x192x192_IHARM/m_1_1_80/image_a-0.94_0072_17_0_230.e9_6.2e9_3.16357e+25_80.dat
        73       0.770477        3.86173       -97.2655        4.25252        11.2276        8.08236       -1473.05     /gpfs/hpu/EHT2/IHARM/MAD/MAD_a-0.94_384x192x192_IHARM/m_1_1_80/image_a-0.94_0073_17_0_230.e9_6.2e9_3.16357e+25_80.dat
        74       0.474576        3.84603       -86.4579        4.23186           11.8        8.39195        -1503.6     /gpfs/hpu/EHT2/IHARM/MAD/MAD_a-0.94_384x192x192_IHARM/m_1_1_80/image_a-0.94_0074_17_0_230.e9_6.2e9_3.16357e+25_80.dat
        75       0.546921        4.02725       -93.4121        6.65068        8.72442        7.72416       -1400.82     /gpfs/hpu/EHT2/IHARM/MAD/MAD_a-0.94_384x192x192_IHARM/m_1_1_80/image_a-0.94_0075_17_0_230.e9_6.2e9_3.16357e+25_80.dat
        76       0.582595        4.07809       -116.498        5.72209        10.0667        8.07041       -1403.75     /gpfs/hpu/EHT2/IHARM/MAD/MAD_a-0.94_384x192x192_IHARM/m_1_1_80/image_a-0.94_0076_17_0_230.e9_6.2e9_3.16357e+25_80.dat
        77        0.55958        4.04385       -91.1668        1.88088        6.04072        4.17288       -922.136     /gpfs/hpu/EHT2/IHARM/MAD/MAD_a-0.94_384x192x192_IHARM/m_1_1_80/image_a-0.94_0077_17_0_230.e9_6.2e9_3.16357e+25_80.dat
        78       0.779692        4.40157       -8.73056        14.2227        13.4597         13.626       -2242.04     /gpfs/hpu/EHT2/IHARM/MAD/MAD_a-0.94_384x192x192_IHARM/m_1_1_80/image_a-0.94_0078_17_0_230.e9_6.2e9_3.16357e+25_80.dat
        79       0.673587        3.80075       -65.9977        10.4912        20.1011        15.7118        -2463.2     /gpfs/hpu/EHT2/IHARM/MAD/MAD_a-0.94_384x192x192_IHARM/m_1_1_80/image_a-0.94_0079_17_0_230.e9_6.2e9_3.16357e+25_80.dat
        80       0.696107         4.3645       -37.1636        3.06406        9.20575        6.44455       -1271.56     /gpfs/hpu/EHT2/IHARM/MAD/MAD_a-0.94_384x192x192_IHARM/m_1_1_80/image_a-0.94_0080_17_0_230.e9_6.2e9_3.16357e+25_80.dat
        81       0.391085         3.6637       -27.2139        12.3656        23.5027        18.4132       -2695.73     /gpfs/hpu/EHT2/IHARM/MAD/MAD_a-0.94_384x192x192_IHARM/m_1_1_80/image_a-0.94_0081_17_0_230.e9_6.2e9_3.16357e+25_80.dat
        82        0.67187        3.85124       -63.1333        6.34783        27.5474        18.0676       -2629.63     /gpfs/hpu/EHT2/IHARM/MAD/MAD_a-0.94_384x192x192_IHARM/m_1_1_80/image_a-0.94_0082_17_0_230.e9_6.2e9_3.16357e+25_80.dat
        83        0.53078        3.41051       -79.0324        7.44044        15.8818        12.0476       -1934.76     /gpfs/hpu/EHT2/IHARM/MAD/MAD_a-0.94_384x192x192_IHARM/m_1_1_80/image_a-0.94_0083_17_0_230.e9_6.2e9_3.16357e+25_80.dat
        84       0.512613        2.88007       -81.0764        16.5311        14.5667         15.238       -2284.44     /gpfs/hpu/EHT2/IHARM/MAD/MAD_a-0.94_384x192x192_IHARM/m_1_1_80/image_a-0.94_0084_17_0_230.e9_6.2e9_3.16357e+25_80.dat
        85       0.561417        3.66933        -23.199        7.53821        11.8808        9.86344       -1680.71     /gpfs/hpu/EHT2/IHARM/MAD/MAD_a-0.94_384x192x192_IHARM/m_1_1_80/image_a-0.94_0085_17_0_230.e9_6.2e9_3.16357e+25_80.dat
        86       0.530544        3.46373       -31.2788        11.0475        8.07877        9.26192       -1575.31     /gpfs/hpu/EHT2/IHARM/MAD/MAD_a-0.94_384x192x192_IHARM/m_1_1_80/image_a-0.94_0086_17_0_230.e9_6.2e9_3.16357e+25_80.dat
        87       0.804989        3.81873       -32.4248         4.4865        11.7947        8.49889       -1489.98     /gpfs/hpu/EHT2/IHARM/MAD/MAD_a-0.94_384x192x192_IHARM/m_1_1_80/image_a-0.94_0087_17_0_230.e9_6.2e9_3.16357e+25_80.dat
        88        1.01503        4.36728        9.16028         5.0985         15.334        10.7324       -1864.69     /gpfs/hpu/EHT2/IHARM/MAD/MAD_a-0.94_384x192x192_IHARM/m_1_1_80/image_a-0.94_0088_17_0_230.e9_6.2e9_3.16357e+25_80.dat
        89       0.796591        3.21044       -38.6865        3.93356        9.30418        6.87447       -1425.57     /gpfs/hpu/EHT2/IHARM/MAD/MAD_a-0.94_384x192x192_IHARM/m_1_1_80/image_a-0.94_0089_17_0_230.e9_6.2e9_3.16357e+25_80.dat
        90        0.72604        3.37443         3.3755        14.1581        9.65609        11.4817       -1832.76     /gpfs/hpu/EHT2/IHARM/MAD/MAD_a-0.94_384x192x192_IHARM/m_1_1_80/image_a-0.94_0090_17_0_230.e9_6.2e9_3.16357e+25_80.dat
        91       0.551017        3.22687       -43.2738        13.1016        22.9711         18.435       -2684.54     /gpfs/hpu/EHT2/IHARM/MAD/MAD_a-0.94_384x192x192_IHARM/m_1_1_80/image_a-0.94_0091_17_0_230.e9_6.2e9_3.16357e+25_80.dat
        92        1.58487        3.75788        34.8129        18.7146        51.8109        36.9047       -6070.69     /gpfs/hpu/EHT2/IHARM/MAD/MAD_a-0.94_384x192x192_IHARM/m_1_1_80/image_a-0.94_0092_17_0_230.e9_6.2e9_3.16357e+25_80.dat
        93       0.629524        3.73254       -32.4178        3.67319        4.98726        4.35997       -1077.32     /gpfs/hpu/EHT2/IHARM/MAD/MAD_a-0.94_384x192x192_IHARM/m_1_1_80/image_a-0.94_0093_17_0_230.e9_6.2e9_3.16357e+25_80.dat
        94       0.625051        3.49492       -58.1203        7.94445        42.0383        26.8199       -4912.14     /gpfs/hpu/EHT2/IHARM/MAD/MAD_a-0.94_384x192x192_IHARM/m_1_1_80/image_a-0.94_0094_17_0_230.e9_6.2e9_3.16357e+25_80.dat
        95        1.07204        3.81535       -81.7272        2.85728        12.1276         7.9812       -1528.59     /gpfs/hpu/EHT2/IHARM/MAD/MAD_a-0.94_384x192x192_IHARM/m_1_1_80/image_a-0.94_0095_17_0_230.e9_6.2e9_3.16357e+25_80.dat
        96       0.712568        3.84266       -106.924        3.68979        21.2863        13.4368       -2147.35     /gpfs/hpu/EHT2/IHARM/MAD/MAD_a-0.94_384x192x192_IHARM/m_1_1_80/image_a-0.94_0096_17_0_230.e9_6.2e9_3.16357e+25_80.dat
        97       0.705762        3.73609       -39.4553        4.15048        7.42052        5.91989       -1302.42     /gpfs/hpu/EHT2/IHARM/MAD/MAD_a-0.94_384x192x192_IHARM/m_1_1_80/image_a-0.94_0097_17_0_230.e9_6.2e9_3.16357e+25_80.dat
        98       0.837448        3.48378       -45.8278        5.00974        30.7109        19.2506       -3331.06     /gpfs/hpu/EHT2/IHARM/MAD/MAD_a-0.94_384x192x192_IHARM/m_1_1_80/image_a-0.94_0098_17_0_230.e9_6.2e9_3.16357e+25_80.dat
        99       0.834517        3.75195       -13.9193        10.2361        16.6227        13.6661       -2290.17     /gpfs/hpu/EHT2/IHARM/MAD/MAD_a-0.94_384x192x192_IHARM/m_1_1_80/image_a-0.94_0099_17_0_230.e9_6.2e9_3.16357e+25_80.dat
