   # Index         I (Jy)      M/D (uas)       PA (deg)  VA red. chisq  CP red. chisq     red. chisq     log-liklhd     FileName
         0       0.373773        4.10885       -179.208         4.0153        5.00387        4.51682       -935.857     /gpfs/hpu/EHT2/IHARM/MAD/MAD_a+0.5_384x192x192_IHARM/m_1_1_10/image_a+0.5_0000_163_0_230.e9_6.2e9_9.76006e+24_10.dat
         1       0.434019         4.2581       -175.607        6.44625         5.0989        5.61854       -1166.05     /gpfs/hpu/EHT2/IHARM/MAD/MAD_a+0.5_384x192x192_IHARM/m_1_1_10/image_a+0.5_0001_163_0_230.e9_6.2e9_9.76006e+24_10.dat
         2       0.377764        4.17079       -210.364        2.05907        7.04104        4.80638       -1004.07     /gpfs/hpu/EHT2/IHARM/MAD/MAD_a+0.5_384x192x192_IHARM/m_1_1_10/image_a+0.5_0002_163_0_230.e9_6.2e9_9.76006e+24_10.dat
         3       0.372804        4.02753       -170.817        32.5141        30.1623        30.8121       -4257.62     /gpfs/hpu/EHT2/IHARM/MAD/MAD_a+0.5_384x192x192_IHARM/m_1_1_10/image_a+0.5_0003_163_0_230.e9_6.2e9_9.76006e+24_10.dat
         4       0.465401        3.74475       -164.801        16.3946        8.00654        11.5287       -1916.42     /gpfs/hpu/EHT2/IHARM/MAD/MAD_a+0.5_384x192x192_IHARM/m_1_1_10/image_a+0.5_0004_163_0_230.e9_6.2e9_9.76006e+24_10.dat
         5       0.576337        4.00021       -179.347        9.77752        6.70446        7.94923       -1549.56     /gpfs/hpu/EHT2/IHARM/MAD/MAD_a+0.5_384x192x192_IHARM/m_1_1_10/image_a+0.5_0005_163_0_230.e9_6.2e9_9.76006e+24_10.dat
         6       0.499998        4.21055        -175.28        11.3707        6.09076         8.2951       -1541.08     /gpfs/hpu/EHT2/IHARM/MAD/MAD_a+0.5_384x192x192_IHARM/m_1_1_10/image_a+0.5_0006_163_0_230.e9_6.2e9_9.76006e+24_10.dat
         7       0.392595        4.20067       -207.524        18.0323        7.16125        11.7649       -1862.06     /gpfs/hpu/EHT2/IHARM/MAD/MAD_a+0.5_384x192x192_IHARM/m_1_1_10/image_a+0.5_0007_163_0_230.e9_6.2e9_9.76006e+24_10.dat
         8       0.570757        4.44731       -177.719         20.151        8.05675        13.1774       -2131.44     /gpfs/hpu/EHT2/IHARM/MAD/MAD_a+0.5_384x192x192_IHARM/m_1_1_10/image_a+0.5_0008_163_0_230.e9_6.2e9_9.76006e+24_10.dat
         9       0.524558        3.59687       -205.061        5.68611        9.66907        7.83365       -1521.03     /gpfs/hpu/EHT2/IHARM/MAD/MAD_a+0.5_384x192x192_IHARM/m_1_1_10/image_a+0.5_0009_163_0_230.e9_6.2e9_9.76006e+24_10.dat
        10       0.865165        4.55046       -310.474        8.69281         14.754        11.9604       -2012.27     /gpfs/hpu/EHT2/IHARM/MAD/MAD_a+0.5_384x192x192_IHARM/m_1_1_10/image_a+0.5_0010_163_0_230.e9_6.2e9_9.76006e+24_10.dat
        11       0.357699        4.24385       -202.081        13.4198        6.85939        9.60689       -1603.57     /gpfs/hpu/EHT2/IHARM/MAD/MAD_a+0.5_384x192x192_IHARM/m_1_1_10/image_a+0.5_0011_163_0_230.e9_6.2e9_9.76006e+24_10.dat
        12       0.348342        4.25774       -271.803        2.28716        5.15642         3.8561       -857.065     /gpfs/hpu/EHT2/IHARM/MAD/MAD_a+0.5_384x192x192_IHARM/m_1_1_10/image_a+0.5_0012_163_0_230.e9_6.2e9_9.76006e+24_10.dat
        13       0.313974        4.03154       -229.591        7.70359        12.0935        10.0532       -1649.68     /gpfs/hpu/EHT2/IHARM/MAD/MAD_a+0.5_384x192x192_IHARM/m_1_1_10/image_a+0.5_0013_163_0_230.e9_6.2e9_9.76006e+24_10.dat
        14         1.0737        4.60948       -189.962          18.49        38.4255        29.3595       -4725.97     /gpfs/hpu/EHT2/IHARM/MAD/MAD_a+0.5_384x192x192_IHARM/m_1_1_10/image_a+0.5_0014_163_0_230.e9_6.2e9_9.76006e+24_10.dat
        15       0.500217        4.09459       -214.613        3.99577        24.0167        15.0881       -2374.38     /gpfs/hpu/EHT2/IHARM/MAD/MAD_a+0.5_384x192x192_IHARM/m_1_1_10/image_a+0.5_0015_163_0_230.e9_6.2e9_9.76006e+24_10.dat
        16        0.41477        3.95368       -256.953        4.06102        10.6817        7.69596       -1366.82     /gpfs/hpu/EHT2/IHARM/MAD/MAD_a+0.5_384x192x192_IHARM/m_1_1_10/image_a+0.5_0016_163_0_230.e9_6.2e9_9.76006e+24_10.dat
        17       0.444907        3.62522       -268.118        2.67084        5.72916        4.34034       -995.022     /gpfs/hpu/EHT2/IHARM/MAD/MAD_a+0.5_384x192x192_IHARM/m_1_1_10/image_a+0.5_0017_163_0_230.e9_6.2e9_9.76006e+24_10.dat
        18       0.427965         3.5035       -155.768        2.72212        5.25175        4.09681       -975.341     /gpfs/hpu/EHT2/IHARM/MAD/MAD_a+0.5_384x192x192_IHARM/m_1_1_10/image_a+0.5_0018_163_0_230.e9_6.2e9_9.76006e+24_10.dat
        19       0.454515        3.67627       -184.697        4.74561        9.80887        7.50566       -1378.17     /gpfs/hpu/EHT2/IHARM/MAD/MAD_a+0.5_384x192x192_IHARM/m_1_1_10/image_a+0.5_0019_163_0_230.e9_6.2e9_9.76006e+24_10.dat
        20       0.849134         3.4451       -277.212        13.7282        16.8852        15.3189       -2440.83     /gpfs/hpu/EHT2/IHARM/MAD/MAD_a+0.5_384x192x192_IHARM/m_1_1_10/image_a+0.5_0020_163_0_230.e9_6.2e9_9.76006e+24_10.dat
        21       0.674088        3.85127       -280.477        4.51181        51.5397         30.626       -4239.33     /gpfs/hpu/EHT2/IHARM/MAD/MAD_a+0.5_384x192x192_IHARM/m_1_1_10/image_a+0.5_0021_163_0_230.e9_6.2e9_9.76006e+24_10.dat
        22        0.70482        3.87089       -260.777        10.7062        17.9469        14.6058       -2337.73     /gpfs/hpu/EHT2/IHARM/MAD/MAD_a+0.5_384x192x192_IHARM/m_1_1_10/image_a+0.5_0022_163_0_230.e9_6.2e9_9.76006e+24_10.dat
        23       0.463646        3.76786       -303.899        7.99732        7.28603        7.50478       -1381.48     /gpfs/hpu/EHT2/IHARM/MAD/MAD_a+0.5_384x192x192_IHARM/m_1_1_10/image_a+0.5_0023_163_0_230.e9_6.2e9_9.76006e+24_10.dat
        24       0.765688        3.50637       -244.817        5.22541        12.8311        9.39438       -1735.09     /gpfs/hpu/EHT2/IHARM/MAD/MAD_a+0.5_384x192x192_IHARM/m_1_1_10/image_a+0.5_0024_163_0_230.e9_6.2e9_9.76006e+24_10.dat
        25       0.625925        4.02534       -220.673        10.3832        22.1673        16.8149       -2520.28     /gpfs/hpu/EHT2/IHARM/MAD/MAD_a+0.5_384x192x192_IHARM/m_1_1_10/image_a+0.5_0025_163_0_230.e9_6.2e9_9.76006e+24_10.dat
        26       0.497252        3.36327       -160.666        3.30932        6.33265        4.95163          -1035     /gpfs/hpu/EHT2/IHARM/MAD/MAD_a+0.5_384x192x192_IHARM/m_1_1_10/image_a+0.5_0026_163_0_230.e9_6.2e9_9.76006e+24_10.dat
        27       0.678893        3.88766       -239.474        3.94973        22.1367        14.0221       -2278.26     /gpfs/hpu/EHT2/IHARM/MAD/MAD_a+0.5_384x192x192_IHARM/m_1_1_10/image_a+0.5_0027_163_0_230.e9_6.2e9_9.76006e+24_10.dat
        28       0.836136        3.03316       -168.373        11.8683        49.3651        32.5899       -5080.11     /gpfs/hpu/EHT2/IHARM/MAD/MAD_a+0.5_384x192x192_IHARM/m_1_1_10/image_a+0.5_0028_163_0_230.e9_6.2e9_9.76006e+24_10.dat
        29         1.8451        5.75094       -149.033        68.2206        74.8777        71.0997       -9817.27     /gpfs/hpu/EHT2/IHARM/MAD/MAD_a+0.5_384x192x192_IHARM/m_1_1_10/image_a+0.5_0029_163_0_230.e9_6.2e9_9.76006e+24_10.dat
        30       0.566569        3.43222       -182.845        3.16994        12.4936        8.31975       -1530.79     /gpfs/hpu/EHT2/IHARM/MAD/MAD_a+0.5_384x192x192_IHARM/m_1_1_10/image_a+0.5_0030_163_0_230.e9_6.2e9_9.76006e+24_10.dat
        31       0.342578        3.70422       -189.669        3.73914        5.71787        4.79498       -1013.19     /gpfs/hpu/EHT2/IHARM/MAD/MAD_a+0.5_384x192x192_IHARM/m_1_1_10/image_a+0.5_0031_163_0_230.e9_6.2e9_9.76006e+24_10.dat
        32       0.521363         3.9199       -229.032        5.78547        17.1943         12.064        -2036.3     /gpfs/hpu/EHT2/IHARM/MAD/MAD_a+0.5_384x192x192_IHARM/m_1_1_10/image_a+0.5_0032_163_0_230.e9_6.2e9_9.76006e+24_10.dat
        33       0.403371         3.5638       -220.882        10.2502        8.29217        9.03668       -1538.33     /gpfs/hpu/EHT2/IHARM/MAD/MAD_a+0.5_384x192x192_IHARM/m_1_1_10/image_a+0.5_0033_163_0_230.e9_6.2e9_9.76006e+24_10.dat
        34       0.834396        4.07223       -234.604        10.2161        12.7863        11.5227          -2035     /gpfs/hpu/EHT2/IHARM/MAD/MAD_a+0.5_384x192x192_IHARM/m_1_1_10/image_a+0.5_0034_163_0_230.e9_6.2e9_9.76006e+24_10.dat
        35       0.658124        4.13513       -275.064        17.4758         14.763        15.7548       -2452.63     /gpfs/hpu/EHT2/IHARM/MAD/MAD_a+0.5_384x192x192_IHARM/m_1_1_10/image_a+0.5_0035_163_0_230.e9_6.2e9_9.76006e+24_10.dat
        36       0.856151         4.4605       -332.945        9.01528        48.4604        30.8555        -4438.8     /gpfs/hpu/EHT2/IHARM/MAD/MAD_a+0.5_384x192x192_IHARM/m_1_1_10/image_a+0.5_0036_163_0_230.e9_6.2e9_9.76006e+24_10.dat
        37       0.408712        3.52979       -303.569        6.54383        86.4774        50.9438       -7628.32     /gpfs/hpu/EHT2/IHARM/MAD/MAD_a+0.5_384x192x192_IHARM/m_1_1_10/image_a+0.5_0037_163_0_230.e9_6.2e9_9.76006e+24_10.dat
        38       0.447257        3.71486        -197.43        2.87007        7.45179        5.38486       -1123.86     /gpfs/hpu/EHT2/IHARM/MAD/MAD_a+0.5_384x192x192_IHARM/m_1_1_10/image_a+0.5_0038_163_0_230.e9_6.2e9_9.76006e+24_10.dat
        39       0.542764        3.63895       -168.908        8.46703        13.1345        10.9618       -1889.16     /gpfs/hpu/EHT2/IHARM/MAD/MAD_a+0.5_384x192x192_IHARM/m_1_1_10/image_a+0.5_0039_163_0_230.e9_6.2e9_9.76006e+24_10.dat
        40       0.345978        4.09851       -247.422        3.53068        8.60559        6.31191       -1155.41     /gpfs/hpu/EHT2/IHARM/MAD/MAD_a+0.5_384x192x192_IHARM/m_1_1_10/image_a+0.5_0040_163_0_230.e9_6.2e9_9.76006e+24_10.dat
        41        0.40388        4.19635       -237.789        10.2959        7.21171        8.45515       -1470.42     /gpfs/hpu/EHT2/IHARM/MAD/MAD_a+0.5_384x192x192_IHARM/m_1_1_10/image_a+0.5_0041_163_0_230.e9_6.2e9_9.76006e+24_10.dat
        42       0.372114        4.01228       -252.363        6.31648        9.06047        7.76697       -1380.39     /gpfs/hpu/EHT2/IHARM/MAD/MAD_a+0.5_384x192x192_IHARM/m_1_1_10/image_a+0.5_0042_163_0_230.e9_6.2e9_9.76006e+24_10.dat
        43       0.482304         3.9745       -169.931        11.0748        6.77433        8.54783       -1569.33     /gpfs/hpu/EHT2/IHARM/MAD/MAD_a+0.5_384x192x192_IHARM/m_1_1_10/image_a+0.5_0043_163_0_230.e9_6.2e9_9.76006e+24_10.dat
        44       0.354663        3.89967       -247.427         4.9664         6.8374        5.94745       -1131.52     /gpfs/hpu/EHT2/IHARM/MAD/MAD_a+0.5_384x192x192_IHARM/m_1_1_10/image_a+0.5_0044_163_0_230.e9_6.2e9_9.76006e+24_10.dat
        45       0.400113        3.90661       -195.431         7.3243        3.99847        5.38503       -1074.93     /gpfs/hpu/EHT2/IHARM/MAD/MAD_a+0.5_384x192x192_IHARM/m_1_1_10/image_a+0.5_0045_163_0_230.e9_6.2e9_9.76006e+24_10.dat
        46        0.40667        3.99301       -179.642        8.63701        5.65295        6.87204       -1266.39     /gpfs/hpu/EHT2/IHARM/MAD/MAD_a+0.5_384x192x192_IHARM/m_1_1_10/image_a+0.5_0046_163_0_230.e9_6.2e9_9.76006e+24_10.dat
        47       0.431924        3.76416       -257.043        4.80637        7.28986        6.13017       -1199.68     /gpfs/hpu/EHT2/IHARM/MAD/MAD_a+0.5_384x192x192_IHARM/m_1_1_10/image_a+0.5_0047_163_0_230.e9_6.2e9_9.76006e+24_10.dat
        48       0.428794        4.02759       -185.044        2.46235        6.60785        4.73934       -1026.42     /gpfs/hpu/EHT2/IHARM/MAD/MAD_a+0.5_384x192x192_IHARM/m_1_1_10/image_a+0.5_0048_163_0_230.e9_6.2e9_9.76006e+24_10.dat
        49       0.349553        3.88777        -236.11        8.00351        10.9565         9.5499       -1572.26     /gpfs/hpu/EHT2/IHARM/MAD/MAD_a+0.5_384x192x192_IHARM/m_1_1_10/image_a+0.5_0049_163_0_230.e9_6.2e9_9.76006e+24_10.dat
        50       0.585356        3.87305       -158.517        13.2676        6.92327        9.57679       -1723.43     /gpfs/hpu/EHT2/IHARM/MAD/MAD_a+0.5_384x192x192_IHARM/m_1_1_10/image_a+0.5_0050_163_0_230.e9_6.2e9_9.76006e+24_10.dat
        51       0.445601        3.91149       -188.201         12.075        5.16703        8.08496       -1440.13     /gpfs/hpu/EHT2/IHARM/MAD/MAD_a+0.5_384x192x192_IHARM/m_1_1_10/image_a+0.5_0051_163_0_230.e9_6.2e9_9.76006e+24_10.dat
        52       0.453301        3.70501       -174.623        7.57517        4.60166        5.82892       -1191.25     /gpfs/hpu/EHT2/IHARM/MAD/MAD_a+0.5_384x192x192_IHARM/m_1_1_10/image_a+0.5_0052_163_0_230.e9_6.2e9_9.76006e+24_10.dat
        53       0.501378        3.82272       -183.681        7.17282        5.55159        6.18392       -1272.82     /gpfs/hpu/EHT2/IHARM/MAD/MAD_a+0.5_384x192x192_IHARM/m_1_1_10/image_a+0.5_0053_163_0_230.e9_6.2e9_9.76006e+24_10.dat
        54       0.400967        3.77786       -209.953        7.97187         4.3444        5.85692       -1170.98     /gpfs/hpu/EHT2/IHARM/MAD/MAD_a+0.5_384x192x192_IHARM/m_1_1_10/image_a+0.5_0054_163_0_230.e9_6.2e9_9.76006e+24_10.dat
        55        0.39533        3.80849        -234.08        4.20563        8.08704        6.31457       -1213.09     /gpfs/hpu/EHT2/IHARM/MAD/MAD_a+0.5_384x192x192_IHARM/m_1_1_10/image_a+0.5_0055_163_0_230.e9_6.2e9_9.76006e+24_10.dat
        56         0.4198        3.84191       -222.651        1.40332        2.76504        2.14408       -683.833     /gpfs/hpu/EHT2/IHARM/MAD/MAD_a+0.5_384x192x192_IHARM/m_1_1_10/image_a+0.5_0056_163_0_230.e9_6.2e9_9.76006e+24_10.dat
        57       0.418998        3.71086       -194.886        3.01889        5.67302        4.45926       -1020.54     /gpfs/hpu/EHT2/IHARM/MAD/MAD_a+0.5_384x192x192_IHARM/m_1_1_10/image_a+0.5_0057_163_0_230.e9_6.2e9_9.76006e+24_10.dat
        58       0.448338        3.88284       -227.753        4.20359        2.85961        3.40488       -853.319     /gpfs/hpu/EHT2/IHARM/MAD/MAD_a+0.5_384x192x192_IHARM/m_1_1_10/image_a+0.5_0058_163_0_230.e9_6.2e9_9.76006e+24_10.dat
        59       0.360362        3.90969       -231.371        2.34596        4.86888        3.72147       -886.722     /gpfs/hpu/EHT2/IHARM/MAD/MAD_a+0.5_384x192x192_IHARM/m_1_1_10/image_a+0.5_0059_163_0_230.e9_6.2e9_9.76006e+24_10.dat
        60       0.515406        3.75725       -277.439        14.1684        21.6743        18.1737       -2790.84     /gpfs/hpu/EHT2/IHARM/MAD/MAD_a+0.5_384x192x192_IHARM/m_1_1_10/image_a+0.5_0060_163_0_230.e9_6.2e9_9.76006e+24_10.dat
        61        1.32206        3.50402       -345.116        14.4053        46.4415        32.0576       -4800.55     /gpfs/hpu/EHT2/IHARM/MAD/MAD_a+0.5_384x192x192_IHARM/m_1_1_10/image_a+0.5_0061_163_0_230.e9_6.2e9_9.76006e+24_10.dat
        62       0.557419        3.53956       -259.233        16.9287        132.314        80.9303       -11296.1     /gpfs/hpu/EHT2/IHARM/MAD/MAD_a+0.5_384x192x192_IHARM/m_1_1_10/image_a+0.5_0062_163_0_230.e9_6.2e9_9.76006e+24_10.dat
        63        1.04412        4.33478       -297.416        14.1107        27.3279        21.2947       -3222.52     /gpfs/hpu/EHT2/IHARM/MAD/MAD_a+0.5_384x192x192_IHARM/m_1_1_10/image_a+0.5_0063_163_0_230.e9_6.2e9_9.76006e+24_10.dat
        64       0.413883        4.04532       -232.462        20.3136        46.4757        34.6258       -4695.88     /gpfs/hpu/EHT2/IHARM/MAD/MAD_a+0.5_384x192x192_IHARM/m_1_1_10/image_a+0.5_0064_163_0_230.e9_6.2e9_9.76006e+24_10.dat
        65       0.519388        3.69003        -252.18        3.92898        3.74088        3.77678       -917.601     /gpfs/hpu/EHT2/IHARM/MAD/MAD_a+0.5_384x192x192_IHARM/m_1_1_10/image_a+0.5_0065_163_0_230.e9_6.2e9_9.76006e+24_10.dat
        66       0.501485        3.65931       -181.904        5.13431        8.85493        7.14255       -1295.86     /gpfs/hpu/EHT2/IHARM/MAD/MAD_a+0.5_384x192x192_IHARM/m_1_1_10/image_a+0.5_0066_163_0_230.e9_6.2e9_9.76006e+24_10.dat
        67       0.390046        3.66222       -230.946        2.84202        3.69568        3.28266       -798.457     /gpfs/hpu/EHT2/IHARM/MAD/MAD_a+0.5_384x192x192_IHARM/m_1_1_10/image_a+0.5_0067_163_0_230.e9_6.2e9_9.76006e+24_10.dat
        68       0.510494        3.69147       -245.735        1.83702        4.96082        3.55304       -903.959     /gpfs/hpu/EHT2/IHARM/MAD/MAD_a+0.5_384x192x192_IHARM/m_1_1_10/image_a+0.5_0068_163_0_230.e9_6.2e9_9.76006e+24_10.dat
        69       0.460145        3.55315       -143.681        6.23464        32.3521        20.6923       -3214.27     /gpfs/hpu/EHT2/IHARM/MAD/MAD_a+0.5_384x192x192_IHARM/m_1_1_10/image_a+0.5_0069_163_0_230.e9_6.2e9_9.76006e+24_10.dat
        70       0.526502        4.09438       -218.935        5.10816        18.5827        12.5443       -1964.03     /gpfs/hpu/EHT2/IHARM/MAD/MAD_a+0.5_384x192x192_IHARM/m_1_1_10/image_a+0.5_0070_163_0_230.e9_6.2e9_9.76006e+24_10.dat
        71       0.417319        3.77268       -283.634        7.19671         11.954        9.75687       -1619.06     /gpfs/hpu/EHT2/IHARM/MAD/MAD_a+0.5_384x192x192_IHARM/m_1_1_10/image_a+0.5_0071_163_0_230.e9_6.2e9_9.76006e+24_10.dat
        72       0.399594        3.85369       -298.253        4.09585        5.15072        4.63329       -969.985     /gpfs/hpu/EHT2/IHARM/MAD/MAD_a+0.5_384x192x192_IHARM/m_1_1_10/image_a+0.5_0072_163_0_230.e9_6.2e9_9.76006e+24_10.dat
        73       0.655001         3.6517       -273.584        9.83035        26.9235        19.2229        -2961.4     /gpfs/hpu/EHT2/IHARM/MAD/MAD_a+0.5_384x192x192_IHARM/m_1_1_10/image_a+0.5_0073_163_0_230.e9_6.2e9_9.76006e+24_10.dat
        74       0.375521        4.13566       -235.368        2.97937        10.1422        6.92907       -1241.03     /gpfs/hpu/EHT2/IHARM/MAD/MAD_a+0.5_384x192x192_IHARM/m_1_1_10/image_a+0.5_0074_163_0_230.e9_6.2e9_9.76006e+24_10.dat
        75       0.431211        3.84482       -208.698        3.38266        2.93998        3.09541       -814.217     /gpfs/hpu/EHT2/IHARM/MAD/MAD_a+0.5_384x192x192_IHARM/m_1_1_10/image_a+0.5_0075_163_0_230.e9_6.2e9_9.76006e+24_10.dat
        76       0.609589        4.10706       -268.562        5.00917          10.61        8.06514       -1491.57     /gpfs/hpu/EHT2/IHARM/MAD/MAD_a+0.5_384x192x192_IHARM/m_1_1_10/image_a+0.5_0076_163_0_230.e9_6.2e9_9.76006e+24_10.dat
        77       0.437006        3.82415       -260.402        3.71509        4.19959        3.93975       -928.112     /gpfs/hpu/EHT2/IHARM/MAD/MAD_a+0.5_384x192x192_IHARM/m_1_1_10/image_a+0.5_0077_163_0_230.e9_6.2e9_9.76006e+24_10.dat
        78       0.385569        3.64631       -203.565        8.65894        19.6523        14.6714       -2281.49     /gpfs/hpu/EHT2/IHARM/MAD/MAD_a+0.5_384x192x192_IHARM/m_1_1_10/image_a+0.5_0078_163_0_230.e9_6.2e9_9.76006e+24_10.dat
        79       0.498798        4.16169       -189.919        8.25024        6.77933        7.33195        -1384.5     /gpfs/hpu/EHT2/IHARM/MAD/MAD_a+0.5_384x192x192_IHARM/m_1_1_10/image_a+0.5_0079_163_0_230.e9_6.2e9_9.76006e+24_10.dat
        80        0.35953        3.90976       -211.887         12.081        8.55669        9.97376       -1628.13     /gpfs/hpu/EHT2/IHARM/MAD/MAD_a+0.5_384x192x192_IHARM/m_1_1_10/image_a+0.5_0080_163_0_230.e9_6.2e9_9.76006e+24_10.dat
        81       0.631898        4.06332       -204.558        14.5731        11.3996        12.6309       -2131.99     /gpfs/hpu/EHT2/IHARM/MAD/MAD_a+0.5_384x192x192_IHARM/m_1_1_10/image_a+0.5_0081_163_0_230.e9_6.2e9_9.76006e+24_10.dat
        82       0.368206        3.96479       -219.008        3.44223        3.96987         3.6942       -869.882     /gpfs/hpu/EHT2/IHARM/MAD/MAD_a+0.5_384x192x192_IHARM/m_1_1_10/image_a+0.5_0082_163_0_230.e9_6.2e9_9.76006e+24_10.dat
        83       0.558269        3.55826       -174.866        11.4644        8.63572        9.75168       -1731.33     /gpfs/hpu/EHT2/IHARM/MAD/MAD_a+0.5_384x192x192_IHARM/m_1_1_10/image_a+0.5_0083_163_0_230.e9_6.2e9_9.76006e+24_10.dat
        84       0.345146          3.847       -217.338        5.23782        5.63401        5.39492       -1037.64     /gpfs/hpu/EHT2/IHARM/MAD/MAD_a+0.5_384x192x192_IHARM/m_1_1_10/image_a+0.5_0084_163_0_230.e9_6.2e9_9.76006e+24_10.dat
        85       0.773671        3.40431       -214.731         6.9939        8.37659         7.6787       -1551.82     /gpfs/hpu/EHT2/IHARM/MAD/MAD_a+0.5_384x192x192_IHARM/m_1_1_10/image_a+0.5_0085_163_0_230.e9_6.2e9_9.76006e+24_10.dat
        86       0.706637        3.82759       -242.959        6.00362        22.4433        15.0789       -2490.64     /gpfs/hpu/EHT2/IHARM/MAD/MAD_a+0.5_384x192x192_IHARM/m_1_1_10/image_a+0.5_0086_163_0_230.e9_6.2e9_9.76006e+24_10.dat
        87       0.603617        4.05284       -197.986         3.2119        5.14493        4.24869       -1026.49     /gpfs/hpu/EHT2/IHARM/MAD/MAD_a+0.5_384x192x192_IHARM/m_1_1_10/image_a+0.5_0087_163_0_230.e9_6.2e9_9.76006e+24_10.dat
        88       0.464985        3.64719       -244.765        5.42905        7.52821        6.53146       -1261.36     /gpfs/hpu/EHT2/IHARM/MAD/MAD_a+0.5_384x192x192_IHARM/m_1_1_10/image_a+0.5_0088_163_0_230.e9_6.2e9_9.76006e+24_10.dat
        89       0.503137        4.15591       -294.435        11.3695        52.8147        34.2942       -4752.35     /gpfs/hpu/EHT2/IHARM/MAD/MAD_a+0.5_384x192x192_IHARM/m_1_1_10/image_a+0.5_0089_163_0_230.e9_6.2e9_9.76006e+24_10.dat
        90       0.486238        3.62406       -247.171        4.31373        7.66977        6.12902       -1247.37     /gpfs/hpu/EHT2/IHARM/MAD/MAD_a+0.5_384x192x192_IHARM/m_1_1_10/image_a+0.5_0090_163_0_230.e9_6.2e9_9.76006e+24_10.dat
        91       0.444393        3.75599       -287.142        4.14845        5.71462        4.96976       -1085.17     /gpfs/hpu/EHT2/IHARM/MAD/MAD_a+0.5_384x192x192_IHARM/m_1_1_10/image_a+0.5_0091_163_0_230.e9_6.2e9_9.76006e+24_10.dat
        92       0.364359        3.68655       -194.485        5.63233        14.7626        10.6448       -1770.01     /gpfs/hpu/EHT2/IHARM/MAD/MAD_a+0.5_384x192x192_IHARM/m_1_1_10/image_a+0.5_0092_163_0_230.e9_6.2e9_9.76006e+24_10.dat
        93       0.489448         3.8895       -245.688        7.00085        5.67109        6.17622       -1176.66     /gpfs/hpu/EHT2/IHARM/MAD/MAD_a+0.5_384x192x192_IHARM/m_1_1_10/image_a+0.5_0093_163_0_230.e9_6.2e9_9.76006e+24_10.dat
        94       0.440868        3.97998       -207.252        5.03421        9.43494         7.4221       -1307.33     /gpfs/hpu/EHT2/IHARM/MAD/MAD_a+0.5_384x192x192_IHARM/m_1_1_10/image_a+0.5_0094_163_0_230.e9_6.2e9_9.76006e+24_10.dat
        95       0.648604        3.60702       -160.945        14.1071        15.4092         14.661       -2467.03     /gpfs/hpu/EHT2/IHARM/MAD/MAD_a+0.5_384x192x192_IHARM/m_1_1_10/image_a+0.5_0095_163_0_230.e9_6.2e9_9.76006e+24_10.dat
        96       0.914107        4.34451       -268.477        13.5305        20.1508        17.0507       -2637.02     /gpfs/hpu/EHT2/IHARM/MAD/MAD_a+0.5_384x192x192_IHARM/m_1_1_10/image_a+0.5_0096_163_0_230.e9_6.2e9_9.76006e+24_10.dat
        97       0.485802        3.83215       -242.559        12.9688        6.54854        9.23937       -1590.42     /gpfs/hpu/EHT2/IHARM/MAD/MAD_a+0.5_384x192x192_IHARM/m_1_1_10/image_a+0.5_0097_163_0_230.e9_6.2e9_9.76006e+24_10.dat
        98       0.526069        3.95498       -301.164        4.32677        15.7081        10.6076       -1859.59     /gpfs/hpu/EHT2/IHARM/MAD/MAD_a+0.5_384x192x192_IHARM/m_1_1_10/image_a+0.5_0098_163_0_230.e9_6.2e9_9.76006e+24_10.dat
        99       0.463776        3.80666       -248.733        5.31855        20.7967         13.867       -2188.44     /gpfs/hpu/EHT2/IHARM/MAD/MAD_a+0.5_384x192x192_IHARM/m_1_1_10/image_a+0.5_0099_163_0_230.e9_6.2e9_9.76006e+24_10.dat
