   # Index         I (Jy)      M/D (uas)       PA (deg)  VA red. chisq  CP red. chisq     red. chisq     log-liklhd     FileName
         0       0.364757        3.02511         81.236        7.69061         8.2611        7.91503       -1356.88     /gpfs/hpu/EHT2/IHARM/SANE/SANE_a0_288x128x128_IHARM/m_1_1_160/image_a0_1000_163_0_230.e9_6.2e9_7.5794e+29_160.dat
         1       0.492712        2.80657        143.521        5.90519        16.1988        11.5616       -1943.28     /gpfs/hpu/EHT2/IHARM/SANE/SANE_a0_288x128x128_IHARM/m_1_1_160/image_a0_1010_163_0_230.e9_6.2e9_7.5794e+29_160.dat
         2         0.3717        2.96506        157.461        4.63326        7.66084        6.26191       -1219.55     /gpfs/hpu/EHT2/IHARM/SANE/SANE_a0_288x128x128_IHARM/m_1_1_160/image_a0_1020_163_0_230.e9_6.2e9_7.5794e+29_160.dat
         3         0.3681        3.01749        136.283        6.77081        9.05107        7.95776       -1423.94     /gpfs/hpu/EHT2/IHARM/SANE/SANE_a0_288x128x128_IHARM/m_1_1_160/image_a0_1030_163_0_230.e9_6.2e9_7.5794e+29_160.dat
         4       0.571226        2.97922        126.102        8.17629        32.4272        21.5718       -3319.64     /gpfs/hpu/EHT2/IHARM/SANE/SANE_a0_288x128x128_IHARM/m_1_1_160/image_a0_1040_163_0_230.e9_6.2e9_7.5794e+29_160.dat
         5        0.46266        2.99044        155.434        4.26273        5.33771        4.80934        -1075.7     /gpfs/hpu/EHT2/IHARM/SANE/SANE_a0_288x128x128_IHARM/m_1_1_160/image_a0_1050_163_0_230.e9_6.2e9_7.5794e+29_160.dat
         6       0.574357        3.28204        166.512        7.64665        7.90944        7.70038       -1444.91     /gpfs/hpu/EHT2/IHARM/SANE/SANE_a0_288x128x128_IHARM/m_1_1_160/image_a0_1060_163_0_230.e9_6.2e9_7.5794e+29_160.dat
         7       0.577825        3.10474        145.655        2.04704        10.6029        6.78322       -1311.15     /gpfs/hpu/EHT2/IHARM/SANE/SANE_a0_288x128x128_IHARM/m_1_1_160/image_a0_1070_163_0_230.e9_6.2e9_7.5794e+29_160.dat
         8       0.465253        2.92937        152.439         5.2873        6.89616         6.1186       -1224.92     /gpfs/hpu/EHT2/IHARM/SANE/SANE_a0_288x128x128_IHARM/m_1_1_160/image_a0_1080_163_0_230.e9_6.2e9_7.5794e+29_160.dat
         9       0.434691        2.97474        131.395        1.26808        4.65381        3.13673       -821.314     /gpfs/hpu/EHT2/IHARM/SANE/SANE_a0_288x128x128_IHARM/m_1_1_160/image_a0_1090_163_0_230.e9_6.2e9_7.5794e+29_160.dat
        10       0.620373        2.97214        100.786        4.40944        21.3205        13.7663       -2200.53     /gpfs/hpu/EHT2/IHARM/SANE/SANE_a0_288x128x128_IHARM/m_1_1_160/image_a0_1100_163_0_230.e9_6.2e9_7.5794e+29_160.dat
        11       0.412276        2.99102        98.9501        7.17422        9.54816        8.40842       -1427.88     /gpfs/hpu/EHT2/IHARM/SANE/SANE_a0_288x128x128_IHARM/m_1_1_160/image_a0_1110_163_0_230.e9_6.2e9_7.5794e+29_160.dat
        12       0.456066        3.00798         122.56        3.38978        3.86014         3.6105       -864.666     /gpfs/hpu/EHT2/IHARM/SANE/SANE_a0_288x128x128_IHARM/m_1_1_160/image_a0_1120_163_0_230.e9_6.2e9_7.5794e+29_160.dat
        13       0.448208        2.92454        132.763        5.73335        8.62355        7.27225       -1331.49     /gpfs/hpu/EHT2/IHARM/SANE/SANE_a0_288x128x128_IHARM/m_1_1_160/image_a0_1130_163_0_230.e9_6.2e9_7.5794e+29_160.dat
        14       0.478587        3.09492        166.447        3.10066        6.05316        4.70607       -1049.42     /gpfs/hpu/EHT2/IHARM/SANE/SANE_a0_288x128x128_IHARM/m_1_1_160/image_a0_1140_163_0_230.e9_6.2e9_7.5794e+29_160.dat
        15       0.470158        3.45168         175.16        3.97694        4.56792        4.25768       -929.938     /gpfs/hpu/EHT2/IHARM/SANE/SANE_a0_288x128x128_IHARM/m_1_1_160/image_a0_1150_163_0_230.e9_6.2e9_7.5794e+29_160.dat
        16       0.383696        2.91425        164.038        5.16203        6.82517        6.02505       -1176.48     /gpfs/hpu/EHT2/IHARM/SANE/SANE_a0_288x128x128_IHARM/m_1_1_160/image_a0_1160_163_0_230.e9_6.2e9_7.5794e+29_160.dat
        17        0.44672        2.99584        126.473        2.07799        4.96498        3.65932       -903.656     /gpfs/hpu/EHT2/IHARM/SANE/SANE_a0_288x128x128_IHARM/m_1_1_160/image_a0_1170_163_0_230.e9_6.2e9_7.5794e+29_160.dat
        18       0.447512        3.03027        145.649        3.11299        6.07948        4.72604       -995.678     /gpfs/hpu/EHT2/IHARM/SANE/SANE_a0_288x128x128_IHARM/m_1_1_160/image_a0_1180_163_0_230.e9_6.2e9_7.5794e+29_160.dat
        19       0.440648        3.23982        167.003        8.19344        5.09554        6.37049       -1225.93     /gpfs/hpu/EHT2/IHARM/SANE/SANE_a0_288x128x128_IHARM/m_1_1_160/image_a0_1190_163_0_230.e9_6.2e9_7.5794e+29_160.dat
        20       0.396684        2.99118        152.342        1.92444        5.60034        3.94662       -889.495     /gpfs/hpu/EHT2/IHARM/SANE/SANE_a0_288x128x128_IHARM/m_1_1_160/image_a0_1200_163_0_230.e9_6.2e9_7.5794e+29_160.dat
        21       0.487049        3.25071        192.919        5.79484        6.57012        6.15615       -1223.56     /gpfs/hpu/EHT2/IHARM/SANE/SANE_a0_288x128x128_IHARM/m_1_1_160/image_a0_1210_163_0_230.e9_6.2e9_7.5794e+29_160.dat
        22       0.385532        3.22118        134.448        3.10468        5.24804         4.2598       -910.698     /gpfs/hpu/EHT2/IHARM/SANE/SANE_a0_288x128x128_IHARM/m_1_1_160/image_a0_1220_163_0_230.e9_6.2e9_7.5794e+29_160.dat
        23       0.382042        3.14212         128.01        4.07649        5.12974        4.61326       -951.256     /gpfs/hpu/EHT2/IHARM/SANE/SANE_a0_288x128x128_IHARM/m_1_1_160/image_a0_1230_163_0_230.e9_6.2e9_7.5794e+29_160.dat
        24       0.454658        3.01691        124.539        3.31747          9.558        6.74989       -1289.12     /gpfs/hpu/EHT2/IHARM/SANE/SANE_a0_288x128x128_IHARM/m_1_1_160/image_a0_1240_163_0_230.e9_6.2e9_7.5794e+29_160.dat
        25       0.485346        3.00319        164.481        5.18699        4.55412        4.77208       -1042.65     /gpfs/hpu/EHT2/IHARM/SANE/SANE_a0_288x128x128_IHARM/m_1_1_160/image_a0_1250_163_0_230.e9_6.2e9_7.5794e+29_160.dat
        26       0.363049        2.94651        103.933        5.29185         5.8135        5.51811       -1057.48     /gpfs/hpu/EHT2/IHARM/SANE/SANE_a0_288x128x128_IHARM/m_1_1_160/image_a0_1260_163_0_230.e9_6.2e9_7.5794e+29_160.dat
        27       0.638491         3.2135         29.724        8.52164        131.486        76.8424       -10832.7     /gpfs/hpu/EHT2/IHARM/SANE/SANE_a0_288x128x128_IHARM/m_1_1_160/image_a0_1270_163_0_230.e9_6.2e9_7.5794e+29_160.dat
        28       0.494739        2.94396        147.731        4.10729        31.0653        19.0584       -2876.38     /gpfs/hpu/EHT2/IHARM/SANE/SANE_a0_288x128x128_IHARM/m_1_1_160/image_a0_1280_163_0_230.e9_6.2e9_7.5794e+29_160.dat
        29       0.631723        3.32284        201.361        3.46099        12.4279        8.40876       -1575.76     /gpfs/hpu/EHT2/IHARM/SANE/SANE_a0_288x128x128_IHARM/m_1_1_160/image_a0_1290_163_0_230.e9_6.2e9_7.5794e+29_160.dat
        30       0.446014        3.11925        112.676        4.51304        9.69222        7.34041       -1315.09     /gpfs/hpu/EHT2/IHARM/SANE/SANE_a0_288x128x128_IHARM/m_1_1_160/image_a0_1300_163_0_230.e9_6.2e9_7.5794e+29_160.dat
        31       0.420114        2.93505        114.805        3.57138        3.96737        3.74852       -854.898     /gpfs/hpu/EHT2/IHARM/SANE/SANE_a0_288x128x128_IHARM/m_1_1_160/image_a0_1310_163_0_230.e9_6.2e9_7.5794e+29_160.dat
        32       0.478534        3.12367        138.573        4.59357        8.57829        6.75531       -1235.16     /gpfs/hpu/EHT2/IHARM/SANE/SANE_a0_288x128x128_IHARM/m_1_1_160/image_a0_1320_163_0_230.e9_6.2e9_7.5794e+29_160.dat
        33        0.41408        2.98205        124.595        3.02451        4.07096        3.57022       -839.598     /gpfs/hpu/EHT2/IHARM/SANE/SANE_a0_288x128x128_IHARM/m_1_1_160/image_a0_1330_163_0_230.e9_6.2e9_7.5794e+29_160.dat
        34       0.470018        3.11529        110.693        10.7974        6.71233        8.39363       -1441.43     /gpfs/hpu/EHT2/IHARM/SANE/SANE_a0_288x128x128_IHARM/m_1_1_160/image_a0_1340_163_0_230.e9_6.2e9_7.5794e+29_160.dat
        35       0.551584        2.84791        180.482        6.42207        15.7628         11.542       -1984.59     /gpfs/hpu/EHT2/IHARM/SANE/SANE_a0_288x128x128_IHARM/m_1_1_160/image_a0_1350_163_0_230.e9_6.2e9_7.5794e+29_160.dat
        36       0.588096        2.81982          170.2        5.33821         6.0375        5.66275       -1236.76     /gpfs/hpu/EHT2/IHARM/SANE/SANE_a0_288x128x128_IHARM/m_1_1_160/image_a0_1360_163_0_230.e9_6.2e9_7.5794e+29_160.dat
        37       0.509356        3.16733        164.954        3.31216        4.26738        3.80363       -939.243     /gpfs/hpu/EHT2/IHARM/SANE/SANE_a0_288x128x128_IHARM/m_1_1_160/image_a0_1370_163_0_230.e9_6.2e9_7.5794e+29_160.dat
        38       0.489174        2.88218         170.89        4.57346        4.98125        4.74505       -1024.97     /gpfs/hpu/EHT2/IHARM/SANE/SANE_a0_288x128x128_IHARM/m_1_1_160/image_a0_1380_163_0_230.e9_6.2e9_7.5794e+29_160.dat
        39       0.414771        2.80783        169.878        4.15749        5.74425        4.99015       -1040.12     /gpfs/hpu/EHT2/IHARM/SANE/SANE_a0_288x128x128_IHARM/m_1_1_160/image_a0_1390_163_0_230.e9_6.2e9_7.5794e+29_160.dat
        40        0.42842        3.04016        163.177         3.6399        4.35346        3.99293       -895.754     /gpfs/hpu/EHT2/IHARM/SANE/SANE_a0_288x128x128_IHARM/m_1_1_160/image_a0_1400_163_0_230.e9_6.2e9_7.5794e+29_160.dat
        41       0.427285        3.05423        161.876        3.12083        4.21282        3.69072       -837.115     /gpfs/hpu/EHT2/IHARM/SANE/SANE_a0_288x128x128_IHARM/m_1_1_160/image_a0_1410_163_0_230.e9_6.2e9_7.5794e+29_160.dat
        42       0.447001        3.08546         124.68         3.9534        4.29305        4.09458       -894.292     /gpfs/hpu/EHT2/IHARM/SANE/SANE_a0_288x128x128_IHARM/m_1_1_160/image_a0_1420_163_0_230.e9_6.2e9_7.5794e+29_160.dat
        43       0.658495        3.06125        211.379        3.88759        7.66371        5.94179       -1282.36     /gpfs/hpu/EHT2/IHARM/SANE/SANE_a0_288x128x128_IHARM/m_1_1_160/image_a0_1430_163_0_230.e9_6.2e9_7.5794e+29_160.dat
        44       0.600532        3.17238        196.153        2.89449        5.88218        4.52198       -1075.05     /gpfs/hpu/EHT2/IHARM/SANE/SANE_a0_288x128x128_IHARM/m_1_1_160/image_a0_1440_163_0_230.e9_6.2e9_7.5794e+29_160.dat
        45       0.561152        3.10658        171.986        6.17307        8.58008        7.43778       -1402.98     /gpfs/hpu/EHT2/IHARM/SANE/SANE_a0_288x128x128_IHARM/m_1_1_160/image_a0_1450_163_0_230.e9_6.2e9_7.5794e+29_160.dat
        46       0.433691        2.97129        152.023        4.39386        4.97586        4.66456       -982.279     /gpfs/hpu/EHT2/IHARM/SANE/SANE_a0_288x128x128_IHARM/m_1_1_160/image_a0_1460_163_0_230.e9_6.2e9_7.5794e+29_160.dat
        47       0.458643        3.27813        118.935        4.30603        5.73158        5.04719       -1016.55     /gpfs/hpu/EHT2/IHARM/SANE/SANE_a0_288x128x128_IHARM/m_1_1_160/image_a0_1470_163_0_230.e9_6.2e9_7.5794e+29_160.dat
        48       0.649802        2.86905         175.44        6.51161        6.62385        6.49529       -1341.93     /gpfs/hpu/EHT2/IHARM/SANE/SANE_a0_288x128x128_IHARM/m_1_1_160/image_a0_1480_163_0_230.e9_6.2e9_7.5794e+29_160.dat
        49       0.459013        3.01435        157.272        7.90057        3.44297        5.32456       -1115.55     /gpfs/hpu/EHT2/IHARM/SANE/SANE_a0_288x128x128_IHARM/m_1_1_160/image_a0_1490_163_0_230.e9_6.2e9_7.5794e+29_160.dat
        50       0.447006        2.97465        151.221        4.54407        3.39955        3.85223       -883.228     /gpfs/hpu/EHT2/IHARM/SANE/SANE_a0_288x128x128_IHARM/m_1_1_160/image_a0_1500_163_0_230.e9_6.2e9_7.5794e+29_160.dat
        51       0.464887        3.14669         145.57        1.99377        5.83868        4.10916       -932.037     /gpfs/hpu/EHT2/IHARM/SANE/SANE_a0_288x128x128_IHARM/m_1_1_160/image_a0_1510_163_0_230.e9_6.2e9_7.5794e+29_160.dat
        52        0.45168        3.14221        166.654         3.8471        4.91377        4.39411        -957.46     /gpfs/hpu/EHT2/IHARM/SANE/SANE_a0_288x128x128_IHARM/m_1_1_160/image_a0_1520_163_0_230.e9_6.2e9_7.5794e+29_160.dat
        53       0.484638        3.05305        158.516        1.73796        4.14731        3.05762       -823.905     /gpfs/hpu/EHT2/IHARM/SANE/SANE_a0_288x128x128_IHARM/m_1_1_160/image_a0_1530_163_0_230.e9_6.2e9_7.5794e+29_160.dat
        54       0.418627        3.11355        141.399        6.66019        5.71066        6.05126       -1146.83     /gpfs/hpu/EHT2/IHARM/SANE/SANE_a0_288x128x128_IHARM/m_1_1_160/image_a0_1540_163_0_230.e9_6.2e9_7.5794e+29_160.dat
        55       0.494387        3.22047        143.888        3.39279        9.64045        6.82827        -1262.8     /gpfs/hpu/EHT2/IHARM/SANE/SANE_a0_288x128x128_IHARM/m_1_1_160/image_a0_1550_163_0_230.e9_6.2e9_7.5794e+29_160.dat
        56       0.414943        2.98742        131.059        5.20784         5.2724        5.18077        -1042.6     /gpfs/hpu/EHT2/IHARM/SANE/SANE_a0_288x128x128_IHARM/m_1_1_160/image_a0_1560_163_0_230.e9_6.2e9_7.5794e+29_160.dat
        57       0.571731        2.81012        116.895        6.07402         7.4871        6.78685       -1332.39     /gpfs/hpu/EHT2/IHARM/SANE/SANE_a0_288x128x128_IHARM/m_1_1_160/image_a0_1570_163_0_230.e9_6.2e9_7.5794e+29_160.dat
        58       0.397025        2.96725        118.078        4.97839        2.88325        3.75232       -839.069     /gpfs/hpu/EHT2/IHARM/SANE/SANE_a0_288x128x128_IHARM/m_1_1_160/image_a0_1580_163_0_230.e9_6.2e9_7.5794e+29_160.dat
        59        0.43902        3.08196        136.074        3.68692        3.98692        3.80926       -850.118     /gpfs/hpu/EHT2/IHARM/SANE/SANE_a0_288x128x128_IHARM/m_1_1_160/image_a0_1590_163_0_230.e9_6.2e9_7.5794e+29_160.dat
        60       0.509711        3.13409        141.697        3.91587        9.83146        7.16024       -1355.81     /gpfs/hpu/EHT2/IHARM/SANE/SANE_a0_288x128x128_IHARM/m_1_1_160/image_a0_1600_163_0_230.e9_6.2e9_7.5794e+29_160.dat
        61       0.947401        3.77625        205.614        18.5112        32.4727        26.0562       -3731.49     /gpfs/hpu/EHT2/IHARM/SANE/SANE_a0_288x128x128_IHARM/m_1_1_160/image_a0_1610_163_0_230.e9_6.2e9_7.5794e+29_160.dat
        62       0.628527        3.29648        208.509        1.64589        13.5868        8.27052       -1569.54     /gpfs/hpu/EHT2/IHARM/SANE/SANE_a0_288x128x128_IHARM/m_1_1_160/image_a0_1620_163_0_230.e9_6.2e9_7.5794e+29_160.dat
        63       0.606899        3.13176        156.074        2.55156        6.23974        4.57299       -1077.19     /gpfs/hpu/EHT2/IHARM/SANE/SANE_a0_288x128x128_IHARM/m_1_1_160/image_a0_1630_163_0_230.e9_6.2e9_7.5794e+29_160.dat
        64       0.409844        3.03642        107.762        3.73287        4.70251        4.22727       -911.838     /gpfs/hpu/EHT2/IHARM/SANE/SANE_a0_288x128x128_IHARM/m_1_1_160/image_a0_1640_163_0_230.e9_6.2e9_7.5794e+29_160.dat
        65       0.433681        3.11934        126.235        3.47073        9.01421        6.51342       -1181.03     /gpfs/hpu/EHT2/IHARM/SANE/SANE_a0_288x128x128_IHARM/m_1_1_160/image_a0_1650_163_0_230.e9_6.2e9_7.5794e+29_160.dat
        66       0.422437        3.17409        160.446        2.95774        4.70476         3.8941       -932.983     /gpfs/hpu/EHT2/IHARM/SANE/SANE_a0_288x128x128_IHARM/m_1_1_160/image_a0_1660_163_0_230.e9_6.2e9_7.5794e+29_160.dat
        67       0.527156        3.00239        178.906        5.12453        8.06751        6.70017       -1317.58     /gpfs/hpu/EHT2/IHARM/SANE/SANE_a0_288x128x128_IHARM/m_1_1_160/image_a0_1670_163_0_230.e9_6.2e9_7.5794e+29_160.dat
        68       0.510876        3.03029        190.147        2.23764        10.9246        7.04444       -1374.48     /gpfs/hpu/EHT2/IHARM/SANE/SANE_a0_288x128x128_IHARM/m_1_1_160/image_a0_1680_163_0_230.e9_6.2e9_7.5794e+29_160.dat
        69       0.391651        3.02178         184.22        5.12657        5.51123         5.2786        -1079.6     /gpfs/hpu/EHT2/IHARM/SANE/SANE_a0_288x128x128_IHARM/m_1_1_160/image_a0_1690_163_0_230.e9_6.2e9_7.5794e+29_160.dat
        70       0.377104        3.02683        150.918         6.3959        6.02646        6.11296       -1164.91     /gpfs/hpu/EHT2/IHARM/SANE/SANE_a0_288x128x128_IHARM/m_1_1_160/image_a0_1700_163_0_230.e9_6.2e9_7.5794e+29_160.dat
        71       0.526237         2.9871        170.427        4.70263        11.2412        8.28414       -1548.49     /gpfs/hpu/EHT2/IHARM/SANE/SANE_a0_288x128x128_IHARM/m_1_1_160/image_a0_1710_163_0_230.e9_6.2e9_7.5794e+29_160.dat
        72       0.387253        3.01531        160.477        2.97363        3.45649        3.20635       -814.497     /gpfs/hpu/EHT2/IHARM/SANE/SANE_a0_288x128x128_IHARM/m_1_1_160/image_a0_1720_163_0_230.e9_6.2e9_7.5794e+29_160.dat
        73       0.568883        2.99743        174.419        3.57384        32.7176        19.7477       -2985.57     /gpfs/hpu/EHT2/IHARM/SANE/SANE_a0_288x128x128_IHARM/m_1_1_160/image_a0_1730_163_0_230.e9_6.2e9_7.5794e+29_160.dat
        74       0.456985        3.04449        147.511        3.26884        17.8652        11.3515       -1886.67     /gpfs/hpu/EHT2/IHARM/SANE/SANE_a0_288x128x128_IHARM/m_1_1_160/image_a0_1740_163_0_230.e9_6.2e9_7.5794e+29_160.dat
        75       0.409851        3.10016        138.083        4.16392        9.02178        6.81671       -1224.83     /gpfs/hpu/EHT2/IHARM/SANE/SANE_a0_288x128x128_IHARM/m_1_1_160/image_a0_1750_163_0_230.e9_6.2e9_7.5794e+29_160.dat
        76       0.637025        3.09159        203.929        2.75896        11.3594        7.51131       -1452.84     /gpfs/hpu/EHT2/IHARM/SANE/SANE_a0_288x128x128_IHARM/m_1_1_160/image_a0_1760_163_0_230.e9_6.2e9_7.5794e+29_160.dat
        77       0.369721        3.02099        185.336         5.3523        4.92637        5.05054       -1059.75     /gpfs/hpu/EHT2/IHARM/SANE/SANE_a0_288x128x128_IHARM/m_1_1_160/image_a0_1770_163_0_230.e9_6.2e9_7.5794e+29_160.dat
        78       0.384022         3.2056        93.7892        1.56502         3.6497        2.70611       -729.237     /gpfs/hpu/EHT2/IHARM/SANE/SANE_a0_288x128x128_IHARM/m_1_1_160/image_a0_1780_163_0_230.e9_6.2e9_7.5794e+29_160.dat
        79       0.365404         2.9575        123.737        7.04327        9.46758        8.30708       -1423.99     /gpfs/hpu/EHT2/IHARM/SANE/SANE_a0_288x128x128_IHARM/m_1_1_160/image_a0_1790_163_0_230.e9_6.2e9_7.5794e+29_160.dat
        80       0.440096        2.98324        67.4096          7.751        19.1482        13.9992       -2206.72     /gpfs/hpu/EHT2/IHARM/SANE/SANE_a0_288x128x128_IHARM/m_1_1_160/image_a0_1800_163_0_230.e9_6.2e9_7.5794e+29_160.dat
        81       0.660562        3.55118       -91.0917        8.31431        83.8692        50.2564       -6705.91     /gpfs/hpu/EHT2/IHARM/SANE/SANE_a0_288x128x128_IHARM/m_1_1_160/image_a0_1810_163_0_230.e9_6.2e9_7.5794e+29_160.dat
        82        0.37251        3.21725        -158.78        2.75382        3.95582        3.38937       -837.981     /gpfs/hpu/EHT2/IHARM/SANE/SANE_a0_288x128x128_IHARM/m_1_1_160/image_a0_1820_163_0_230.e9_6.2e9_7.5794e+29_160.dat
        83       0.401524         3.2937       -215.987        3.15609        2.32232        2.65396       -704.596     /gpfs/hpu/EHT2/IHARM/SANE/SANE_a0_288x128x128_IHARM/m_1_1_160/image_a0_1830_163_0_230.e9_6.2e9_7.5794e+29_160.dat
        84       0.476184        3.12986       -194.893        4.37785        7.31184        5.95751       -1141.83     /gpfs/hpu/EHT2/IHARM/SANE/SANE_a0_288x128x128_IHARM/m_1_1_160/image_a0_1840_163_0_230.e9_6.2e9_7.5794e+29_160.dat
        85       0.600677         2.8792       -233.676        8.17289        7.47308        7.68462        -1461.3     /gpfs/hpu/EHT2/IHARM/SANE/SANE_a0_288x128x128_IHARM/m_1_1_160/image_a0_1850_163_0_230.e9_6.2e9_7.5794e+29_160.dat
        86       0.477602        2.97083       -228.514        6.63979        6.01795        6.21344       -1192.82     /gpfs/hpu/EHT2/IHARM/SANE/SANE_a0_288x128x128_IHARM/m_1_1_160/image_a0_1860_163_0_230.e9_6.2e9_7.5794e+29_160.dat
        87       0.535498         3.0418       -190.211        6.43704        4.99664        5.55766       -1189.69     /gpfs/hpu/EHT2/IHARM/SANE/SANE_a0_288x128x128_IHARM/m_1_1_160/image_a0_1870_163_0_230.e9_6.2e9_7.5794e+29_160.dat
        88        0.34838         2.9779       -259.539        10.2294        9.16793        9.51501       -1566.75     /gpfs/hpu/EHT2/IHARM/SANE/SANE_a0_288x128x128_IHARM/m_1_1_160/image_a0_1880_163_0_230.e9_6.2e9_7.5794e+29_160.dat
        89        0.44668        2.95018       -288.263        7.73076        14.6338        11.4784       -1833.13     /gpfs/hpu/EHT2/IHARM/SANE/SANE_a0_288x128x128_IHARM/m_1_1_160/image_a0_1890_163_0_230.e9_6.2e9_7.5794e+29_160.dat
        90       0.561675        3.17724       -181.837           2.75         16.525        10.3818       -1837.38     /gpfs/hpu/EHT2/IHARM/SANE/SANE_a0_288x128x128_IHARM/m_1_1_160/image_a0_1900_163_0_230.e9_6.2e9_7.5794e+29_160.dat
        91       0.497544        3.09991       -180.037        2.74655        10.0614        6.78369       -1330.41     /gpfs/hpu/EHT2/IHARM/SANE/SANE_a0_288x128x128_IHARM/m_1_1_160/image_a0_1910_163_0_230.e9_6.2e9_7.5794e+29_160.dat
        92       0.465685        3.11469       -191.789        2.97486          5.618        4.40966       -988.392     /gpfs/hpu/EHT2/IHARM/SANE/SANE_a0_288x128x128_IHARM/m_1_1_160/image_a0_1920_163_0_230.e9_6.2e9_7.5794e+29_160.dat
        93       0.462988        3.07787       -175.569        4.20037         19.595        12.7159       -2056.56     /gpfs/hpu/EHT2/IHARM/SANE/SANE_a0_288x128x128_IHARM/m_1_1_160/image_a0_1930_163_0_230.e9_6.2e9_7.5794e+29_160.dat
        94       0.432281        3.09545        -190.85        2.48567        2.91072        2.69212       -740.681     /gpfs/hpu/EHT2/IHARM/SANE/SANE_a0_288x128x128_IHARM/m_1_1_160/image_a0_1940_163_0_230.e9_6.2e9_7.5794e+29_160.dat
        95       0.439974        3.07232        -193.79        2.52885        3.98976        3.31118       -848.505     /gpfs/hpu/EHT2/IHARM/SANE/SANE_a0_288x128x128_IHARM/m_1_1_160/image_a0_1950_163_0_230.e9_6.2e9_7.5794e+29_160.dat
        96       0.385313        3.11011       -195.182        2.39021        4.09499        3.30993       -817.603     /gpfs/hpu/EHT2/IHARM/SANE/SANE_a0_288x128x128_IHARM/m_1_1_160/image_a0_1960_163_0_230.e9_6.2e9_7.5794e+29_160.dat
        97       0.427573        2.92337       -218.181        5.38646        8.14908        6.85857       -1286.96     /gpfs/hpu/EHT2/IHARM/SANE/SANE_a0_288x128x128_IHARM/m_1_1_160/image_a0_1970_163_0_230.e9_6.2e9_7.5794e+29_160.dat
        98       0.422496        3.05468       -191.533        3.51743        4.26755        3.89229       -907.123     /gpfs/hpu/EHT2/IHARM/SANE/SANE_a0_288x128x128_IHARM/m_1_1_160/image_a0_1980_163_0_230.e9_6.2e9_7.5794e+29_160.dat
        99       0.409172        3.00166       -204.035        2.76094        4.67624        3.79331        -851.96     /gpfs/hpu/EHT2/IHARM/SANE/SANE_a0_288x128x128_IHARM/m_1_1_160/image_a0_1990_163_0_230.e9_6.2e9_7.5794e+29_160.dat
