   # Index         I (Jy)      M/D (uas)       PA (deg)  VA red. chisq  CP red. chisq     red. chisq     log-liklhd     FileName
         0        0.72942        4.28553        75.9007        13.3572        22.0544        18.0352       -2730.44     /gpfs/hpu/EHT2/IHARM/MAD/MAD_a+0.94_384x192x192_IHARM/m_1_1_80/image_a+0.94_0000_163_0_230.e9_6.2e9_1.25564e+25_80.dat
         1        0.61622        4.56583        69.5043        10.8252        45.9482        30.2385       -4160.16     /gpfs/hpu/EHT2/IHARM/MAD/MAD_a+0.94_384x192x192_IHARM/m_1_1_80/image_a+0.94_0001_163_0_230.e9_6.2e9_1.25564e+25_80.dat
         2       0.957336        4.44955         185.94        7.72705        12.8269        10.4714       -1819.01     /gpfs/hpu/EHT2/IHARM/MAD/MAD_a+0.94_384x192x192_IHARM/m_1_1_80/image_a+0.94_0002_163_0_230.e9_6.2e9_1.25564e+25_80.dat
         3        0.59362         4.2985        191.385        7.43911        11.6239        9.67777       -1637.98     /gpfs/hpu/EHT2/IHARM/MAD/MAD_a+0.94_384x192x192_IHARM/m_1_1_80/image_a+0.94_0003_163_0_230.e9_6.2e9_1.25564e+25_80.dat
         4       0.685588        4.13818        175.248        10.2072        13.8581        12.1152       -2037.26     /gpfs/hpu/EHT2/IHARM/MAD/MAD_a+0.94_384x192x192_IHARM/m_1_1_80/image_a+0.94_0004_163_0_230.e9_6.2e9_1.25564e+25_80.dat
         5       0.519973        3.91258        77.0368        4.71338         15.005        10.3832       -1683.83     /gpfs/hpu/EHT2/IHARM/MAD/MAD_a+0.94_384x192x192_IHARM/m_1_1_80/image_a+0.94_0005_163_0_230.e9_6.2e9_1.25564e+25_80.dat
         6        0.59396        4.07836        179.618        5.52645        9.10986        7.45359       -1430.48     /gpfs/hpu/EHT2/IHARM/MAD/MAD_a+0.94_384x192x192_IHARM/m_1_1_80/image_a+0.94_0006_163_0_230.e9_6.2e9_1.25564e+25_80.dat
         7       0.808632        3.96041        195.588        10.1571        10.1653        10.0388       -1852.51     /gpfs/hpu/EHT2/IHARM/MAD/MAD_a+0.94_384x192x192_IHARM/m_1_1_80/image_a+0.94_0007_163_0_230.e9_6.2e9_1.25564e+25_80.dat
         8       0.501224        3.84414        187.463        11.9649        7.58164        9.38111       -1633.77     /gpfs/hpu/EHT2/IHARM/MAD/MAD_a+0.94_384x192x192_IHARM/m_1_1_80/image_a+0.94_0008_163_0_230.e9_6.2e9_1.25564e+25_80.dat
         9       0.618061        3.85447        171.032        15.4609        14.8359        14.9261       -2366.71     /gpfs/hpu/EHT2/IHARM/MAD/MAD_a+0.94_384x192x192_IHARM/m_1_1_80/image_a+0.94_0009_163_0_230.e9_6.2e9_1.25564e+25_80.dat
        10       0.623359        4.09619        187.857        8.08316        12.2645        10.3121       -1797.01     /gpfs/hpu/EHT2/IHARM/MAD/MAD_a+0.94_384x192x192_IHARM/m_1_1_80/image_a+0.94_0010_163_0_230.e9_6.2e9_1.25564e+25_80.dat
        11       0.460127        3.98434        105.716        7.64238        9.60513        8.64211       -1449.69     /gpfs/hpu/EHT2/IHARM/MAD/MAD_a+0.94_384x192x192_IHARM/m_1_1_80/image_a+0.94_0011_163_0_230.e9_6.2e9_1.25564e+25_80.dat
        12        0.44334        4.11443        110.425        3.78999        3.22949        3.43225       -799.971     /gpfs/hpu/EHT2/IHARM/MAD/MAD_a+0.94_384x192x192_IHARM/m_1_1_80/image_a+0.94_0012_163_0_230.e9_6.2e9_1.25564e+25_80.dat
        13        1.13468        3.70739        163.914        9.40408        6.19926        7.50699       -1548.04     /gpfs/hpu/EHT2/IHARM/MAD/MAD_a+0.94_384x192x192_IHARM/m_1_1_80/image_a+0.94_0013_163_0_230.e9_6.2e9_1.25564e+25_80.dat
        14       0.481177        3.87087        160.541        5.36629        8.51796        7.05513       -1282.76     /gpfs/hpu/EHT2/IHARM/MAD/MAD_a+0.94_384x192x192_IHARM/m_1_1_80/image_a+0.94_0014_163_0_230.e9_6.2e9_1.25564e+25_80.dat
        15        0.53552         3.7932        142.973        8.76031        13.0129        11.0207       -1824.67     /gpfs/hpu/EHT2/IHARM/MAD/MAD_a+0.94_384x192x192_IHARM/m_1_1_80/image_a+0.94_0015_163_0_230.e9_6.2e9_1.25564e+25_80.dat
        16       0.621159        4.18543        186.841         8.0912        8.78725        8.38064       -1494.49     /gpfs/hpu/EHT2/IHARM/MAD/MAD_a+0.94_384x192x192_IHARM/m_1_1_80/image_a+0.94_0016_163_0_230.e9_6.2e9_1.25564e+25_80.dat
        17       0.526855        3.81594        144.594        9.94036        6.18037        7.72786       -1373.94     /gpfs/hpu/EHT2/IHARM/MAD/MAD_a+0.94_384x192x192_IHARM/m_1_1_80/image_a+0.94_0017_163_0_230.e9_6.2e9_1.25564e+25_80.dat
        18       0.530852        4.09788        78.9746        6.54111        7.68105         7.0963       -1269.53     /gpfs/hpu/EHT2/IHARM/MAD/MAD_a+0.94_384x192x192_IHARM/m_1_1_80/image_a+0.94_0018_163_0_230.e9_6.2e9_1.25564e+25_80.dat
        19       0.514422        4.10662        139.803        5.11471         4.5287        4.72675       -996.698     /gpfs/hpu/EHT2/IHARM/MAD/MAD_a+0.94_384x192x192_IHARM/m_1_1_80/image_a+0.94_0019_163_0_230.e9_6.2e9_1.25564e+25_80.dat
        20       0.576892        4.09544         155.01        5.23704        6.19707         5.7079       -1127.57     /gpfs/hpu/EHT2/IHARM/MAD/MAD_a+0.94_384x192x192_IHARM/m_1_1_80/image_a+0.94_0020_163_0_230.e9_6.2e9_1.25564e+25_80.dat
        21       0.560773        4.23889         159.12        5.10924        7.88709        6.59317       -1241.78     /gpfs/hpu/EHT2/IHARM/MAD/MAD_a+0.94_384x192x192_IHARM/m_1_1_80/image_a+0.94_0021_163_0_230.e9_6.2e9_1.25564e+25_80.dat
        22       0.501852        3.80924        140.858        4.32168        7.28812        5.92008        -1148.3     /gpfs/hpu/EHT2/IHARM/MAD/MAD_a+0.94_384x192x192_IHARM/m_1_1_80/image_a+0.94_0022_163_0_230.e9_6.2e9_1.25564e+25_80.dat
        23       0.513283        3.69131        135.389         7.7949        13.3206        10.7754       -1782.86     /gpfs/hpu/EHT2/IHARM/MAD/MAD_a+0.94_384x192x192_IHARM/m_1_1_80/image_a+0.94_0023_163_0_230.e9_6.2e9_1.25564e+25_80.dat
        24       0.744444         4.1123        144.688        4.88494        11.1856        8.33187       -1541.11     /gpfs/hpu/EHT2/IHARM/MAD/MAD_a+0.94_384x192x192_IHARM/m_1_1_80/image_a+0.94_0024_163_0_230.e9_6.2e9_1.25564e+25_80.dat
        25        0.56756         3.5992        105.941        3.51204        9.45998         6.7793       -1283.44     /gpfs/hpu/EHT2/IHARM/MAD/MAD_a+0.94_384x192x192_IHARM/m_1_1_80/image_a+0.94_0025_163_0_230.e9_6.2e9_1.25564e+25_80.dat
        26       0.858863          3.751        138.124        11.0042          23.72        17.9468       -2785.55     /gpfs/hpu/EHT2/IHARM/MAD/MAD_a+0.94_384x192x192_IHARM/m_1_1_80/image_a+0.94_0026_163_0_230.e9_6.2e9_1.25564e+25_80.dat
        27       0.715133        4.00347        39.8647        4.85332         10.398        7.87993       -1395.64     /gpfs/hpu/EHT2/IHARM/MAD/MAD_a+0.94_384x192x192_IHARM/m_1_1_80/image_a+0.94_0027_163_0_230.e9_6.2e9_1.25564e+25_80.dat
        28       0.649065        4.05537        73.1724        13.9375        13.6957        13.6344       -2087.35     /gpfs/hpu/EHT2/IHARM/MAD/MAD_a+0.94_384x192x192_IHARM/m_1_1_80/image_a+0.94_0028_163_0_230.e9_6.2e9_1.25564e+25_80.dat
        29       0.605917        4.25027        122.615        7.04524        6.23807        6.51087       -1193.04     /gpfs/hpu/EHT2/IHARM/MAD/MAD_a+0.94_384x192x192_IHARM/m_1_1_80/image_a+0.94_0029_163_0_230.e9_6.2e9_1.25564e+25_80.dat
        30       0.696289        3.57431        170.114        5.64377        6.52856        6.06784       -1265.93     /gpfs/hpu/EHT2/IHARM/MAD/MAD_a+0.94_384x192x192_IHARM/m_1_1_80/image_a+0.94_0030_163_0_230.e9_6.2e9_1.25564e+25_80.dat
        31       0.663348        4.02349        163.491        7.53868         9.9267        8.77631       -1576.89     /gpfs/hpu/EHT2/IHARM/MAD/MAD_a+0.94_384x192x192_IHARM/m_1_1_80/image_a+0.94_0031_163_0_230.e9_6.2e9_1.25564e+25_80.dat
        32       0.857048        3.95903        183.737        20.2976         9.2723         13.917       -2297.68     /gpfs/hpu/EHT2/IHARM/MAD/MAD_a+0.94_384x192x192_IHARM/m_1_1_80/image_a+0.94_0032_163_0_230.e9_6.2e9_1.25564e+25_80.dat
        33       0.846347         3.8029        153.539        31.0296        14.6005        21.5123       -3246.72     /gpfs/hpu/EHT2/IHARM/MAD/MAD_a+0.94_384x192x192_IHARM/m_1_1_80/image_a+0.94_0033_163_0_230.e9_6.2e9_1.25564e+25_80.dat
        34       0.651132        3.97747        145.744        4.62833        7.66999        6.26488        -1276.2     /gpfs/hpu/EHT2/IHARM/MAD/MAD_a+0.94_384x192x192_IHARM/m_1_1_80/image_a+0.94_0034_163_0_230.e9_6.2e9_1.25564e+25_80.dat
        35       0.560076        4.01187        187.748        9.83175        7.78109        8.57172        -1519.1     /gpfs/hpu/EHT2/IHARM/MAD/MAD_a+0.94_384x192x192_IHARM/m_1_1_80/image_a+0.94_0035_163_0_230.e9_6.2e9_1.25564e+25_80.dat
        36       0.516285        4.09655        172.538        9.08048         8.1401        8.44736        -1467.1     /gpfs/hpu/EHT2/IHARM/MAD/MAD_a+0.94_384x192x192_IHARM/m_1_1_80/image_a+0.94_0036_163_0_230.e9_6.2e9_1.25564e+25_80.dat
        37       0.653196        4.12231        174.755        9.06944        9.23475        9.05171       -1581.16     /gpfs/hpu/EHT2/IHARM/MAD/MAD_a+0.94_384x192x192_IHARM/m_1_1_80/image_a+0.94_0037_163_0_230.e9_6.2e9_1.25564e+25_80.dat
        38        0.56659        4.39273        183.888         19.886          7.232        12.6041       -1985.29     /gpfs/hpu/EHT2/IHARM/MAD/MAD_a+0.94_384x192x192_IHARM/m_1_1_80/image_a+0.94_0038_163_0_230.e9_6.2e9_1.25564e+25_80.dat
        39       0.671436         4.1297        112.145        9.02013        6.91721        7.74084       -1416.74     /gpfs/hpu/EHT2/IHARM/MAD/MAD_a+0.94_384x192x192_IHARM/m_1_1_80/image_a+0.94_0039_163_0_230.e9_6.2e9_1.25564e+25_80.dat
        40       0.612698        4.36384        154.131        2.27301        7.90376        5.37875       -1090.62     /gpfs/hpu/EHT2/IHARM/MAD/MAD_a+0.94_384x192x192_IHARM/m_1_1_80/image_a+0.94_0040_163_0_230.e9_6.2e9_1.25564e+25_80.dat
        41       0.773523         4.2814        157.753        15.3263        13.0328        13.8647       -2192.37     /gpfs/hpu/EHT2/IHARM/MAD/MAD_a+0.94_384x192x192_IHARM/m_1_1_80/image_a+0.94_0041_163_0_230.e9_6.2e9_1.25564e+25_80.dat
        42       0.452946        3.69171        81.3565        4.37423        9.74867        7.31193       -1368.47     /gpfs/hpu/EHT2/IHARM/MAD/MAD_a+0.94_384x192x192_IHARM/m_1_1_80/image_a+0.94_0042_163_0_230.e9_6.2e9_1.25564e+25_80.dat
        43        0.48562         3.9456        166.497        3.57053        3.48096         3.4775       -873.257     /gpfs/hpu/EHT2/IHARM/MAD/MAD_a+0.94_384x192x192_IHARM/m_1_1_80/image_a+0.94_0043_163_0_230.e9_6.2e9_1.25564e+25_80.dat
        44       0.384934        4.00181        142.303        5.71133        10.5727        8.34735       -1428.52     /gpfs/hpu/EHT2/IHARM/MAD/MAD_a+0.94_384x192x192_IHARM/m_1_1_80/image_a+0.94_0044_163_0_230.e9_6.2e9_1.25564e+25_80.dat
        45        0.66263        3.95883          115.8        6.00948        18.6718        12.9827       -2121.21     /gpfs/hpu/EHT2/IHARM/MAD/MAD_a+0.94_384x192x192_IHARM/m_1_1_80/image_a+0.94_0045_163_0_230.e9_6.2e9_1.25564e+25_80.dat
        46       0.730306        3.58447        212.762        5.01324        39.8271        24.3248       -3653.06     /gpfs/hpu/EHT2/IHARM/MAD/MAD_a+0.94_384x192x192_IHARM/m_1_1_80/image_a+0.94_0046_163_0_230.e9_6.2e9_1.25564e+25_80.dat
        47       0.632412        4.31889        205.852        16.1522        10.9034        13.0361       -2090.76     /gpfs/hpu/EHT2/IHARM/MAD/MAD_a+0.94_384x192x192_IHARM/m_1_1_80/image_a+0.94_0047_163_0_230.e9_6.2e9_1.25564e+25_80.dat
        48       0.827296        4.36288        176.753        38.8619        11.8586        23.3658       -3451.03     /gpfs/hpu/EHT2/IHARM/MAD/MAD_a+0.94_384x192x192_IHARM/m_1_1_80/image_a+0.94_0048_163_0_230.e9_6.2e9_1.25564e+25_80.dat
        49        1.00452        4.12063         177.44        13.2689        7.67342        9.99478       -1835.96     /gpfs/hpu/EHT2/IHARM/MAD/MAD_a+0.94_384x192x192_IHARM/m_1_1_80/image_a+0.94_0049_163_0_230.e9_6.2e9_1.25564e+25_80.dat
        50       0.851918        4.04249        158.798        13.5563        6.22944        9.31528       -1726.81     /gpfs/hpu/EHT2/IHARM/MAD/MAD_a+0.94_384x192x192_IHARM/m_1_1_80/image_a+0.94_0050_163_0_230.e9_6.2e9_1.25564e+25_80.dat
        51        1.04704        4.86006        163.222        10.8107        16.0643        13.6033       -2446.29     /gpfs/hpu/EHT2/IHARM/MAD/MAD_a+0.94_384x192x192_IHARM/m_1_1_80/image_a+0.94_0051_163_0_230.e9_6.2e9_1.25564e+25_80.dat
        52       0.814183        5.08664        156.014        25.8274        8.63594        15.9487       -2572.71     /gpfs/hpu/EHT2/IHARM/MAD/MAD_a+0.94_384x192x192_IHARM/m_1_1_80/image_a+0.94_0052_163_0_230.e9_6.2e9_1.25564e+25_80.dat
        53       0.614951        4.87636        144.884        18.3677        8.80072        12.8219       -2085.28     /gpfs/hpu/EHT2/IHARM/MAD/MAD_a+0.94_384x192x192_IHARM/m_1_1_80/image_a+0.94_0053_163_0_230.e9_6.2e9_1.25564e+25_80.dat
        54       0.550857        4.57806        132.187        6.84055        5.44292        5.98009       -1164.51     /gpfs/hpu/EHT2/IHARM/MAD/MAD_a+0.94_384x192x192_IHARM/m_1_1_80/image_a+0.94_0054_163_0_230.e9_6.2e9_1.25564e+25_80.dat
        55       0.673014        4.10694        51.2075        3.66926         11.023        7.71685       -1361.47     /gpfs/hpu/EHT2/IHARM/MAD/MAD_a+0.94_384x192x192_IHARM/m_1_1_80/image_a+0.94_0055_163_0_230.e9_6.2e9_1.25564e+25_80.dat
        56       0.550841        4.49117        60.9355        1.55835        8.57835        5.44579       -1095.15     /gpfs/hpu/EHT2/IHARM/MAD/MAD_a+0.94_384x192x192_IHARM/m_1_1_80/image_a+0.94_0056_163_0_230.e9_6.2e9_1.25564e+25_80.dat
        57        0.45081        4.17195        120.113        10.7834        18.3993        14.8908       -2273.62     /gpfs/hpu/EHT2/IHARM/MAD/MAD_a+0.94_384x192x192_IHARM/m_1_1_80/image_a+0.94_0057_163_0_230.e9_6.2e9_1.25564e+25_80.dat
        58       0.667314        4.45233        182.544        13.0896        7.28036        9.69868       -1737.43     /gpfs/hpu/EHT2/IHARM/MAD/MAD_a+0.94_384x192x192_IHARM/m_1_1_80/image_a+0.94_0058_163_0_230.e9_6.2e9_1.25564e+25_80.dat
        59       0.695599        4.36395        197.131        13.2507        9.79525        11.1676       -1941.28     /gpfs/hpu/EHT2/IHARM/MAD/MAD_a+0.94_384x192x192_IHARM/m_1_1_80/image_a+0.94_0059_163_0_230.e9_6.2e9_1.25564e+25_80.dat
        60       0.432853        4.20347        184.114        8.42399        6.04736        6.99961       -1322.12     /gpfs/hpu/EHT2/IHARM/MAD/MAD_a+0.94_384x192x192_IHARM/m_1_1_80/image_a+0.94_0060_163_0_230.e9_6.2e9_1.25564e+25_80.dat
        61       0.481835        4.23321        170.622        14.7522        5.57183        9.46533       -1625.68     /gpfs/hpu/EHT2/IHARM/MAD/MAD_a+0.94_384x192x192_IHARM/m_1_1_80/image_a+0.94_0061_163_0_230.e9_6.2e9_1.25564e+25_80.dat
        62       0.492214        4.15639        170.883        8.59423        6.25335        7.18768       -1362.01     /gpfs/hpu/EHT2/IHARM/MAD/MAD_a+0.94_384x192x192_IHARM/m_1_1_80/image_a+0.94_0062_163_0_230.e9_6.2e9_1.25564e+25_80.dat
        63       0.437288        3.98092        148.942        2.22461         2.5711         2.3905       -675.035     /gpfs/hpu/EHT2/IHARM/MAD/MAD_a+0.94_384x192x192_IHARM/m_1_1_80/image_a+0.94_0063_163_0_230.e9_6.2e9_1.25564e+25_80.dat
        64       0.750585        4.40955        168.298        8.63258        5.74512        6.92143       -1364.59     /gpfs/hpu/EHT2/IHARM/MAD/MAD_a+0.94_384x192x192_IHARM/m_1_1_80/image_a+0.94_0064_163_0_230.e9_6.2e9_1.25564e+25_80.dat
        65       0.555357         4.0797        134.519        2.57048        6.21277        4.56614       -975.539     /gpfs/hpu/EHT2/IHARM/MAD/MAD_a+0.94_384x192x192_IHARM/m_1_1_80/image_a+0.94_0065_163_0_230.e9_6.2e9_1.25564e+25_80.dat
        66       0.730757        3.65459        155.761        11.2394        5.87079        8.11609       -1424.85     /gpfs/hpu/EHT2/IHARM/MAD/MAD_a+0.94_384x192x192_IHARM/m_1_1_80/image_a+0.94_0066_163_0_230.e9_6.2e9_1.25564e+25_80.dat
        67       0.495245        3.71373        188.274        7.53695        6.53156        6.88633       -1295.84     /gpfs/hpu/EHT2/IHARM/MAD/MAD_a+0.94_384x192x192_IHARM/m_1_1_80/image_a+0.94_0067_163_0_230.e9_6.2e9_1.25564e+25_80.dat
        68       0.716572        3.73575        228.954        4.95936        6.84475         5.9485       -1297.06     /gpfs/hpu/EHT2/IHARM/MAD/MAD_a+0.94_384x192x192_IHARM/m_1_1_80/image_a+0.94_0068_163_0_230.e9_6.2e9_1.25564e+25_80.dat
        69       0.606569        3.53213        159.216        10.4644        18.9041        15.0341       -2343.41     /gpfs/hpu/EHT2/IHARM/MAD/MAD_a+0.94_384x192x192_IHARM/m_1_1_80/image_a+0.94_0069_163_0_230.e9_6.2e9_1.25564e+25_80.dat
        70       0.455492         3.9556        114.729        8.73922        11.6417        10.2486       -1671.96     /gpfs/hpu/EHT2/IHARM/MAD/MAD_a+0.94_384x192x192_IHARM/m_1_1_80/image_a+0.94_0070_163_0_230.e9_6.2e9_1.25564e+25_80.dat
        71       0.696485        4.32331        120.242        11.2654        19.5102        15.7169       -2480.87     /gpfs/hpu/EHT2/IHARM/MAD/MAD_a+0.94_384x192x192_IHARM/m_1_1_80/image_a+0.94_0071_163_0_230.e9_6.2e9_1.25564e+25_80.dat
        72       0.970922        4.27262        39.5864        8.25332        32.5422        21.6691       -3301.41     /gpfs/hpu/EHT2/IHARM/MAD/MAD_a+0.94_384x192x192_IHARM/m_1_1_80/image_a+0.94_0072_163_0_230.e9_6.2e9_1.25564e+25_80.dat
        73       0.563881        3.82265        169.787        3.50617        10.2019        7.18958       -1389.67     /gpfs/hpu/EHT2/IHARM/MAD/MAD_a+0.94_384x192x192_IHARM/m_1_1_80/image_a+0.94_0073_163_0_230.e9_6.2e9_1.25564e+25_80.dat
        74       0.505095        4.22388        165.736        10.9751        6.60359         8.4098       -1468.86     /gpfs/hpu/EHT2/IHARM/MAD/MAD_a+0.94_384x192x192_IHARM/m_1_1_80/image_a+0.94_0074_163_0_230.e9_6.2e9_1.25564e+25_80.dat
        75       0.612813        4.06653        139.012        13.8453        11.0698        12.1334       -1980.97     /gpfs/hpu/EHT2/IHARM/MAD/MAD_a+0.94_384x192x192_IHARM/m_1_1_80/image_a+0.94_0075_163_0_230.e9_6.2e9_1.25564e+25_80.dat
        76       0.565347        3.59955        166.796         9.4887         18.247        14.2475       -2251.51     /gpfs/hpu/EHT2/IHARM/MAD/MAD_a+0.94_384x192x192_IHARM/m_1_1_80/image_a+0.94_0076_163_0_230.e9_6.2e9_1.25564e+25_80.dat
        77       0.519664        4.19093        138.167        4.00148        9.36373        6.93691       -1275.71     /gpfs/hpu/EHT2/IHARM/MAD/MAD_a+0.94_384x192x192_IHARM/m_1_1_80/image_a+0.94_0077_163_0_230.e9_6.2e9_1.25564e+25_80.dat
        78       0.628548        4.28714        112.055        4.99752        21.8906        14.3373          -2171     /gpfs/hpu/EHT2/IHARM/MAD/MAD_a+0.94_384x192x192_IHARM/m_1_1_80/image_a+0.94_0078_163_0_230.e9_6.2e9_1.25564e+25_80.dat
        79       0.648435        3.80008        92.3959        7.95572        13.3891        10.8829       -1821.15     /gpfs/hpu/EHT2/IHARM/MAD/MAD_a+0.94_384x192x192_IHARM/m_1_1_80/image_a+0.94_0079_163_0_230.e9_6.2e9_1.25564e+25_80.dat
        80        1.53114        4.01257        75.5242        8.87518        18.8658        14.3271        -2515.7     /gpfs/hpu/EHT2/IHARM/MAD/MAD_a+0.94_384x192x192_IHARM/m_1_1_80/image_a+0.94_0080_163_0_230.e9_6.2e9_1.25564e+25_80.dat
        81       0.748829        4.15765         198.25         17.799        10.9214        13.7566       -2276.76     /gpfs/hpu/EHT2/IHARM/MAD/MAD_a+0.94_384x192x192_IHARM/m_1_1_80/image_a+0.94_0081_163_0_230.e9_6.2e9_1.25564e+25_80.dat
        82       0.592465        4.31582        200.241        8.25675        8.08831        8.06314       -1509.59     /gpfs/hpu/EHT2/IHARM/MAD/MAD_a+0.94_384x192x192_IHARM/m_1_1_80/image_a+0.94_0082_163_0_230.e9_6.2e9_1.25564e+25_80.dat
        83       0.515195        3.99255        159.981        9.53287        8.67781        8.94175       -1553.57     /gpfs/hpu/EHT2/IHARM/MAD/MAD_a+0.94_384x192x192_IHARM/m_1_1_80/image_a+0.94_0083_163_0_230.e9_6.2e9_1.25564e+25_80.dat
        84       0.418868        3.95711        125.104        4.96933         6.8859         5.9757       -1139.11     /gpfs/hpu/EHT2/IHARM/MAD/MAD_a+0.94_384x192x192_IHARM/m_1_1_80/image_a+0.94_0084_163_0_230.e9_6.2e9_1.25564e+25_80.dat
        85       0.920983        3.79959        170.619        4.07597        7.85566        6.12987       -1283.01     /gpfs/hpu/EHT2/IHARM/MAD/MAD_a+0.94_384x192x192_IHARM/m_1_1_80/image_a+0.94_0085_163_0_230.e9_6.2e9_1.25564e+25_80.dat
        86       0.530772        3.86936        125.935        3.73068        3.81145        3.73049        -842.73     /gpfs/hpu/EHT2/IHARM/MAD/MAD_a+0.94_384x192x192_IHARM/m_1_1_80/image_a+0.94_0086_163_0_230.e9_6.2e9_1.25564e+25_80.dat
        87       0.460783        3.91194        130.017        6.25665        8.18796        7.25564       -1324.04     /gpfs/hpu/EHT2/IHARM/MAD/MAD_a+0.94_384x192x192_IHARM/m_1_1_80/image_a+0.94_0087_163_0_230.e9_6.2e9_1.25564e+25_80.dat
        88       0.712693        3.91396        175.276        6.40714        17.0764        12.2666        -2132.6     /gpfs/hpu/EHT2/IHARM/MAD/MAD_a+0.94_384x192x192_IHARM/m_1_1_80/image_a+0.94_0088_163_0_230.e9_6.2e9_1.25564e+25_80.dat
        89       0.603161        4.11522        132.197         4.2937        12.5418        8.83144       -1527.69     /gpfs/hpu/EHT2/IHARM/MAD/MAD_a+0.94_384x192x192_IHARM/m_1_1_80/image_a+0.94_0089_163_0_230.e9_6.2e9_1.25564e+25_80.dat
        90       0.567865         3.7547        169.357        8.70213        14.7533        11.9641       -1959.11     /gpfs/hpu/EHT2/IHARM/MAD/MAD_a+0.94_384x192x192_IHARM/m_1_1_80/image_a+0.94_0090_163_0_230.e9_6.2e9_1.25564e+25_80.dat
        91        1.07897        4.32592        169.653        12.1847         11.951        11.9073       -2117.21     /gpfs/hpu/EHT2/IHARM/MAD/MAD_a+0.94_384x192x192_IHARM/m_1_1_80/image_a+0.94_0091_163_0_230.e9_6.2e9_1.25564e+25_80.dat
        92       0.573677         4.2121        204.976        13.6038        10.5105        11.7179       -1903.55     /gpfs/hpu/EHT2/IHARM/MAD/MAD_a+0.94_384x192x192_IHARM/m_1_1_80/image_a+0.94_0092_163_0_230.e9_6.2e9_1.25564e+25_80.dat
        93       0.695253         4.6772        176.656        12.2623        9.04096        10.3215       -1768.42     /gpfs/hpu/EHT2/IHARM/MAD/MAD_a+0.94_384x192x192_IHARM/m_1_1_80/image_a+0.94_0093_163_0_230.e9_6.2e9_1.25564e+25_80.dat
        94       0.538184        3.89472        145.014         16.071        16.7736        16.2676       -2411.92     /gpfs/hpu/EHT2/IHARM/MAD/MAD_a+0.94_384x192x192_IHARM/m_1_1_80/image_a+0.94_0094_163_0_230.e9_6.2e9_1.25564e+25_80.dat
        95       0.405776        3.90867        130.649        5.43585        9.47821        7.61947       -1330.16     /gpfs/hpu/EHT2/IHARM/MAD/MAD_a+0.94_384x192x192_IHARM/m_1_1_80/image_a+0.94_0095_163_0_230.e9_6.2e9_1.25564e+25_80.dat
        96       0.471827        3.96684        105.312        4.39388        7.25817        5.93457       -1130.97     /gpfs/hpu/EHT2/IHARM/MAD/MAD_a+0.94_384x192x192_IHARM/m_1_1_80/image_a+0.94_0096_163_0_230.e9_6.2e9_1.25564e+25_80.dat
        97       0.540419        3.78269        181.277        5.30273        7.47186         6.4456       -1275.85     /gpfs/hpu/EHT2/IHARM/MAD/MAD_a+0.94_384x192x192_IHARM/m_1_1_80/image_a+0.94_0097_163_0_230.e9_6.2e9_1.25564e+25_80.dat
        98       0.484853        4.09305        108.608        5.94018        8.49595        7.29049       -1316.95     /gpfs/hpu/EHT2/IHARM/MAD/MAD_a+0.94_384x192x192_IHARM/m_1_1_80/image_a+0.94_0098_163_0_230.e9_6.2e9_1.25564e+25_80.dat
        99        0.55941        4.03412        185.012        7.20207        5.44851        6.13918       -1249.36     /gpfs/hpu/EHT2/IHARM/MAD/MAD_a+0.94_384x192x192_IHARM/m_1_1_80/image_a+0.94_0099_163_0_230.e9_6.2e9_1.25564e+25_80.dat
