   # Index         I (Jy)      M/D (uas)       PA (deg)  VA red. chisq  CP red. chisq     red. chisq     log-liklhd     FileName
         0       0.533706        3.03193       -278.376        3.79116        7.55577        5.84012       -1227.65     /gpfs/hpu/EHT2/IHARM/SANE/SANE_a-0.5_288x128x128_IHARM/m_1_1_20/image_a-0.5_1000_17_0_230.e9_6.2e9_1.04354e+29_20.dat
         1       0.744262        3.03919       -272.861        3.69635        23.6282        14.7428       -2438.03     /gpfs/hpu/EHT2/IHARM/SANE/SANE_a-0.5_288x128x128_IHARM/m_1_1_20/image_a-0.5_1006_17_0_230.e9_6.2e9_1.04354e+29_20.dat
         2       0.613026        3.02954       -359.988        7.51526        60.4504        36.8802        -5381.6     /gpfs/hpu/EHT2/IHARM/SANE/SANE_a-0.5_288x128x128_IHARM/m_1_1_20/image_a-0.5_1012_17_0_230.e9_6.2e9_1.04354e+29_20.dat
         3       0.469414        2.96349       -331.425        3.54075        12.4176        8.43745       -1464.59     /gpfs/hpu/EHT2/IHARM/SANE/SANE_a-0.5_288x128x128_IHARM/m_1_1_20/image_a-0.5_1018_17_0_230.e9_6.2e9_1.04354e+29_20.dat
         4       0.462923        2.99106       -332.599         7.0565        10.7276         9.0139       -1551.54     /gpfs/hpu/EHT2/IHARM/SANE/SANE_a-0.5_288x128x128_IHARM/m_1_1_20/image_a-0.5_1024_17_0_230.e9_6.2e9_1.04354e+29_20.dat
         5        0.80208        3.23989       -327.125        5.85003        18.3681         12.745       -2084.69     /gpfs/hpu/EHT2/IHARM/SANE/SANE_a-0.5_288x128x128_IHARM/m_1_1_20/image_a-0.5_1030_17_0_230.e9_6.2e9_1.04354e+29_20.dat
         6        1.98641        5.19074       -320.869        66.4165        38.3409        49.9904       -6844.31     /gpfs/hpu/EHT2/IHARM/SANE/SANE_a-0.5_288x128x128_IHARM/m_1_1_20/image_a-0.5_1036_17_0_230.e9_6.2e9_1.04354e+29_20.dat
         7       0.762705        2.90286       -202.713        4.72482        30.6627        19.1008       -2933.88     /gpfs/hpu/EHT2/IHARM/SANE/SANE_a-0.5_288x128x128_IHARM/m_1_1_20/image_a-0.5_1042_17_0_230.e9_6.2e9_1.04354e+29_20.dat
         8       0.441688        3.03443       -284.223        6.27825        14.8006        10.9446       -1822.75     /gpfs/hpu/EHT2/IHARM/SANE/SANE_a-0.5_288x128x128_IHARM/m_1_1_20/image_a-0.5_1048_17_0_230.e9_6.2e9_1.04354e+29_20.dat
         9        0.41181        3.01739       -263.076        7.77532        16.8727        12.7435       -2008.96     /gpfs/hpu/EHT2/IHARM/SANE/SANE_a-0.5_288x128x128_IHARM/m_1_1_20/image_a-0.5_1054_17_0_230.e9_6.2e9_1.04354e+29_20.dat
        10       0.641856        2.81047       -236.999        6.56704          16.07        11.7756       -1977.62     /gpfs/hpu/EHT2/IHARM/SANE/SANE_a-0.5_288x128x128_IHARM/m_1_1_20/image_a-0.5_1060_17_0_230.e9_6.2e9_1.04354e+29_20.dat
        11       0.927607        2.90955         -122.4        5.27608        36.9459         22.835       -3431.32     /gpfs/hpu/EHT2/IHARM/SANE/SANE_a-0.5_288x128x128_IHARM/m_1_1_20/image_a-0.5_1066_17_0_230.e9_6.2e9_1.04354e+29_20.dat
        12       0.766864        3.19374        12.9704        5.19935        43.3892        26.3873       -3828.47     /gpfs/hpu/EHT2/IHARM/SANE/SANE_a-0.5_288x128x128_IHARM/m_1_1_20/image_a-0.5_1072_17_0_230.e9_6.2e9_1.04354e+29_20.dat
        13       0.712929        3.25159        25.1871        6.31267        40.6892        25.3652       -3790.18     /gpfs/hpu/EHT2/IHARM/SANE/SANE_a-0.5_288x128x128_IHARM/m_1_1_20/image_a-0.5_1078_17_0_230.e9_6.2e9_1.04354e+29_20.dat
        14       0.582849        2.95633        16.5845        2.59236        45.2653        26.3064       -3813.75     /gpfs/hpu/EHT2/IHARM/SANE/SANE_a-0.5_288x128x128_IHARM/m_1_1_20/image_a-0.5_1084_17_0_230.e9_6.2e9_1.04354e+29_20.dat
        15       0.691634        3.31155        10.8035        7.94036        36.2982        23.6241       -3796.74     /gpfs/hpu/EHT2/IHARM/SANE/SANE_a-0.5_288x128x128_IHARM/m_1_1_20/image_a-0.5_1090_17_0_230.e9_6.2e9_1.04354e+29_20.dat
        16       0.487487        3.11263        7.77545        6.08809        23.9838        15.9726       -2430.54     /gpfs/hpu/EHT2/IHARM/SANE/SANE_a-0.5_288x128x128_IHARM/m_1_1_20/image_a-0.5_1096_17_0_230.e9_6.2e9_1.04354e+29_20.dat
        17       0.488738        2.77471        114.184        7.65451         46.076        28.9416       -4089.03     /gpfs/hpu/EHT2/IHARM/SANE/SANE_a-0.5_288x128x128_IHARM/m_1_1_20/image_a-0.5_1102_17_0_230.e9_6.2e9_1.04354e+29_20.dat
        18       0.801275        3.16834        82.5131        4.23052        65.0107        38.0006       -5459.52     /gpfs/hpu/EHT2/IHARM/SANE/SANE_a-0.5_288x128x128_IHARM/m_1_1_20/image_a-0.5_1108_17_0_230.e9_6.2e9_1.04354e+29_20.dat
        19       0.483411         3.1083        68.8251        4.01867        32.4372        19.7836        -2953.3     /gpfs/hpu/EHT2/IHARM/SANE/SANE_a-0.5_288x128x128_IHARM/m_1_1_20/image_a-0.5_1114_17_0_230.e9_6.2e9_1.04354e+29_20.dat
        20       0.607057         3.1893        11.0808        8.63208        82.5145        49.6397       -7212.23     /gpfs/hpu/EHT2/IHARM/SANE/SANE_a-0.5_288x128x128_IHARM/m_1_1_20/image_a-0.5_1120_17_0_230.e9_6.2e9_1.04354e+29_20.dat
        21       0.546648        3.15578        60.4335        2.32268          9.425        6.24668       -1250.68     /gpfs/hpu/EHT2/IHARM/SANE/SANE_a-0.5_288x128x128_IHARM/m_1_1_20/image_a-0.5_1126_17_0_230.e9_6.2e9_1.04354e+29_20.dat
        22        0.38489        3.09188        24.2285        7.60931        12.4501        10.2109       -1662.98     /gpfs/hpu/EHT2/IHARM/SANE/SANE_a-0.5_288x128x128_IHARM/m_1_1_20/image_a-0.5_1132_17_0_230.e9_6.2e9_1.04354e+29_20.dat
        23       0.445034        3.11295        68.4876        5.19857        10.0824        7.85332       -1395.33     /gpfs/hpu/EHT2/IHARM/SANE/SANE_a-0.5_288x128x128_IHARM/m_1_1_20/image_a-0.5_1138_17_0_230.e9_6.2e9_1.04354e+29_20.dat
        24       0.801238        3.25052         68.404        5.79659        27.3349        17.7115       -2704.97     /gpfs/hpu/EHT2/IHARM/SANE/SANE_a-0.5_288x128x128_IHARM/m_1_1_20/image_a-0.5_1144_17_0_230.e9_6.2e9_1.04354e+29_20.dat
        25       0.651396        3.05711        96.3449        5.31605        23.9458        15.6183        -2479.2     /gpfs/hpu/EHT2/IHARM/SANE/SANE_a-0.5_288x128x128_IHARM/m_1_1_20/image_a-0.5_1150_17_0_230.e9_6.2e9_1.04354e+29_20.dat
        26       0.480784        2.87665        138.896        6.06941        12.2378        9.42838       -1632.39     /gpfs/hpu/EHT2/IHARM/SANE/SANE_a-0.5_288x128x128_IHARM/m_1_1_20/image_a-0.5_1156_17_0_230.e9_6.2e9_1.04354e+29_20.dat
        27       0.646865        3.20827        128.781        6.27009        20.0074        13.8384       -2270.87     /gpfs/hpu/EHT2/IHARM/SANE/SANE_a-0.5_288x128x128_IHARM/m_1_1_20/image_a-0.5_1162_17_0_230.e9_6.2e9_1.04354e+29_20.dat
        28       0.736505        3.13578        143.631        7.19147        26.8761         18.058       -2876.32     /gpfs/hpu/EHT2/IHARM/SANE/SANE_a-0.5_288x128x128_IHARM/m_1_1_20/image_a-0.5_1168_17_0_230.e9_6.2e9_1.04354e+29_20.dat
        29       0.940231        3.10108        151.408        6.45949        29.6536        19.2877       -3052.09     /gpfs/hpu/EHT2/IHARM/SANE/SANE_a-0.5_288x128x128_IHARM/m_1_1_20/image_a-0.5_1174_17_0_230.e9_6.2e9_1.04354e+29_20.dat
        30       0.965036        3.32915        192.222        8.21936        57.8899        35.7592       -5744.77     /gpfs/hpu/EHT2/IHARM/SANE/SANE_a-0.5_288x128x128_IHARM/m_1_1_20/image_a-0.5_1180_17_0_230.e9_6.2e9_1.04354e+29_20.dat
        31       0.707594        3.00289       -63.7621        8.12975        67.9915        41.3416       -5762.19     /gpfs/hpu/EHT2/IHARM/SANE/SANE_a-0.5_288x128x128_IHARM/m_1_1_20/image_a-0.5_1186_17_0_230.e9_6.2e9_1.04354e+29_20.dat
        32        0.75225        3.36911       -12.4294        5.51883        45.6706        27.7946       -4131.36     /gpfs/hpu/EHT2/IHARM/SANE/SANE_a-0.5_288x128x128_IHARM/m_1_1_20/image_a-0.5_1192_17_0_230.e9_6.2e9_1.04354e+29_20.dat
        33       0.846217        3.24676       -4.95647        5.77107        40.0615        24.7822       -3730.58     /gpfs/hpu/EHT2/IHARM/SANE/SANE_a-0.5_288x128x128_IHARM/m_1_1_20/image_a-0.5_1198_17_0_230.e9_6.2e9_1.04354e+29_20.dat
        34       0.531703        3.21604        80.3289        8.60645        24.9126        17.5759       -2785.11     /gpfs/hpu/EHT2/IHARM/SANE/SANE_a-0.5_288x128x128_IHARM/m_1_1_20/image_a-0.5_1204_17_0_230.e9_6.2e9_1.04354e+29_20.dat
        35       0.832642        3.13682       -39.4711        5.81555        49.4868        30.0461       -4318.52     /gpfs/hpu/EHT2/IHARM/SANE/SANE_a-0.5_288x128x128_IHARM/m_1_1_20/image_a-0.5_1210_17_0_230.e9_6.2e9_1.04354e+29_20.dat
        36       0.638879        3.19543       -17.3775        5.13248        8.73764        7.07649       -1441.29     /gpfs/hpu/EHT2/IHARM/SANE/SANE_a-0.5_288x128x128_IHARM/m_1_1_20/image_a-0.5_1216_17_0_230.e9_6.2e9_1.04354e+29_20.dat
        37       0.665956        3.32724       0.237684        3.68446        8.66581        6.41177       -1311.43     /gpfs/hpu/EHT2/IHARM/SANE/SANE_a-0.5_288x128x128_IHARM/m_1_1_20/image_a-0.5_1222_17_0_230.e9_6.2e9_1.04354e+29_20.dat
        38       0.857582        3.41716        11.1783        2.86331         11.145        7.43705       -1503.25     /gpfs/hpu/EHT2/IHARM/SANE/SANE_a-0.5_288x128x128_IHARM/m_1_1_20/image_a-0.5_1228_17_0_230.e9_6.2e9_1.04354e+29_20.dat
        39       0.814154        3.55938        30.2075        4.63361        23.3586        14.9971       -2529.19     /gpfs/hpu/EHT2/IHARM/SANE/SANE_a-0.5_288x128x128_IHARM/m_1_1_20/image_a-0.5_1234_17_0_230.e9_6.2e9_1.04354e+29_20.dat
        40       0.828096        3.18192       -10.9491        5.53626        30.4879        19.3537       -2979.74     /gpfs/hpu/EHT2/IHARM/SANE/SANE_a-0.5_288x128x128_IHARM/m_1_1_20/image_a-0.5_1240_17_0_230.e9_6.2e9_1.04354e+29_20.dat
        41       0.526615        2.93048       -2.96458        5.10259         28.153        17.8673       -2700.39     /gpfs/hpu/EHT2/IHARM/SANE/SANE_a-0.5_288x128x128_IHARM/m_1_1_20/image_a-0.5_1246_17_0_230.e9_6.2e9_1.04354e+29_20.dat
        42       0.610795        3.14014        33.7328        5.28288         30.308        19.1442       -2858.05     /gpfs/hpu/EHT2/IHARM/SANE/SANE_a-0.5_288x128x128_IHARM/m_1_1_20/image_a-0.5_1252_17_0_230.e9_6.2e9_1.04354e+29_20.dat
        43       0.783578        3.12194        52.7618        7.37823        41.1714        26.0932       -3843.31     /gpfs/hpu/EHT2/IHARM/SANE/SANE_a-0.5_288x128x128_IHARM/m_1_1_20/image_a-0.5_1258_17_0_230.e9_6.2e9_1.04354e+29_20.dat
        44         0.6622         3.0152       -36.8147        4.34427        38.8316        23.4822       -3444.54     /gpfs/hpu/EHT2/IHARM/SANE/SANE_a-0.5_288x128x128_IHARM/m_1_1_20/image_a-0.5_1264_17_0_230.e9_6.2e9_1.04354e+29_20.dat
        45       0.529332        3.04123       -9.99238        4.10697        20.8391        13.3679       -2129.87     /gpfs/hpu/EHT2/IHARM/SANE/SANE_a-0.5_288x128x128_IHARM/m_1_1_20/image_a-0.5_1270_17_0_230.e9_6.2e9_1.04354e+29_20.dat
        46       0.776501        3.22299        4.33804        4.08188        22.6381        14.3582       -2307.35     /gpfs/hpu/EHT2/IHARM/SANE/SANE_a-0.5_288x128x128_IHARM/m_1_1_20/image_a-0.5_1276_17_0_230.e9_6.2e9_1.04354e+29_20.dat
        47       0.903936        3.62296        26.0272         6.0219        34.7527        21.9363       -3302.08     /gpfs/hpu/EHT2/IHARM/SANE/SANE_a-0.5_288x128x128_IHARM/m_1_1_20/image_a-0.5_1282_17_0_230.e9_6.2e9_1.04354e+29_20.dat
        48       0.729617        3.40926         44.766        7.73166        23.5501        16.4403       -2536.66     /gpfs/hpu/EHT2/IHARM/SANE/SANE_a-0.5_288x128x128_IHARM/m_1_1_20/image_a-0.5_1288_17_0_230.e9_6.2e9_1.04354e+29_20.dat
        49       0.765445        3.43798        16.3465        6.44028        43.1099        26.7672       -3895.64     /gpfs/hpu/EHT2/IHARM/SANE/SANE_a-0.5_288x128x128_IHARM/m_1_1_20/image_a-0.5_1294_17_0_230.e9_6.2e9_1.04354e+29_20.dat
        50       0.533653        3.18181       -42.2143        5.52941        14.5671        10.4915       -1770.73     /gpfs/hpu/EHT2/IHARM/SANE/SANE_a-0.5_288x128x128_IHARM/m_1_1_20/image_a-0.5_1300_17_0_230.e9_6.2e9_1.04354e+29_20.dat
        51       0.522873        3.02716       -61.4563        5.98922        18.2632        12.7467       -2097.87     /gpfs/hpu/EHT2/IHARM/SANE/SANE_a-0.5_288x128x128_IHARM/m_1_1_20/image_a-0.5_1306_17_0_230.e9_6.2e9_1.04354e+29_20.dat
        52       0.669585        3.27519       -18.4725        4.65255        21.8967        14.1918       -2331.59     /gpfs/hpu/EHT2/IHARM/SANE/SANE_a-0.5_288x128x128_IHARM/m_1_1_20/image_a-0.5_1312_17_0_230.e9_6.2e9_1.04354e+29_20.dat
        53       0.492045        3.22395        28.0304         5.7685        18.7676        12.9321       -2038.22     /gpfs/hpu/EHT2/IHARM/SANE/SANE_a-0.5_288x128x128_IHARM/m_1_1_20/image_a-0.5_1318_17_0_230.e9_6.2e9_1.04354e+29_20.dat
        54       0.448515        2.94683        109.641        4.16502        25.2943         15.872        -2458.9     /gpfs/hpu/EHT2/IHARM/SANE/SANE_a-0.5_288x128x128_IHARM/m_1_1_20/image_a-0.5_1324_17_0_230.e9_6.2e9_1.04354e+29_20.dat
        55       0.772404        2.97033        137.729        1.76433        5.71642        3.94213       -1088.17     /gpfs/hpu/EHT2/IHARM/SANE/SANE_a-0.5_288x128x128_IHARM/m_1_1_20/image_a-0.5_1330_17_0_230.e9_6.2e9_1.04354e+29_20.dat
        56       0.891101        3.06057        166.124        6.00856         59.715        35.8209       -5310.79     /gpfs/hpu/EHT2/IHARM/SANE/SANE_a-0.5_288x128x128_IHARM/m_1_1_20/image_a-0.5_1336_17_0_230.e9_6.2e9_1.04354e+29_20.dat
        57       0.868381         2.9207        262.414        7.96462        64.9641        39.5858       -6301.06     /gpfs/hpu/EHT2/IHARM/SANE/SANE_a-0.5_288x128x128_IHARM/m_1_1_20/image_a-0.5_1342_17_0_230.e9_6.2e9_1.04354e+29_20.dat
        58       0.773233        3.34358        359.884         4.6646        26.3428        16.6711       -2711.59     /gpfs/hpu/EHT2/IHARM/SANE/SANE_a-0.5_288x128x128_IHARM/m_1_1_20/image_a-0.5_1348_17_0_230.e9_6.2e9_1.04354e+29_20.dat
        59       0.700114        3.43752        359.937        7.39082        60.2661         36.724       -5367.96     /gpfs/hpu/EHT2/IHARM/SANE/SANE_a-0.5_288x128x128_IHARM/m_1_1_20/image_a-0.5_1354_17_0_230.e9_6.2e9_1.04354e+29_20.dat
        60       0.778093         3.3124        311.567        5.78974        137.214        78.8511         -12205     /gpfs/hpu/EHT2/IHARM/SANE/SANE_a-0.5_288x128x128_IHARM/m_1_1_20/image_a-0.5_1360_17_0_230.e9_6.2e9_1.04354e+29_20.dat
        61       0.724515        3.44594         359.83        11.7803        104.656        63.3184       -10463.5     /gpfs/hpu/EHT2/IHARM/SANE/SANE_a-0.5_288x128x128_IHARM/m_1_1_20/image_a-0.5_1366_17_0_230.e9_6.2e9_1.04354e+29_20.dat
        62       0.561519        3.16898        359.154        3.63793        43.4446        25.7444       -3742.75     /gpfs/hpu/EHT2/IHARM/SANE/SANE_a-0.5_288x128x128_IHARM/m_1_1_20/image_a-0.5_1372_17_0_230.e9_6.2e9_1.04354e+29_20.dat
        63       0.625765        3.16828        288.842        11.1942        65.1638        41.0903       -5713.22     /gpfs/hpu/EHT2/IHARM/SANE/SANE_a-0.5_288x128x128_IHARM/m_1_1_20/image_a-0.5_1378_17_0_230.e9_6.2e9_1.04354e+29_20.dat
        64       0.548368        3.08666        308.176        7.71564        23.7369        16.5373       -2513.43     /gpfs/hpu/EHT2/IHARM/SANE/SANE_a-0.5_288x128x128_IHARM/m_1_1_20/image_a-0.5_1384_17_0_230.e9_6.2e9_1.04354e+29_20.dat
        65       0.598785        3.03792        318.413        5.32352        31.5882        19.8742       -3008.46     /gpfs/hpu/EHT2/IHARM/SANE/SANE_a-0.5_288x128x128_IHARM/m_1_1_20/image_a-0.5_1390_17_0_230.e9_6.2e9_1.04354e+29_20.dat
        66       0.507765        3.10252        323.462         3.4572        14.1779        9.38095       -1593.59     /gpfs/hpu/EHT2/IHARM/SANE/SANE_a-0.5_288x128x128_IHARM/m_1_1_20/image_a-0.5_1396_17_0_230.e9_6.2e9_1.04354e+29_20.dat
        67       0.506556        3.01023        313.706        5.87286        38.2182        23.8004       -3438.55     /gpfs/hpu/EHT2/IHARM/SANE/SANE_a-0.5_288x128x128_IHARM/m_1_1_20/image_a-0.5_1402_17_0_230.e9_6.2e9_1.04354e+29_20.dat
        68       0.687054        3.20993        328.138        5.06924         78.463         45.848       -6922.33     /gpfs/hpu/EHT2/IHARM/SANE/SANE_a-0.5_288x128x128_IHARM/m_1_1_20/image_a-0.5_1408_17_0_230.e9_6.2e9_1.04354e+29_20.dat
        69        0.72383        3.27682        281.829        9.32143        101.778        60.6562       -9347.04     /gpfs/hpu/EHT2/IHARM/SANE/SANE_a-0.5_288x128x128_IHARM/m_1_1_20/image_a-0.5_1414_17_0_230.e9_6.2e9_1.04354e+29_20.dat
        70       0.736066         3.2118        148.721        4.77904        20.5821        13.5149       -2337.88     /gpfs/hpu/EHT2/IHARM/SANE/SANE_a-0.5_288x128x128_IHARM/m_1_1_20/image_a-0.5_1420_17_0_230.e9_6.2e9_1.04354e+29_20.dat
        71       0.625749        3.21027        121.776        6.23862        42.4614        26.3194       -3836.94     /gpfs/hpu/EHT2/IHARM/SANE/SANE_a-0.5_288x128x128_IHARM/m_1_1_20/image_a-0.5_1426_17_0_230.e9_6.2e9_1.04354e+29_20.dat
        72       0.669011        3.24519         338.06        2.84788        35.8704        21.1888       -3207.44     /gpfs/hpu/EHT2/IHARM/SANE/SANE_a-0.5_288x128x128_IHARM/m_1_1_20/image_a-0.5_1432_17_0_230.e9_6.2e9_1.04354e+29_20.dat
        73       0.727465        3.36139        16.3148        4.22225        24.1767        15.2749       -2564.69     /gpfs/hpu/EHT2/IHARM/SANE/SANE_a-0.5_288x128x128_IHARM/m_1_1_20/image_a-0.5_1438_17_0_230.e9_6.2e9_1.04354e+29_20.dat
        74       0.755021        3.34287        33.0883        3.48524        12.8768        8.66904       -1630.16     /gpfs/hpu/EHT2/IHARM/SANE/SANE_a-0.5_288x128x128_IHARM/m_1_1_20/image_a-0.5_1444_17_0_230.e9_6.2e9_1.04354e+29_20.dat
        75       0.704271        2.95332        24.9758        3.55639         28.256        17.2575       -2719.03     /gpfs/hpu/EHT2/IHARM/SANE/SANE_a-0.5_288x128x128_IHARM/m_1_1_20/image_a-0.5_1450_17_0_230.e9_6.2e9_1.04354e+29_20.dat
        76         0.4678        3.02117        34.6367        3.61107        6.69624        5.28414       -1090.59     /gpfs/hpu/EHT2/IHARM/SANE/SANE_a-0.5_288x128x128_IHARM/m_1_1_20/image_a-0.5_1456_17_0_230.e9_6.2e9_1.04354e+29_20.dat
        77       0.566467        3.02068        -58.118        8.46765        76.6397        46.2997       -6324.86     /gpfs/hpu/EHT2/IHARM/SANE/SANE_a-0.5_288x128x128_IHARM/m_1_1_20/image_a-0.5_1462_17_0_230.e9_6.2e9_1.04354e+29_20.dat
        78       0.681464        3.29115        35.1892         4.7551        28.3882        17.8482       -2727.52     /gpfs/hpu/EHT2/IHARM/SANE/SANE_a-0.5_288x128x128_IHARM/m_1_1_20/image_a-0.5_1468_17_0_230.e9_6.2e9_1.04354e+29_20.dat
        79       0.880196        3.27282        88.6244        3.97427        35.4548        21.4436       -3215.19     /gpfs/hpu/EHT2/IHARM/SANE/SANE_a-0.5_288x128x128_IHARM/m_1_1_20/image_a-0.5_1474_17_0_230.e9_6.2e9_1.04354e+29_20.dat
        80       0.806052        3.21334        126.459        5.72219        56.3558        33.8281       -4876.75     /gpfs/hpu/EHT2/IHARM/SANE/SANE_a-0.5_288x128x128_IHARM/m_1_1_20/image_a-0.5_1480_17_0_230.e9_6.2e9_1.04354e+29_20.dat
        81       0.720459        3.27684        227.539        8.98122        82.6048        49.8406       -7067.19     /gpfs/hpu/EHT2/IHARM/SANE/SANE_a-0.5_288x128x128_IHARM/m_1_1_20/image_a-0.5_1486_17_0_230.e9_6.2e9_1.04354e+29_20.dat
        82        0.73109        3.52182        34.7534        6.86298        49.8888        30.7218       -4542.38     /gpfs/hpu/EHT2/IHARM/SANE/SANE_a-0.5_288x128x128_IHARM/m_1_1_20/image_a-0.5_1492_17_0_230.e9_6.2e9_1.04354e+29_20.dat
        83       0.766005        3.40239        48.8484        7.30548        41.8951        26.4646       -3990.62     /gpfs/hpu/EHT2/IHARM/SANE/SANE_a-0.5_288x128x128_IHARM/m_1_1_20/image_a-0.5_1498_17_0_230.e9_6.2e9_1.04354e+29_20.dat
        84        0.68578        3.23643        89.2446        5.48049        37.4564        23.2072       -3449.27     /gpfs/hpu/EHT2/IHARM/SANE/SANE_a-0.5_288x128x128_IHARM/m_1_1_20/image_a-0.5_1504_17_0_230.e9_6.2e9_1.04354e+29_20.dat
        85       0.716037        3.34442        75.1297        4.17485         55.089        32.4556       -4749.68     /gpfs/hpu/EHT2/IHARM/SANE/SANE_a-0.5_288x128x128_IHARM/m_1_1_20/image_a-0.5_1510_17_0_230.e9_6.2e9_1.04354e+29_20.dat
        86       0.848295        3.19477        202.301        6.19143        60.0873         36.107       -5604.79     /gpfs/hpu/EHT2/IHARM/SANE/SANE_a-0.5_288x128x128_IHARM/m_1_1_20/image_a-0.5_1516_17_0_230.e9_6.2e9_1.04354e+29_20.dat
        87       0.414012        3.03415        136.894        10.1793         11.514        10.7988       -1758.93     /gpfs/hpu/EHT2/IHARM/SANE/SANE_a-0.5_288x128x128_IHARM/m_1_1_20/image_a-0.5_1522_17_0_230.e9_6.2e9_1.04354e+29_20.dat
        88       0.541543        2.98168        130.348        6.19867        25.6185        16.9299       -2557.57     /gpfs/hpu/EHT2/IHARM/SANE/SANE_a-0.5_288x128x128_IHARM/m_1_1_20/image_a-0.5_1528_17_0_230.e9_6.2e9_1.04354e+29_20.dat
        89       0.717321        3.16915        53.1527        5.21749         23.598        15.3822          -2455     /gpfs/hpu/EHT2/IHARM/SANE/SANE_a-0.5_288x128x128_IHARM/m_1_1_20/image_a-0.5_1534_17_0_230.e9_6.2e9_1.04354e+29_20.dat
        90       0.773238         3.2273        81.0404        8.61543        34.0004        22.6367       -3689.25     /gpfs/hpu/EHT2/IHARM/SANE/SANE_a-0.5_288x128x128_IHARM/m_1_1_20/image_a-0.5_1540_17_0_230.e9_6.2e9_1.04354e+29_20.dat
        91       0.739249        3.03084        217.093        6.80877        58.1225          35.28       -5209.76     /gpfs/hpu/EHT2/IHARM/SANE/SANE_a-0.5_288x128x128_IHARM/m_1_1_20/image_a-0.5_1546_17_0_230.e9_6.2e9_1.04354e+29_20.dat
        92       0.829512        2.98062        287.791         13.119        41.6579        28.8408       -4244.97     /gpfs/hpu/EHT2/IHARM/SANE/SANE_a-0.5_288x128x128_IHARM/m_1_1_20/image_a-0.5_1552_17_0_230.e9_6.2e9_1.04354e+29_20.dat
        93       0.951159        3.28255        5.09186        5.58284         74.769         44.014       -6154.64     /gpfs/hpu/EHT2/IHARM/SANE/SANE_a-0.5_288x128x128_IHARM/m_1_1_20/image_a-0.5_1558_17_0_230.e9_6.2e9_1.04354e+29_20.dat
        94       0.560191        3.00228        106.694        5.47827        29.7283         18.906       -2831.28     /gpfs/hpu/EHT2/IHARM/SANE/SANE_a-0.5_288x128x128_IHARM/m_1_1_20/image_a-0.5_1564_17_0_230.e9_6.2e9_1.04354e+29_20.dat
        95        0.63622          3.064        118.957        4.10626        13.0068        9.00932       -1658.57     /gpfs/hpu/EHT2/IHARM/SANE/SANE_a-0.5_288x128x128_IHARM/m_1_1_20/image_a-0.5_1570_17_0_230.e9_6.2e9_1.04354e+29_20.dat
        96       0.639203        3.05837        110.353        7.91062        81.0703        48.5248       -6703.92     /gpfs/hpu/EHT2/IHARM/SANE/SANE_a-0.5_288x128x128_IHARM/m_1_1_20/image_a-0.5_1576_17_0_230.e9_6.2e9_1.04354e+29_20.dat
        97       0.603004        3.05704        330.095        3.12835        29.0683        17.5248        -2734.5     /gpfs/hpu/EHT2/IHARM/SANE/SANE_a-0.5_288x128x128_IHARM/m_1_1_20/image_a-0.5_1582_17_0_230.e9_6.2e9_1.04354e+29_20.dat
        98       0.486565        3.18311         335.08        5.18163        22.5208        14.7674       -2278.59     /gpfs/hpu/EHT2/IHARM/SANE/SANE_a-0.5_288x128x128_IHARM/m_1_1_20/image_a-0.5_1588_17_0_230.e9_6.2e9_1.04354e+29_20.dat
        99       0.652315         3.2543        359.989        5.32102        27.2471        17.4574       -2626.74     /gpfs/hpu/EHT2/IHARM/SANE/SANE_a-0.5_288x128x128_IHARM/m_1_1_20/image_a-0.5_1594_17_0_230.e9_6.2e9_1.04354e+29_20.dat
