   # Index         I (Jy)      M/D (uas)       PA (deg)  VA red. chisq  CP red. chisq     red. chisq     log-liklhd     FileName
         0       0.754977        4.37491       -283.047        13.7029        14.4442        13.9496       -2189.13     /gpfs/hpu/EHT2/IHARM/MAD/MAD_a+0.94_384x192x192_IHARM/m_1_1_40/image_a+0.94_0000_163_0_230.e9_6.2e9_9.50325e+24_40.dat
         1       0.545354         4.5542        -288.77        8.01977        47.5801        29.9362       -4113.01     /gpfs/hpu/EHT2/IHARM/MAD/MAD_a+0.94_384x192x192_IHARM/m_1_1_40/image_a+0.94_0001_163_0_230.e9_6.2e9_9.50325e+24_40.dat
         2       0.903554        4.41998       -172.833        6.87992        12.6502        10.0076       -1726.06     /gpfs/hpu/EHT2/IHARM/MAD/MAD_a+0.94_384x192x192_IHARM/m_1_1_40/image_a+0.94_0002_163_0_230.e9_6.2e9_9.50325e+24_40.dat
         3       0.575286        4.22513       -169.989        6.13017        11.5626        9.07892       -1553.27     /gpfs/hpu/EHT2/IHARM/MAD/MAD_a+0.94_384x192x192_IHARM/m_1_1_40/image_a+0.94_0003_163_0_230.e9_6.2e9_9.50325e+24_40.dat
         4       0.669622        4.10568       -183.619        9.71266        12.5291        11.1624       -1889.95     /gpfs/hpu/EHT2/IHARM/MAD/MAD_a+0.94_384x192x192_IHARM/m_1_1_40/image_a+0.94_0004_163_0_230.e9_6.2e9_9.50325e+24_40.dat
         5       0.706336        3.56504       -186.968        8.57816        13.5596        11.2463       -1954.33     /gpfs/hpu/EHT2/IHARM/MAD/MAD_a+0.94_384x192x192_IHARM/m_1_1_40/image_a+0.94_0005_163_0_230.e9_6.2e9_9.50325e+24_40.dat
         6       0.638798        4.18739       -174.703        4.65248        9.95257        7.54544       -1457.66     /gpfs/hpu/EHT2/IHARM/MAD/MAD_a+0.94_384x192x192_IHARM/m_1_1_40/image_a+0.94_0006_163_0_230.e9_6.2e9_9.50325e+24_40.dat
         7       0.825583        4.06065       -167.653        11.6686        10.6494        10.9603       -1959.65     /gpfs/hpu/EHT2/IHARM/MAD/MAD_a+0.94_384x192x192_IHARM/m_1_1_40/image_a+0.94_0007_163_0_230.e9_6.2e9_9.50325e+24_40.dat
         8       0.549726        3.96139       -173.265        9.91042        7.22403        8.29569       -1503.78     /gpfs/hpu/EHT2/IHARM/MAD/MAD_a+0.94_384x192x192_IHARM/m_1_1_40/image_a+0.94_0008_163_0_230.e9_6.2e9_9.50325e+24_40.dat
         9       0.562691        3.90129       -192.935        14.5363        15.5354        14.9164       -2333.02     /gpfs/hpu/EHT2/IHARM/MAD/MAD_a+0.94_384x192x192_IHARM/m_1_1_40/image_a+0.94_0009_163_0_230.e9_6.2e9_9.50325e+24_40.dat
        10       0.712664        4.10235       -181.836        8.88149        15.6291        12.5288       -2125.21     /gpfs/hpu/EHT2/IHARM/MAD/MAD_a+0.94_384x192x192_IHARM/m_1_1_40/image_a+0.94_0010_163_0_230.e9_6.2e9_9.50325e+24_40.dat
        11       0.451737        4.08917       -255.533         7.6463        9.38602        8.52187       -1431.91     /gpfs/hpu/EHT2/IHARM/MAD/MAD_a+0.94_384x192x192_IHARM/m_1_1_40/image_a+0.94_0011_163_0_230.e9_6.2e9_9.50325e+24_40.dat
        12       0.440791        4.11108       -246.579        3.45465        3.59886        3.49311       -812.771     /gpfs/hpu/EHT2/IHARM/MAD/MAD_a+0.94_384x192x192_IHARM/m_1_1_40/image_a+0.94_0012_163_0_230.e9_6.2e9_9.50325e+24_40.dat
        13        1.08953        3.79444        -199.11        8.20228        5.67779         6.6983       -1476.89     /gpfs/hpu/EHT2/IHARM/MAD/MAD_a+0.94_384x192x192_IHARM/m_1_1_40/image_a+0.94_0013_163_0_230.e9_6.2e9_9.50325e+24_40.dat
        14       0.500128        4.03219       -201.377        4.85358        7.44865         6.2389       -1190.01     /gpfs/hpu/EHT2/IHARM/MAD/MAD_a+0.94_384x192x192_IHARM/m_1_1_40/image_a+0.94_0014_163_0_230.e9_6.2e9_9.50325e+24_40.dat
        15       0.529926        3.80085       -216.009        9.29987        13.2459        11.3832       -1866.62     /gpfs/hpu/EHT2/IHARM/MAD/MAD_a+0.94_384x192x192_IHARM/m_1_1_40/image_a+0.94_0015_163_0_230.e9_6.2e9_9.50325e+24_40.dat
        16       0.576533        4.26568       -179.141        8.12069        6.25205        6.98265       -1309.14     /gpfs/hpu/EHT2/IHARM/MAD/MAD_a+0.94_384x192x192_IHARM/m_1_1_40/image_a+0.94_0016_163_0_230.e9_6.2e9_9.50325e+24_40.dat
        17       0.547606        3.85043       -211.562        8.99829        5.28448        6.82288       -1267.61     /gpfs/hpu/EHT2/IHARM/MAD/MAD_a+0.94_384x192x192_IHARM/m_1_1_40/image_a+0.94_0017_163_0_230.e9_6.2e9_9.50325e+24_40.dat
        18       0.844031        3.68214       -206.956        4.87241        11.7459        8.63824        -1669.8     /gpfs/hpu/EHT2/IHARM/MAD/MAD_a+0.94_384x192x192_IHARM/m_1_1_40/image_a+0.94_0018_163_0_230.e9_6.2e9_9.50325e+24_40.dat
        19       0.476378        4.10352       -220.298        5.24962        4.80652        4.93955       -1017.24     /gpfs/hpu/EHT2/IHARM/MAD/MAD_a+0.94_384x192x192_IHARM/m_1_1_40/image_a+0.94_0019_163_0_230.e9_6.2e9_9.50325e+24_40.dat
        20       0.506584        4.14032       -205.117        4.65897        5.10363        4.85004       -1011.95     /gpfs/hpu/EHT2/IHARM/MAD/MAD_a+0.94_384x192x192_IHARM/m_1_1_40/image_a+0.94_0020_163_0_230.e9_6.2e9_9.50325e+24_40.dat
        21       0.579408        4.28349       -202.254        5.48163        6.91558        6.21324       -1199.62     /gpfs/hpu/EHT2/IHARM/MAD/MAD_a+0.94_384x192x192_IHARM/m_1_1_40/image_a+0.94_0021_163_0_230.e9_6.2e9_9.50325e+24_40.dat
        22       0.483568        3.90893       -220.005        3.76789        6.28687          5.124        -1054.4     /gpfs/hpu/EHT2/IHARM/MAD/MAD_a+0.94_384x192x192_IHARM/m_1_1_40/image_a+0.94_0022_163_0_230.e9_6.2e9_9.50325e+24_40.dat
        23       0.502872        3.77217       -223.505        4.93472        9.94221        7.66145       -1404.84     /gpfs/hpu/EHT2/IHARM/MAD/MAD_a+0.94_384x192x192_IHARM/m_1_1_40/image_a+0.94_0023_163_0_230.e9_6.2e9_9.50325e+24_40.dat
        24       0.849554         4.2035       -211.038        4.78616        10.8101        8.08031       -1554.82     /gpfs/hpu/EHT2/IHARM/MAD/MAD_a+0.94_384x192x192_IHARM/m_1_1_40/image_a+0.94_0024_163_0_230.e9_6.2e9_9.50325e+24_40.dat
        25       0.727997        3.59301        105.682        2.50725        14.9007        9.37329       -1674.63     /gpfs/hpu/EHT2/IHARM/MAD/MAD_a+0.94_384x192x192_IHARM/m_1_1_40/image_a+0.94_0025_163_0_230.e9_6.2e9_9.50325e+24_40.dat
        26       0.654696        3.74158        135.335        10.0038        13.5997        11.8837       -1956.53     /gpfs/hpu/EHT2/IHARM/MAD/MAD_a+0.94_384x192x192_IHARM/m_1_1_40/image_a+0.94_0026_163_0_230.e9_6.2e9_9.50325e+24_40.dat
        27       0.624792        3.69339        100.507        4.68964        6.13943        5.43965       -1125.43     /gpfs/hpu/EHT2/IHARM/MAD/MAD_a+0.94_384x192x192_IHARM/m_1_1_40/image_a+0.94_0027_163_0_230.e9_6.2e9_9.50325e+24_40.dat
        28       0.833915        4.09942        157.231        8.21938        10.3841        9.32449       -1665.46     /gpfs/hpu/EHT2/IHARM/MAD/MAD_a+0.94_384x192x192_IHARM/m_1_1_40/image_a+0.94_0028_163_0_230.e9_6.2e9_9.50325e+24_40.dat
        29       0.489099        3.92566        74.3384        2.07237        9.23273        6.03169       -1139.19     /gpfs/hpu/EHT2/IHARM/MAD/MAD_a+0.94_384x192x192_IHARM/m_1_1_40/image_a+0.94_0029_163_0_230.e9_6.2e9_9.50325e+24_40.dat
        30       0.718724        3.68355        173.566        4.91695         6.3812        5.67226       -1231.06     /gpfs/hpu/EHT2/IHARM/MAD/MAD_a+0.94_384x192x192_IHARM/m_1_1_40/image_a+0.94_0030_163_0_230.e9_6.2e9_9.50325e+24_40.dat
        31       0.623017        4.07083        160.729        7.28576        8.39178        7.81307       -1439.28     /gpfs/hpu/EHT2/IHARM/MAD/MAD_a+0.94_384x192x192_IHARM/m_1_1_40/image_a+0.94_0031_163_0_230.e9_6.2e9_9.50325e+24_40.dat
        32       0.877983        3.89427        184.409        18.6317        9.77915        13.4803       -2263.08     /gpfs/hpu/EHT2/IHARM/MAD/MAD_a+0.94_384x192x192_IHARM/m_1_1_40/image_a+0.94_0032_163_0_230.e9_6.2e9_9.50325e+24_40.dat
        33       0.974096        3.87703         157.33        21.0726        13.8579        16.8031       -2713.72     /gpfs/hpu/EHT2/IHARM/MAD/MAD_a+0.94_384x192x192_IHARM/m_1_1_40/image_a+0.94_0033_163_0_230.e9_6.2e9_9.50325e+24_40.dat
        34       0.640664        4.04025        148.699        3.64583        7.26155         5.6137       -1161.16     /gpfs/hpu/EHT2/IHARM/MAD/MAD_a+0.94_384x192x192_IHARM/m_1_1_40/image_a+0.94_0034_163_0_230.e9_6.2e9_9.50325e+24_40.dat
        35       0.517211        4.08971        186.133        8.70067        7.29691        7.81429        -1412.7     /gpfs/hpu/EHT2/IHARM/MAD/MAD_a+0.94_384x192x192_IHARM/m_1_1_40/image_a+0.94_0035_163_0_230.e9_6.2e9_9.50325e+24_40.dat
        36       0.470685        4.18201        171.834        8.20749        6.92026        7.39192       -1329.89     /gpfs/hpu/EHT2/IHARM/MAD/MAD_a+0.94_384x192x192_IHARM/m_1_1_40/image_a+0.94_0036_163_0_230.e9_6.2e9_9.50325e+24_40.dat
        37       0.605079        4.05602        177.166        9.06806        7.68307        8.18769       -1460.56     /gpfs/hpu/EHT2/IHARM/MAD/MAD_a+0.94_384x192x192_IHARM/m_1_1_40/image_a+0.94_0037_163_0_230.e9_6.2e9_9.50325e+24_40.dat
        38         0.5221        4.33495        182.816        16.8715        6.99492        11.1716        -1804.1     /gpfs/hpu/EHT2/IHARM/MAD/MAD_a+0.94_384x192x192_IHARM/m_1_1_40/image_a+0.94_0038_163_0_230.e9_6.2e9_9.50325e+24_40.dat
        39       0.609111        4.15863        116.035        7.08975        5.68716        6.22351       -1218.35     /gpfs/hpu/EHT2/IHARM/MAD/MAD_a+0.94_384x192x192_IHARM/m_1_1_40/image_a+0.94_0039_163_0_230.e9_6.2e9_9.50325e+24_40.dat
        40       0.559647        4.29198        156.341        2.00611        7.35723        4.95948       -1026.89     /gpfs/hpu/EHT2/IHARM/MAD/MAD_a+0.94_384x192x192_IHARM/m_1_1_40/image_a+0.94_0040_163_0_230.e9_6.2e9_9.50325e+24_40.dat
        41       0.954307        4.33411        159.915        13.3137        15.7503        14.5085       -2332.53     /gpfs/hpu/EHT2/IHARM/MAD/MAD_a+0.94_384x192x192_IHARM/m_1_1_40/image_a+0.94_0041_163_0_230.e9_6.2e9_9.50325e+24_40.dat
        42       0.480386        3.70068        79.8779        4.96955        10.9954        8.26252       -1481.07     /gpfs/hpu/EHT2/IHARM/MAD/MAD_a+0.94_384x192x192_IHARM/m_1_1_40/image_a+0.94_0042_163_0_230.e9_6.2e9_9.50325e+24_40.dat
        43       0.474808        3.98835        167.204        4.73877        4.17393        4.36714        -997.55     /gpfs/hpu/EHT2/IHARM/MAD/MAD_a+0.94_384x192x192_IHARM/m_1_1_40/image_a+0.94_0043_163_0_230.e9_6.2e9_9.50325e+24_40.dat
        44          0.418        4.09726        143.322        5.81342        7.92893        6.92028       -1243.77     /gpfs/hpu/EHT2/IHARM/MAD/MAD_a+0.94_384x192x192_IHARM/m_1_1_40/image_a+0.94_0044_163_0_230.e9_6.2e9_9.50325e+24_40.dat
        45       0.553861        3.90724        117.999        7.10296        11.9661        9.72313       -1657.98     /gpfs/hpu/EHT2/IHARM/MAD/MAD_a+0.94_384x192x192_IHARM/m_1_1_40/image_a+0.94_0045_163_0_230.e9_6.2e9_9.50325e+24_40.dat
        46       0.725164        3.80697        217.964        2.38663        39.0021        22.7325        -3577.8     /gpfs/hpu/EHT2/IHARM/MAD/MAD_a+0.94_384x192x192_IHARM/m_1_1_40/image_a+0.94_0046_163_0_230.e9_6.2e9_9.50325e+24_40.dat
        47       0.642089        4.39217        206.845        16.7865        10.2246        12.9321       -2083.61     /gpfs/hpu/EHT2/IHARM/MAD/MAD_a+0.94_384x192x192_IHARM/m_1_1_40/image_a+0.94_0047_163_0_230.e9_6.2e9_9.50325e+24_40.dat
        48       0.936263        4.40876        178.221        29.0444         13.256        19.9076       -3060.75     /gpfs/hpu/EHT2/IHARM/MAD/MAD_a+0.94_384x192x192_IHARM/m_1_1_40/image_a+0.94_0048_163_0_230.e9_6.2e9_9.50325e+24_40.dat
        49        1.14195         4.3258        178.682        13.6795        7.85513        10.2731       -1919.55     /gpfs/hpu/EHT2/IHARM/MAD/MAD_a+0.94_384x192x192_IHARM/m_1_1_40/image_a+0.94_0049_163_0_230.e9_6.2e9_9.50325e+24_40.dat
        50       0.863986        4.16151        162.013        15.7226        7.03965        10.7008       -1936.58     /gpfs/hpu/EHT2/IHARM/MAD/MAD_a+0.94_384x192x192_IHARM/m_1_1_40/image_a+0.94_0050_163_0_230.e9_6.2e9_9.50325e+24_40.dat
        51       0.968299        4.87945        162.171        15.6812        21.1512        18.5353       -3022.84     /gpfs/hpu/EHT2/IHARM/MAD/MAD_a+0.94_384x192x192_IHARM/m_1_1_40/image_a+0.94_0051_163_0_230.e9_6.2e9_9.50325e+24_40.dat
        52       0.848987        5.22301        155.243        26.6646        9.64977        16.8741       -2696.66     /gpfs/hpu/EHT2/IHARM/MAD/MAD_a+0.94_384x192x192_IHARM/m_1_1_40/image_a+0.94_0052_163_0_230.e9_6.2e9_9.50325e+24_40.dat
        53       0.600094        4.99772        138.741        15.1616        6.30977        10.0526       -1722.55     /gpfs/hpu/EHT2/IHARM/MAD/MAD_a+0.94_384x192x192_IHARM/m_1_1_40/image_a+0.94_0053_163_0_230.e9_6.2e9_9.50325e+24_40.dat
        54       0.602674        4.66481        131.621        6.34946         4.6441         5.3237        -1083.7     /gpfs/hpu/EHT2/IHARM/MAD/MAD_a+0.94_384x192x192_IHARM/m_1_1_40/image_a+0.94_0054_163_0_230.e9_6.2e9_9.50325e+24_40.dat
        55       0.614717        4.20371          50.54        3.77381        11.9654        8.28639       -1442.43     /gpfs/hpu/EHT2/IHARM/MAD/MAD_a+0.94_384x192x192_IHARM/m_1_1_40/image_a+0.94_0055_163_0_230.e9_6.2e9_9.50325e+24_40.dat
        56       0.517282        4.55997        61.7657        1.64049         12.025        7.39913        -1334.3     /gpfs/hpu/EHT2/IHARM/MAD/MAD_a+0.94_384x192x192_IHARM/m_1_1_40/image_a+0.94_0056_163_0_230.e9_6.2e9_9.50325e+24_40.dat
        57       0.885441        4.17372        198.693        17.8335        10.4047         13.484       -2335.09     /gpfs/hpu/EHT2/IHARM/MAD/MAD_a+0.94_384x192x192_IHARM/m_1_1_40/image_a+0.94_0057_163_0_230.e9_6.2e9_9.50325e+24_40.dat
        58        0.66617         4.4815        180.908        13.1264        7.00392        9.56075        -1713.4     /gpfs/hpu/EHT2/IHARM/MAD/MAD_a+0.94_384x192x192_IHARM/m_1_1_40/image_a+0.94_0058_163_0_230.e9_6.2e9_9.50325e+24_40.dat
        59       0.612275        4.29279        189.858        13.3465        9.05317         10.796       -1870.28     /gpfs/hpu/EHT2/IHARM/MAD/MAD_a+0.94_384x192x192_IHARM/m_1_1_40/image_a+0.94_0059_163_0_230.e9_6.2e9_9.50325e+24_40.dat
        60       0.398092        4.22074        180.115        8.26515        6.43184        7.14502       -1317.62     /gpfs/hpu/EHT2/IHARM/MAD/MAD_a+0.94_384x192x192_IHARM/m_1_1_40/image_a+0.94_0060_163_0_230.e9_6.2e9_9.50325e+24_40.dat
        61       0.466847        4.32084        173.041        14.9743        5.85691        9.71978       -1661.65     /gpfs/hpu/EHT2/IHARM/MAD/MAD_a+0.94_384x192x192_IHARM/m_1_1_40/image_a+0.94_0061_163_0_230.e9_6.2e9_9.50325e+24_40.dat
        62       0.530477        4.16755        169.729        7.47777        5.58854        6.33605       -1257.68     /gpfs/hpu/EHT2/IHARM/MAD/MAD_a+0.94_384x192x192_IHARM/m_1_1_40/image_a+0.94_0062_163_0_230.e9_6.2e9_9.50325e+24_40.dat
        63       0.442059        4.00086        145.035        1.81567         2.9515        2.42574       -692.925     /gpfs/hpu/EHT2/IHARM/MAD/MAD_a+0.94_384x192x192_IHARM/m_1_1_40/image_a+0.94_0063_163_0_230.e9_6.2e9_9.50325e+24_40.dat
        64       0.682945         4.4622        169.505        9.82584        6.14177        7.65697       -1448.26     /gpfs/hpu/EHT2/IHARM/MAD/MAD_a+0.94_384x192x192_IHARM/m_1_1_40/image_a+0.94_0064_163_0_230.e9_6.2e9_9.50325e+24_40.dat
        65       0.507128         4.0587        136.499        2.80732        6.37453        4.75834       -996.379     /gpfs/hpu/EHT2/IHARM/MAD/MAD_a+0.94_384x192x192_IHARM/m_1_1_40/image_a+0.94_0065_163_0_230.e9_6.2e9_9.50325e+24_40.dat
        66       0.696503         3.7205          151.2        9.87171        9.66558         9.6376       -1613.43     /gpfs/hpu/EHT2/IHARM/MAD/MAD_a+0.94_384x192x192_IHARM/m_1_1_40/image_a+0.94_0066_163_0_230.e9_6.2e9_9.50325e+24_40.dat
        67       0.635249        4.01756         105.01        8.65977        14.7742        11.9574       -1968.28     /gpfs/hpu/EHT2/IHARM/MAD/MAD_a+0.94_384x192x192_IHARM/m_1_1_40/image_a+0.94_0067_163_0_230.e9_6.2e9_9.50325e+24_40.dat
        68       0.689167        3.57983        225.051        5.78752        7.10609        6.45123        -1376.4     /gpfs/hpu/EHT2/IHARM/MAD/MAD_a+0.94_384x192x192_IHARM/m_1_1_40/image_a+0.94_0068_163_0_230.e9_6.2e9_9.50325e+24_40.dat
        69       0.549313        3.67694        158.911        5.91563        9.12523        7.63006       -1385.86     /gpfs/hpu/EHT2/IHARM/MAD/MAD_a+0.94_384x192x192_IHARM/m_1_1_40/image_a+0.94_0069_163_0_230.e9_6.2e9_9.50325e+24_40.dat
        70       0.477934        3.93707        115.969        8.78621        11.4894        10.1841       -1681.46     /gpfs/hpu/EHT2/IHARM/MAD/MAD_a+0.94_384x192x192_IHARM/m_1_1_40/image_a+0.94_0070_163_0_230.e9_6.2e9_9.50325e+24_40.dat
        71       0.611133        4.36301        121.683        9.56791        17.5858        13.9137       -2199.51     /gpfs/hpu/EHT2/IHARM/MAD/MAD_a+0.94_384x192x192_IHARM/m_1_1_40/image_a+0.94_0071_163_0_230.e9_6.2e9_9.50325e+24_40.dat
        72       0.813056         4.2447        40.8973        8.72519        21.1278        15.5211       -2487.82     /gpfs/hpu/EHT2/IHARM/MAD/MAD_a+0.94_384x192x192_IHARM/m_1_1_40/image_a+0.94_0072_163_0_230.e9_6.2e9_9.50325e+24_40.dat
        73       0.619612        3.86226        167.946         3.2201        10.2393        7.08697       -1380.72     /gpfs/hpu/EHT2/IHARM/MAD/MAD_a+0.94_384x192x192_IHARM/m_1_1_40/image_a+0.94_0073_163_0_230.e9_6.2e9_9.50325e+24_40.dat
        74        0.53151        4.18409         167.72        7.75098        5.51167        6.41115       -1247.28     /gpfs/hpu/EHT2/IHARM/MAD/MAD_a+0.94_384x192x192_IHARM/m_1_1_40/image_a+0.94_0074_163_0_230.e9_6.2e9_9.50325e+24_40.dat
        75         0.5985        3.97504        141.385        10.3026        10.2549        10.1514        -1750.3     /gpfs/hpu/EHT2/IHARM/MAD/MAD_a+0.94_384x192x192_IHARM/m_1_1_40/image_a+0.94_0075_163_0_230.e9_6.2e9_9.50325e+24_40.dat
        76       0.512421        3.62503        168.784        8.78854        13.2448        11.1619       -1830.12     /gpfs/hpu/EHT2/IHARM/MAD/MAD_a+0.94_384x192x192_IHARM/m_1_1_40/image_a+0.94_0076_163_0_230.e9_6.2e9_9.50325e+24_40.dat
        77       0.557238        4.18919        142.315        3.74522        7.05036        5.53906       -1094.98     /gpfs/hpu/EHT2/IHARM/MAD/MAD_a+0.94_384x192x192_IHARM/m_1_1_40/image_a+0.94_0077_163_0_230.e9_6.2e9_9.50325e+24_40.dat
        78       0.588415        4.31079        113.244        4.55405        12.2009        8.75408       -1467.16     /gpfs/hpu/EHT2/IHARM/MAD/MAD_a+0.94_384x192x192_IHARM/m_1_1_40/image_a+0.94_0078_163_0_230.e9_6.2e9_9.50325e+24_40.dat
        79       0.706596         3.7807        103.513        10.0859        17.7347        14.2201       -2356.47     /gpfs/hpu/EHT2/IHARM/MAD/MAD_a+0.94_384x192x192_IHARM/m_1_1_40/image_a+0.94_0079_163_0_230.e9_6.2e9_9.50325e+24_40.dat
        80       0.865776        3.54629        164.608        9.62452         17.742        14.0251       -2358.44     /gpfs/hpu/EHT2/IHARM/MAD/MAD_a+0.94_384x192x192_IHARM/m_1_1_40/image_a+0.94_0080_163_0_230.e9_6.2e9_9.50325e+24_40.dat
        81       0.868922        3.97218        187.984         13.887        13.0746        13.2669       -2233.38     /gpfs/hpu/EHT2/IHARM/MAD/MAD_a+0.94_384x192x192_IHARM/m_1_1_40/image_a+0.94_0081_163_0_230.e9_6.2e9_9.50325e+24_40.dat
        82       0.635398        4.40334        197.114        10.5092        9.02264         9.5549        -1695.1     /gpfs/hpu/EHT2/IHARM/MAD/MAD_a+0.94_384x192x192_IHARM/m_1_1_40/image_a+0.94_0082_163_0_230.e9_6.2e9_9.50325e+24_40.dat
        83       0.476157        4.05544        159.309        11.1461        7.91238        9.21184        -1591.2     /gpfs/hpu/EHT2/IHARM/MAD/MAD_a+0.94_384x192x192_IHARM/m_1_1_40/image_a+0.94_0083_163_0_230.e9_6.2e9_9.50325e+24_40.dat
        84       0.496384        4.15374        167.615        7.80151        5.87169        6.63329        -1230.2     /gpfs/hpu/EHT2/IHARM/MAD/MAD_a+0.94_384x192x192_IHARM/m_1_1_40/image_a+0.94_0084_163_0_230.e9_6.2e9_9.50325e+24_40.dat
        85         0.5366        3.60285        125.899         4.5185        5.51766        5.01982       -1050.09     /gpfs/hpu/EHT2/IHARM/MAD/MAD_a+0.94_384x192x192_IHARM/m_1_1_40/image_a+0.94_0085_163_0_230.e9_6.2e9_9.50325e+24_40.dat
        86       0.525147        3.94218        131.506        4.70383        3.91022        4.20532       -922.361     /gpfs/hpu/EHT2/IHARM/MAD/MAD_a+0.94_384x192x192_IHARM/m_1_1_40/image_a+0.94_0086_163_0_230.e9_6.2e9_9.50325e+24_40.dat
        87       0.467369         3.9954        132.527        6.01206        7.69234        6.87433       -1282.86     /gpfs/hpu/EHT2/IHARM/MAD/MAD_a+0.94_384x192x192_IHARM/m_1_1_40/image_a+0.94_0087_163_0_230.e9_6.2e9_9.50325e+24_40.dat
        88       0.562464        3.84861        155.871        4.81672        12.1675        8.84882       -1643.78     /gpfs/hpu/EHT2/IHARM/MAD/MAD_a+0.94_384x192x192_IHARM/m_1_1_40/image_a+0.94_0088_163_0_230.e9_6.2e9_9.50325e+24_40.dat
        89       0.629229         4.1793         132.93        3.01782        9.04848        6.33709       -1248.94     /gpfs/hpu/EHT2/IHARM/MAD/MAD_a+0.94_384x192x192_IHARM/m_1_1_40/image_a+0.94_0089_163_0_230.e9_6.2e9_9.50325e+24_40.dat
        90       0.586387        3.81515        166.094        7.98483        11.8852        10.0586          -1708     /gpfs/hpu/EHT2/IHARM/MAD/MAD_a+0.94_384x192x192_IHARM/m_1_1_40/image_a+0.94_0090_163_0_230.e9_6.2e9_9.50325e+24_40.dat
        91       0.937444        4.19418        164.039        11.2818         14.525          12.95        -2213.8     /gpfs/hpu/EHT2/IHARM/MAD/MAD_a+0.94_384x192x192_IHARM/m_1_1_40/image_a+0.94_0091_163_0_230.e9_6.2e9_9.50325e+24_40.dat
        92       0.659425        4.09586        203.298        8.24207        7.34206        7.64156       -1421.49     /gpfs/hpu/EHT2/IHARM/MAD/MAD_a+0.94_384x192x192_IHARM/m_1_1_40/image_a+0.94_0092_163_0_230.e9_6.2e9_9.50325e+24_40.dat
        93       0.574132         4.1146        90.8758        13.1175        41.1065        28.5334       -4037.58     /gpfs/hpu/EHT2/IHARM/MAD/MAD_a+0.94_384x192x192_IHARM/m_1_1_40/image_a+0.94_0093_163_0_230.e9_6.2e9_9.50325e+24_40.dat
        94       0.565592        3.93449        143.251        11.0917         11.665        11.2766       -1792.02     /gpfs/hpu/EHT2/IHARM/MAD/MAD_a+0.94_384x192x192_IHARM/m_1_1_40/image_a+0.94_0094_163_0_230.e9_6.2e9_9.50325e+24_40.dat
        95       0.404319        3.96599         131.72        4.28549        7.75527        6.16441       -1148.78     /gpfs/hpu/EHT2/IHARM/MAD/MAD_a+0.94_384x192x192_IHARM/m_1_1_40/image_a+0.94_0095_163_0_230.e9_6.2e9_9.50325e+24_40.dat
        96       0.463207        4.06597        106.146        3.44835        5.81004         4.7208       -979.005     /gpfs/hpu/EHT2/IHARM/MAD/MAD_a+0.94_384x192x192_IHARM/m_1_1_40/image_a+0.94_0096_163_0_230.e9_6.2e9_9.50325e+24_40.dat
        97       0.469277        3.89372        181.019        5.55311        5.64412        5.53658       -1129.66     /gpfs/hpu/EHT2/IHARM/MAD/MAD_a+0.94_384x192x192_IHARM/m_1_1_40/image_a+0.94_0097_163_0_230.e9_6.2e9_9.50325e+24_40.dat
        98        0.64569        3.77901        191.769        5.53836        6.56532        6.04282       -1277.63     /gpfs/hpu/EHT2/IHARM/MAD/MAD_a+0.94_384x192x192_IHARM/m_1_1_40/image_a+0.94_0098_163_0_230.e9_6.2e9_9.50325e+24_40.dat
        99        0.54684        4.07766        185.025        8.13002        5.91423        6.79869       -1326.32     /gpfs/hpu/EHT2/IHARM/MAD/MAD_a+0.94_384x192x192_IHARM/m_1_1_40/image_a+0.94_0099_163_0_230.e9_6.2e9_9.50325e+24_40.dat
