   # Index         I (Jy)      M/D (uas)       PA (deg)  VA red. chisq  CP red. chisq     red. chisq     log-liklhd     FileName
         0       0.381935        3.15603        322.076        6.18956        6.51157        6.29387       -1168.41     /gpfs/hpu/EHT2020/sc_64/Sa-0.5/m_1_1_160/image_Sa-0.5_1000_17_0_230.e9_6.2e9_1.66203e+29_160_64.dat
         1       0.422112        3.20366        298.078        6.61522        13.7732        10.5183       -1712.53     /gpfs/hpu/EHT2020/sc_64/Sa-0.5/m_1_1_160/image_Sa-0.5_1006_17_0_230.e9_6.2e9_1.66203e+29_160_64.dat
         2        0.42743        3.20865        302.277        6.00863        11.4906         8.9864       -1518.14     /gpfs/hpu/EHT2020/sc_64/Sa-0.5/m_1_1_160/image_Sa-0.5_1012_17_0_230.e9_6.2e9_1.66203e+29_160_64.dat
         3       0.464931        3.38745         308.92        5.26613        10.6468        8.19649       -1418.24     /gpfs/hpu/EHT2020/sc_64/Sa-0.5/m_1_1_160/image_Sa-0.5_1018_17_0_230.e9_6.2e9_1.66203e+29_160_64.dat
         4       0.518177        3.49483        350.031        2.77575        6.55511         4.8452       -1022.35     /gpfs/hpu/EHT2020/sc_64/Sa-0.5/m_1_1_160/image_Sa-0.5_1024_17_0_230.e9_6.2e9_1.66203e+29_160_64.dat
         5       0.649188        3.64199        359.922        4.18782        13.8547        9.51628       -1665.21     /gpfs/hpu/EHT2020/sc_64/Sa-0.5/m_1_1_160/image_Sa-0.5_1030_17_0_230.e9_6.2e9_1.66203e+29_160_64.dat
         6       0.471751        3.15949        312.666        2.39444        8.83639        5.95011       -1195.89     /gpfs/hpu/EHT2020/sc_64/Sa-0.5/m_1_1_160/image_Sa-0.5_1036_17_0_230.e9_6.2e9_1.66203e+29_160_64.dat
         7       0.676966        3.46974        352.744        4.24867        15.1587        10.2682       -1779.01     /gpfs/hpu/EHT2020/sc_64/Sa-0.5/m_1_1_160/image_Sa-0.5_1042_17_0_230.e9_6.2e9_1.66203e+29_160_64.dat
         8       0.533656        3.07473          307.2        6.01174        22.0987        14.8907       -2345.15     /gpfs/hpu/EHT2020/sc_64/Sa-0.5/m_1_1_160/image_Sa-0.5_1048_17_0_230.e9_6.2e9_1.66203e+29_160_64.dat
         9       0.829952        3.13286        321.392        5.66813        26.9915         17.465       -2736.43     /gpfs/hpu/EHT2020/sc_64/Sa-0.5/m_1_1_160/image_Sa-0.5_1054_17_0_230.e9_6.2e9_1.66203e+29_160_64.dat
        10       0.459566        3.25563        322.955        2.89106        12.2445        8.06081       -1455.35     /gpfs/hpu/EHT2020/sc_64/Sa-0.5/m_1_1_160/image_Sa-0.5_1060_17_0_230.e9_6.2e9_1.66203e+29_160_64.dat
        11       0.550881        3.43203        335.917        2.22757         8.9601        5.94695       -1200.68     /gpfs/hpu/EHT2020/sc_64/Sa-0.5/m_1_1_160/image_Sa-0.5_1066_17_0_230.e9_6.2e9_1.66203e+29_160_64.dat
        12        0.49973        3.21672        320.765        1.56046        5.88962        3.95055       -932.233     /gpfs/hpu/EHT2020/sc_64/Sa-0.5/m_1_1_160/image_Sa-0.5_1072_17_0_230.e9_6.2e9_1.66203e+29_160_64.dat
        13       0.536623        3.26571        340.734        2.90563        6.37056        4.79855       -1063.06     /gpfs/hpu/EHT2020/sc_64/Sa-0.5/m_1_1_160/image_Sa-0.5_1078_17_0_230.e9_6.2e9_1.66203e+29_160_64.dat
        14       0.450728        3.27825        359.988        3.08644        11.1569        7.53991       -1393.24     /gpfs/hpu/EHT2020/sc_64/Sa-0.5/m_1_1_160/image_Sa-0.5_1084_17_0_230.e9_6.2e9_1.66203e+29_160_64.dat
        15        1.09641        5.54891        353.105        77.0967        83.6784        79.8265       -12791.6     /gpfs/hpu/EHT2020/sc_64/Sa-0.5/m_1_1_160/image_Sa-0.5_1090_17_0_230.e9_6.2e9_1.66203e+29_160_64.dat
        16       0.639676        3.44189        339.225         3.7908        17.7839        11.5314       -1980.55     /gpfs/hpu/EHT2020/sc_64/Sa-0.5/m_1_1_160/image_Sa-0.5_1096_17_0_230.e9_6.2e9_1.66203e+29_160_64.dat
        17       0.709321         3.3764        327.605        5.07399        19.5004        13.0402       -2180.02     /gpfs/hpu/EHT2020/sc_64/Sa-0.5/m_1_1_160/image_Sa-0.5_1102_17_0_230.e9_6.2e9_1.66203e+29_160_64.dat
        18       0.485655        3.20475        303.181        3.26299        15.5221        10.0451       -1699.76     /gpfs/hpu/EHT2020/sc_64/Sa-0.5/m_1_1_160/image_Sa-0.5_1108_17_0_230.e9_6.2e9_1.66203e+29_160_64.dat
        19       0.513786         3.2852        311.911        2.06086        8.35636        5.53907        -1142.8     /gpfs/hpu/EHT2020/sc_64/Sa-0.5/m_1_1_160/image_Sa-0.5_1114_17_0_230.e9_6.2e9_1.66203e+29_160_64.dat
        20       0.506031        3.20071         302.77        5.09075        18.3138        12.3872       -2021.69     /gpfs/hpu/EHT2020/sc_64/Sa-0.5/m_1_1_160/image_Sa-0.5_1120_17_0_230.e9_6.2e9_1.66203e+29_160_64.dat
        21       0.479253        3.37258        327.655         4.0355        6.64712        5.43992       -1078.16     /gpfs/hpu/EHT2020/sc_64/Sa-0.5/m_1_1_160/image_Sa-0.5_1126_17_0_230.e9_6.2e9_1.66203e+29_160_64.dat
        22       0.514555        3.47227        359.995        3.46191        6.53444        5.12975       -1044.26     /gpfs/hpu/EHT2020/sc_64/Sa-0.5/m_1_1_160/image_Sa-0.5_1132_17_0_230.e9_6.2e9_1.66203e+29_160_64.dat
        23       0.474704        3.41496        359.671        2.39393        9.97297        6.58234       -1256.98     /gpfs/hpu/EHT2020/sc_64/Sa-0.5/m_1_1_160/image_Sa-0.5_1138_17_0_230.e9_6.2e9_1.66203e+29_160_64.dat
        24       0.628248         3.0946        323.688        5.38086        10.6899        8.26997       -1553.39     /gpfs/hpu/EHT2020/sc_64/Sa-0.5/m_1_1_160/image_Sa-0.5_1144_17_0_230.e9_6.2e9_1.66203e+29_160_64.dat
        25       0.418063        3.13418        336.996        3.45269        8.12167        6.00898       -1179.38     /gpfs/hpu/EHT2020/sc_64/Sa-0.5/m_1_1_160/image_Sa-0.5_1150_17_0_230.e9_6.2e9_1.66203e+29_160_64.dat
        26       0.534355        3.23261        325.432        6.43651        15.0864        11.1719       -1856.42     /gpfs/hpu/EHT2020/sc_64/Sa-0.5/m_1_1_160/image_Sa-0.5_1156_17_0_230.e9_6.2e9_1.66203e+29_160_64.dat
        27       0.644625        3.41652        339.076        5.71008        37.8795        23.5418       -3449.36     /gpfs/hpu/EHT2020/sc_64/Sa-0.5/m_1_1_160/image_Sa-0.5_1162_17_0_230.e9_6.2e9_1.66203e+29_160_64.dat
        28       0.692528         3.5295        354.517        4.87857        29.2747        18.3948       -2781.53     /gpfs/hpu/EHT2020/sc_64/Sa-0.5/m_1_1_160/image_Sa-0.5_1168_17_0_230.e9_6.2e9_1.66203e+29_160_64.dat
        29       0.689901        3.38015         278.39        5.34589        22.9628        15.0842       -2428.54     /gpfs/hpu/EHT2020/sc_64/Sa-0.5/m_1_1_160/image_Sa-0.5_1174_17_0_230.e9_6.2e9_1.66203e+29_160_64.dat
        30       0.670023        3.27349        297.938        6.14396          27.01        17.6806       -2770.71     /gpfs/hpu/EHT2020/sc_64/Sa-0.5/m_1_1_160/image_Sa-0.5_1180_17_0_230.e9_6.2e9_1.66203e+29_160_64.dat
        31       0.775536        3.37122        342.053        5.34284        33.9868        21.2172       -3263.55     /gpfs/hpu/EHT2020/sc_64/Sa-0.5/m_1_1_160/image_Sa-0.5_1186_17_0_230.e9_6.2e9_1.66203e+29_160_64.dat
        32        0.47758        3.43523        337.831        2.39309        8.06113        5.51813       -1135.93     /gpfs/hpu/EHT2020/sc_64/Sa-0.5/m_1_1_160/image_Sa-0.5_1192_17_0_230.e9_6.2e9_1.66203e+29_160_64.dat
        33        0.45092        3.39558        336.529        2.85775        4.73493        3.86774       -889.415     /gpfs/hpu/EHT2020/sc_64/Sa-0.5/m_1_1_160/image_Sa-0.5_1198_17_0_230.e9_6.2e9_1.66203e+29_160_64.dat
        34       0.465029        3.16867        300.012        9.58219        12.8739         11.298       -1800.52     /gpfs/hpu/EHT2020/sc_64/Sa-0.5/m_1_1_160/image_Sa-0.5_1204_17_0_230.e9_6.2e9_1.66203e+29_160_64.dat
        35       0.429605        3.38041        294.806        5.13075        6.58438        5.87756       -1131.76     /gpfs/hpu/EHT2020/sc_64/Sa-0.5/m_1_1_160/image_Sa-0.5_1210_17_0_230.e9_6.2e9_1.66203e+29_160_64.dat
        36       0.475904        3.43145        299.263        2.89511         10.403        7.03788       -1286.04     /gpfs/hpu/EHT2020/sc_64/Sa-0.5/m_1_1_160/image_Sa-0.5_1216_17_0_230.e9_6.2e9_1.66203e+29_160_64.dat
        37        0.45024        3.25983        343.204        2.66156        5.75506        4.35075       -975.264     /gpfs/hpu/EHT2020/sc_64/Sa-0.5/m_1_1_160/image_Sa-0.5_1222_17_0_230.e9_6.2e9_1.66203e+29_160_64.dat
        38       0.437592        3.34027        331.401        1.99054        5.25331        3.78203       -890.483     /gpfs/hpu/EHT2020/sc_64/Sa-0.5/m_1_1_160/image_Sa-0.5_1228_17_0_230.e9_6.2e9_1.66203e+29_160_64.dat
        39       0.609825        3.23202        324.829        4.00279        7.64947        5.98357       -1275.91     /gpfs/hpu/EHT2020/sc_64/Sa-0.5/m_1_1_160/image_Sa-0.5_1234_17_0_230.e9_6.2e9_1.66203e+29_160_64.dat
        40       0.567052        3.29897         334.89        3.38109        9.76462        6.89232       -1377.01     /gpfs/hpu/EHT2020/sc_64/Sa-0.5/m_1_1_160/image_Sa-0.5_1240_17_0_230.e9_6.2e9_1.66203e+29_160_64.dat
        41       0.439118        3.41314         352.25        6.22666        7.29787        6.74742       -1236.64     /gpfs/hpu/EHT2020/sc_64/Sa-0.5/m_1_1_160/image_Sa-0.5_1246_17_0_230.e9_6.2e9_1.66203e+29_160_64.dat
        42       0.437285        3.36694        359.089        5.07846        3.47815        4.12653       -943.508     /gpfs/hpu/EHT2020/sc_64/Sa-0.5/m_1_1_160/image_Sa-0.5_1252_17_0_230.e9_6.2e9_1.66203e+29_160_64.dat
        43       0.412602        3.15409         302.77        6.10426        7.89232        7.02538       -1287.48     /gpfs/hpu/EHT2020/sc_64/Sa-0.5/m_1_1_160/image_Sa-0.5_1258_17_0_230.e9_6.2e9_1.66203e+29_160_64.dat
        44       0.432183        3.30964        327.388        2.61803        5.60686         4.2495       -946.994     /gpfs/hpu/EHT2020/sc_64/Sa-0.5/m_1_1_160/image_Sa-0.5_1264_17_0_230.e9_6.2e9_1.66203e+29_160_64.dat
        45       0.537141        3.40814        312.725        1.80519        8.38373        5.44399       -1141.18     /gpfs/hpu/EHT2020/sc_64/Sa-0.5/m_1_1_160/image_Sa-0.5_1270_17_0_230.e9_6.2e9_1.66203e+29_160_64.dat
        46       0.582747        3.42536        308.615        3.81537        12.4355        8.56591       -1562.43     /gpfs/hpu/EHT2020/sc_64/Sa-0.5/m_1_1_160/image_Sa-0.5_1276_17_0_230.e9_6.2e9_1.66203e+29_160_64.dat
        47       0.660595        3.17201        276.041        7.26558        30.9877        20.3779       -3135.01     /gpfs/hpu/EHT2020/sc_64/Sa-0.5/m_1_1_160/image_Sa-0.5_1282_17_0_230.e9_6.2e9_1.66203e+29_160_64.dat
        48       0.759402        3.20326        279.715        6.16593        37.3607        23.4497       -3815.92     /gpfs/hpu/EHT2020/sc_64/Sa-0.5/m_1_1_160/image_Sa-0.5_1288_17_0_230.e9_6.2e9_1.66203e+29_160_64.dat
        49       0.556689        3.57779        317.784        1.85681        7.17091        4.79139       -1078.21     /gpfs/hpu/EHT2020/sc_64/Sa-0.5/m_1_1_160/image_Sa-0.5_1294_17_0_230.e9_6.2e9_1.66203e+29_160_64.dat
        50       0.444452        3.40883        295.614        2.15811        5.17897        3.81296       -897.405     /gpfs/hpu/EHT2020/sc_64/Sa-0.5/m_1_1_160/image_Sa-0.5_1300_17_0_230.e9_6.2e9_1.66203e+29_160_64.dat
        51       0.385526        3.44379        288.088        5.02254         5.8658        5.43102       -1053.32     /gpfs/hpu/EHT2020/sc_64/Sa-0.5/m_1_1_160/image_Sa-0.5_1306_17_0_230.e9_6.2e9_1.66203e+29_160_64.dat
        52       0.502577        3.44831        329.397        4.06595        7.68363        6.02983       -1204.15     /gpfs/hpu/EHT2020/sc_64/Sa-0.5/m_1_1_160/image_Sa-0.5_1312_17_0_230.e9_6.2e9_1.66203e+29_160_64.dat
        53       0.578678        3.51379        341.322        2.95593        19.8185        12.3034        -2090.7     /gpfs/hpu/EHT2020/sc_64/Sa-0.5/m_1_1_160/image_Sa-0.5_1318_17_0_230.e9_6.2e9_1.66203e+29_160_64.dat
        54       0.751149        3.41695        343.288        4.13241        22.9721        14.5658       -2383.99     /gpfs/hpu/EHT2020/sc_64/Sa-0.5/m_1_1_160/image_Sa-0.5_1324_17_0_230.e9_6.2e9_1.66203e+29_160_64.dat
        55       0.771458        3.62845        358.084        13.2597        62.7786        40.6542       -6816.97     /gpfs/hpu/EHT2020/sc_64/Sa-0.5/m_1_1_160/image_Sa-0.5_1330_17_0_230.e9_6.2e9_1.66203e+29_160_64.dat
        56       0.640354         3.3573        320.662        3.54026        39.0577        23.2612       -3603.15     /gpfs/hpu/EHT2020/sc_64/Sa-0.5/m_1_1_160/image_Sa-0.5_1336_17_0_230.e9_6.2e9_1.66203e+29_160_64.dat
        57       0.832376        3.47486         346.36        2.76789        16.7758        10.5291       -1861.74     /gpfs/hpu/EHT2020/sc_64/Sa-0.5/m_1_1_160/image_Sa-0.5_1342_17_0_230.e9_6.2e9_1.66203e+29_160_64.dat
        58       0.561227        3.53465        353.748        3.98503        8.52648        6.46392       -1285.98     /gpfs/hpu/EHT2020/sc_64/Sa-0.5/m_1_1_160/image_Sa-0.5_1348_17_0_230.e9_6.2e9_1.66203e+29_160_64.dat
        59       0.554612        3.55547        359.999        2.91227        19.8228         12.287       -2029.63     /gpfs/hpu/EHT2020/sc_64/Sa-0.5/m_1_1_160/image_Sa-0.5_1354_17_0_230.e9_6.2e9_1.66203e+29_160_64.dat
        60       0.520086        3.57733         309.16        1.52878        4.00418        2.88773        -797.69     /gpfs/hpu/EHT2020/sc_64/Sa-0.5/m_1_1_160/image_Sa-0.5_1360_17_0_230.e9_6.2e9_1.66203e+29_160_64.dat
        61       0.509451        3.55816        318.435        1.85391        5.48861        3.85402       -877.475     /gpfs/hpu/EHT2020/sc_64/Sa-0.5/m_1_1_160/image_Sa-0.5_1366_17_0_230.e9_6.2e9_1.66203e+29_160_64.dat
        62       0.532359        3.33119        359.976        5.18056        5.94843        5.54517       -1156.33     /gpfs/hpu/EHT2020/sc_64/Sa-0.5/m_1_1_160/image_Sa-0.5_1372_17_0_230.e9_6.2e9_1.66203e+29_160_64.dat
        63       0.531293        3.45351        359.896        3.72247        5.17907        4.48797       -1012.72     /gpfs/hpu/EHT2020/sc_64/Sa-0.5/m_1_1_160/image_Sa-0.5_1378_17_0_230.e9_6.2e9_1.66203e+29_160_64.dat
        64       0.403239        3.50961        313.758        5.89215        7.35114        6.63273       -1219.29     /gpfs/hpu/EHT2020/sc_64/Sa-0.5/m_1_1_160/image_Sa-0.5_1384_17_0_230.e9_6.2e9_1.66203e+29_160_64.dat
        65       0.520925        3.59244        326.779        1.69363        7.43842        4.86984       -1076.36     /gpfs/hpu/EHT2020/sc_64/Sa-0.5/m_1_1_160/image_Sa-0.5_1390_17_0_230.e9_6.2e9_1.66203e+29_160_64.dat
        66       0.431408         3.4422        314.747        2.13452        7.96577        5.35351       -1092.39     /gpfs/hpu/EHT2020/sc_64/Sa-0.5/m_1_1_160/image_Sa-0.5_1396_17_0_230.e9_6.2e9_1.66203e+29_160_64.dat
        67       0.470548        3.48067        304.821        2.14637        6.20519        4.37895       -953.954     /gpfs/hpu/EHT2020/sc_64/Sa-0.5/m_1_1_160/image_Sa-0.5_1402_17_0_230.e9_6.2e9_1.66203e+29_160_64.dat
        68       0.426251        3.60876        314.642        1.76576        4.73687        3.39768       -809.183     /gpfs/hpu/EHT2020/sc_64/Sa-0.5/m_1_1_160/image_Sa-0.5_1408_17_0_230.e9_6.2e9_1.66203e+29_160_64.dat
        69       0.459379        3.64456        316.911        2.19169        5.10413        3.78581       -908.387     /gpfs/hpu/EHT2020/sc_64/Sa-0.5/m_1_1_160/image_Sa-0.5_1414_17_0_230.e9_6.2e9_1.66203e+29_160_64.dat
        70       0.486004        3.44255        293.855        4.59109        18.9637        12.5332       -2020.99     /gpfs/hpu/EHT2020/sc_64/Sa-0.5/m_1_1_160/image_Sa-0.5_1420_17_0_230.e9_6.2e9_1.66203e+29_160_64.dat
        71        0.47676        3.33056        330.508        3.68597        10.1246        7.22416       -1373.47     /gpfs/hpu/EHT2020/sc_64/Sa-0.5/m_1_1_160/image_Sa-0.5_1426_17_0_230.e9_6.2e9_1.66203e+29_160_64.dat
        72       0.468035        3.49681        347.214        2.70471        6.52248         4.7964       -1031.47     /gpfs/hpu/EHT2020/sc_64/Sa-0.5/m_1_1_160/image_Sa-0.5_1432_17_0_230.e9_6.2e9_1.66203e+29_160_64.dat
        73       0.452485        3.67609         346.13        2.16363        2.98887        2.59666        -746.61     /gpfs/hpu/EHT2020/sc_64/Sa-0.5/m_1_1_160/image_Sa-0.5_1438_17_0_230.e9_6.2e9_1.66203e+29_160_64.dat
        74       0.397866        3.50947        359.937        1.74061         4.3763        3.18619       -825.248     /gpfs/hpu/EHT2020/sc_64/Sa-0.5/m_1_1_160/image_Sa-0.5_1444_17_0_230.e9_6.2e9_1.66203e+29_160_64.dat
        75       0.385629        3.40543        338.117        2.57786        7.50245        5.28697        -1086.3     /gpfs/hpu/EHT2020/sc_64/Sa-0.5/m_1_1_160/image_Sa-0.5_1450_17_0_230.e9_6.2e9_1.66203e+29_160_64.dat
        76       0.443908        3.38294        356.504        1.85598        5.28248        3.74021       -917.794     /gpfs/hpu/EHT2020/sc_64/Sa-0.5/m_1_1_160/image_Sa-0.5_1456_17_0_230.e9_6.2e9_1.66203e+29_160_64.dat
        77       0.467266        3.40642         336.64        2.56714        4.85219        3.80761       -926.566     /gpfs/hpu/EHT2020/sc_64/Sa-0.5/m_1_1_160/image_Sa-0.5_1462_17_0_230.e9_6.2e9_1.66203e+29_160_64.dat
        78       0.385512         3.2728        298.025        6.40214        9.67223        8.14434       -1423.93     /gpfs/hpu/EHT2020/sc_64/Sa-0.5/m_1_1_160/image_Sa-0.5_1468_17_0_230.e9_6.2e9_1.66203e+29_160_64.dat
        79       0.589895        3.25726        334.327         4.4144        11.1187        8.09161       -1521.57     /gpfs/hpu/EHT2020/sc_64/Sa-0.5/m_1_1_160/image_Sa-0.5_1474_17_0_230.e9_6.2e9_1.66203e+29_160_64.dat
        80       0.654413        3.66183        300.241        6.03589         16.653        11.8708        -1992.5     /gpfs/hpu/EHT2020/sc_64/Sa-0.5/m_1_1_160/image_Sa-0.5_1480_17_0_230.e9_6.2e9_1.66203e+29_160_64.dat
        81       0.500584        3.49973        274.445        5.47132        16.9873        11.8132       -1903.94     /gpfs/hpu/EHT2020/sc_64/Sa-0.5/m_1_1_160/image_Sa-0.5_1486_17_0_230.e9_6.2e9_1.66203e+29_160_64.dat
        82        0.34309        3.58018        287.708        8.74661        13.1068        11.0671       -1757.15     /gpfs/hpu/EHT2020/sc_64/Sa-0.5/m_1_1_160/image_Sa-0.5_1492_17_0_230.e9_6.2e9_1.66203e+29_160_64.dat
        83       0.564873        3.21867        340.525        5.93543        13.3922         10.013       -1756.24     /gpfs/hpu/EHT2020/sc_64/Sa-0.5/m_1_1_160/image_Sa-0.5_1498_17_0_230.e9_6.2e9_1.66203e+29_160_64.dat
        84       0.426945        3.32594        340.626        6.22613        4.90304        5.41458       -1066.35     /gpfs/hpu/EHT2020/sc_64/Sa-0.5/m_1_1_160/image_Sa-0.5_1504_17_0_230.e9_6.2e9_1.66203e+29_160_64.dat
        85       0.386621        3.22908        324.539        6.59674        7.28006        6.89717       -1260.33     /gpfs/hpu/EHT2020/sc_64/Sa-0.5/m_1_1_160/image_Sa-0.5_1510_17_0_230.e9_6.2e9_1.66203e+29_160_64.dat
        86       0.467287        3.34939        339.026        3.62568        3.91987        3.74552       -890.315     /gpfs/hpu/EHT2020/sc_64/Sa-0.5/m_1_1_160/image_Sa-0.5_1516_17_0_230.e9_6.2e9_1.66203e+29_160_64.dat
        87       0.422451        3.21064        344.747        5.89014        7.53169        6.73233        -1237.5     /gpfs/hpu/EHT2020/sc_64/Sa-0.5/m_1_1_160/image_Sa-0.5_1522_17_0_230.e9_6.2e9_1.66203e+29_160_64.dat
        88       0.555689        3.33055        293.899        8.62253         17.006        13.1832        -2174.7     /gpfs/hpu/EHT2020/sc_64/Sa-0.5/m_1_1_160/image_Sa-0.5_1528_17_0_230.e9_6.2e9_1.66203e+29_160_64.dat
        89       0.445767        3.29533        294.785        5.35644        11.7167         8.8308       -1561.87     /gpfs/hpu/EHT2020/sc_64/Sa-0.5/m_1_1_160/image_Sa-0.5_1534_17_0_230.e9_6.2e9_1.66203e+29_160_64.dat
        90       0.592922         3.1356        310.244        11.1233        71.1912        44.4136       -6076.85     /gpfs/hpu/EHT2020/sc_64/Sa-0.5/m_1_1_160/image_Sa-0.5_1540_17_0_230.e9_6.2e9_1.66203e+29_160_64.dat
        91        0.60835        3.55987        281.375         11.677        62.0626        39.5729       -5633.99     /gpfs/hpu/EHT2020/sc_64/Sa-0.5/m_1_1_160/image_Sa-0.5_1546_17_0_230.e9_6.2e9_1.66203e+29_160_64.dat
        92       0.590363        3.13743        343.108        5.57799        30.6047        19.4367       -3043.42     /gpfs/hpu/EHT2020/sc_64/Sa-0.5/m_1_1_160/image_Sa-0.5_1552_17_0_230.e9_6.2e9_1.66203e+29_160_64.dat
        93       0.453333        3.30312        353.959        3.11646        4.50111        3.84925       -898.144     /gpfs/hpu/EHT2020/sc_64/Sa-0.5/m_1_1_160/image_Sa-0.5_1558_17_0_230.e9_6.2e9_1.66203e+29_160_64.dat
        94       0.524511        3.22983        346.115        4.52995        7.49001        6.12228       -1235.89     /gpfs/hpu/EHT2020/sc_64/Sa-0.5/m_1_1_160/image_Sa-0.5_1564_17_0_230.e9_6.2e9_1.66203e+29_160_64.dat
        95        0.37758        3.27566        345.142        8.20597        9.86608        9.03047        -1511.7     /gpfs/hpu/EHT2020/sc_64/Sa-0.5/m_1_1_160/image_Sa-0.5_1570_17_0_230.e9_6.2e9_1.66203e+29_160_64.dat
        96        0.43934        3.26363        315.619        3.46815        6.67184         5.2089       -1078.66     /gpfs/hpu/EHT2020/sc_64/Sa-0.5/m_1_1_160/image_Sa-0.5_1576_17_0_230.e9_6.2e9_1.66203e+29_160_64.dat
        97       0.449151        3.40617        295.861        4.68411        7.90689        6.42077       -1181.68     /gpfs/hpu/EHT2020/sc_64/Sa-0.5/m_1_1_160/image_Sa-0.5_1582_17_0_230.e9_6.2e9_1.66203e+29_160_64.dat
        98       0.521767        3.51608        353.438        1.95016        5.93686        4.14497       -959.551     /gpfs/hpu/EHT2020/sc_64/Sa-0.5/m_1_1_160/image_Sa-0.5_1588_17_0_230.e9_6.2e9_1.66203e+29_160_64.dat
        99       0.502283        3.20791          328.7        5.04107        8.21246        6.74482       -1242.58     /gpfs/hpu/EHT2020/sc_64/Sa-0.5/m_1_1_160/image_Sa-0.5_1594_17_0_230.e9_6.2e9_1.66203e+29_160_64.dat
