   # Index         I (Jy)      M/D (uas)       PA (deg)  VA red. chisq  CP red. chisq     red. chisq     log-liklhd     FileName
         0        1.10812        3.48915        118.813        5.04582        16.2367         11.212       -1991.04     /gpfs/hpu/EHT2/IHARM/MAD/MAD_a-0.5_384x192x192_IHARM/m_1_1_40/image_a-0.5_0000_17_0_230.e9_6.2e9_2.4268e+25_40.dat
         1       0.872381        2.99813       -60.0546        13.8859        16.7465        15.3097       -2575.14     /gpfs/hpu/EHT2/IHARM/MAD/MAD_a-0.5_384x192x192_IHARM/m_1_1_40/image_a-0.5_0001_17_0_230.e9_6.2e9_2.4268e+25_40.dat
         2        0.71753        3.30975        42.3286        11.9493        47.4405        31.5539       -4427.96     /gpfs/hpu/EHT2/IHARM/MAD/MAD_a-0.5_384x192x192_IHARM/m_1_1_40/image_a-0.5_0002_17_0_230.e9_6.2e9_2.4268e+25_40.dat
         3        0.83918        3.36085        70.7013        12.1723        108.549        65.6541       -8619.08     /gpfs/hpu/EHT2/IHARM/MAD/MAD_a-0.5_384x192x192_IHARM/m_1_1_40/image_a-0.5_0003_17_0_230.e9_6.2e9_2.4268e+25_40.dat
         4       0.813025        3.72105        124.322        8.50334        76.6561        46.3242       -6222.28     /gpfs/hpu/EHT2/IHARM/MAD/MAD_a-0.5_384x192x192_IHARM/m_1_1_40/image_a-0.5_0004_17_0_230.e9_6.2e9_2.4268e+25_40.dat
         5        1.05033        3.81919       -50.6966        8.85635        33.2982        22.3499       -3242.78     /gpfs/hpu/EHT2/IHARM/MAD/MAD_a-0.5_384x192x192_IHARM/m_1_1_40/image_a-0.5_0005_17_0_230.e9_6.2e9_2.4268e+25_40.dat
         6        1.00888        3.73656       -121.493        14.7749        29.4285        22.7502       -3360.78     /gpfs/hpu/EHT2/IHARM/MAD/MAD_a-0.5_384x192x192_IHARM/m_1_1_40/image_a-0.5_0006_17_0_230.e9_6.2e9_2.4268e+25_40.dat
         7       0.767246        3.20763       -177.241        8.70192        27.6158        19.1213       -2971.85     /gpfs/hpu/EHT2/IHARM/MAD/MAD_a-0.5_384x192x192_IHARM/m_1_1_40/image_a-0.5_0007_17_0_230.e9_6.2e9_2.4268e+25_40.dat
         8       0.852428        3.50989       -104.353        6.60605        26.4724        17.5808       -2768.01     /gpfs/hpu/EHT2/IHARM/MAD/MAD_a-0.5_384x192x192_IHARM/m_1_1_40/image_a-0.5_0008_17_0_230.e9_6.2e9_2.4268e+25_40.dat
         9        0.81079         3.6701        -85.026        4.02867        4.08508        4.01133        -968.96     /gpfs/hpu/EHT2/IHARM/MAD/MAD_a-0.5_384x192x192_IHARM/m_1_1_40/image_a-0.5_0009_17_0_230.e9_6.2e9_2.4268e+25_40.dat
        10       0.687442        3.63814       -49.5616        6.04207        3.92387        4.79031       -1058.15     /gpfs/hpu/EHT2/IHARM/MAD/MAD_a-0.5_384x192x192_IHARM/m_1_1_40/image_a-0.5_0010_17_0_230.e9_6.2e9_2.4268e+25_40.dat
        11       0.527426        4.01256       -10.3573        3.67146        25.6819        15.8748       -2360.21     /gpfs/hpu/EHT2/IHARM/MAD/MAD_a-0.5_384x192x192_IHARM/m_1_1_40/image_a-0.5_0011_17_0_230.e9_6.2e9_2.4268e+25_40.dat
        12       0.509942        3.35501        10.1716        8.04262        6.30215        6.97684       -1279.56     /gpfs/hpu/EHT2/IHARM/MAD/MAD_a-0.5_384x192x192_IHARM/m_1_1_40/image_a-0.5_0012_17_0_230.e9_6.2e9_2.4268e+25_40.dat
        13       0.653521        3.57978         42.853        15.3287        17.7763        16.5052       -2551.32     /gpfs/hpu/EHT2/IHARM/MAD/MAD_a-0.5_384x192x192_IHARM/m_1_1_40/image_a-0.5_0013_17_0_230.e9_6.2e9_2.4268e+25_40.dat
        14       0.507419        3.38851        -38.788        5.45664         7.8349        6.71402       -1265.53     /gpfs/hpu/EHT2/IHARM/MAD/MAD_a-0.5_384x192x192_IHARM/m_1_1_40/image_a-0.5_0014_17_0_230.e9_6.2e9_2.4268e+25_40.dat
        15         1.1656        3.16178        -43.941        5.29743        17.1267        11.8157       -2240.77     /gpfs/hpu/EHT2/IHARM/MAD/MAD_a-0.5_384x192x192_IHARM/m_1_1_40/image_a-0.5_0015_17_0_230.e9_6.2e9_2.4268e+25_40.dat
        16       0.771412        3.01516        -30.534        4.79902        6.21532        5.52907       -1218.11     /gpfs/hpu/EHT2/IHARM/MAD/MAD_a-0.5_384x192x192_IHARM/m_1_1_40/image_a-0.5_0016_17_0_230.e9_6.2e9_2.4268e+25_40.dat
        17       0.851697        3.36412        39.4989        25.2288        12.6383        17.9176       -4043.47     /gpfs/hpu/EHT2/IHARM/MAD/MAD_a-0.5_384x192x192_IHARM/m_1_1_40/image_a-0.5_0017_17_0_230.e9_6.2e9_2.4268e+25_40.dat
        18       0.573461        3.07265       -15.5811        16.8996        20.6791        18.7983       -2826.37     /gpfs/hpu/EHT2/IHARM/MAD/MAD_a-0.5_384x192x192_IHARM/m_1_1_40/image_a-0.5_0018_17_0_230.e9_6.2e9_2.4268e+25_40.dat
        19       0.472214        3.21284        1.53653        8.33198        8.08019        8.09108        -1397.8     /gpfs/hpu/EHT2/IHARM/MAD/MAD_a-0.5_384x192x192_IHARM/m_1_1_40/image_a-0.5_0019_17_0_230.e9_6.2e9_2.4268e+25_40.dat
        20       0.668506        3.35333        17.5876        2.00997        9.68656        6.25731       -1262.69     /gpfs/hpu/EHT2/IHARM/MAD/MAD_a-0.5_384x192x192_IHARM/m_1_1_40/image_a-0.5_0020_17_0_230.e9_6.2e9_2.4268e+25_40.dat
        21       0.567227         3.2674      0.0170938        2.64326        3.94424        3.33522       -877.477     /gpfs/hpu/EHT2/IHARM/MAD/MAD_a-0.5_384x192x192_IHARM/m_1_1_40/image_a-0.5_0021_17_0_230.e9_6.2e9_2.4268e+25_40.dat
        22       0.529133        3.10739       -22.8308        3.34456         8.2017        6.00686       -1169.43     /gpfs/hpu/EHT2/IHARM/MAD/MAD_a-0.5_384x192x192_IHARM/m_1_1_40/image_a-0.5_0022_17_0_230.e9_6.2e9_2.4268e+25_40.dat
        23       0.854902        3.75958        54.1032        5.04148        25.0549         16.117       -2610.94     /gpfs/hpu/EHT2/IHARM/MAD/MAD_a-0.5_384x192x192_IHARM/m_1_1_40/image_a-0.5_0023_17_0_230.e9_6.2e9_2.4268e+25_40.dat
        24       0.842985        3.96804         72.523         3.2412        30.8453        18.5623       -2882.53     /gpfs/hpu/EHT2/IHARM/MAD/MAD_a-0.5_384x192x192_IHARM/m_1_1_40/image_a-0.5_0024_17_0_230.e9_6.2e9_2.4268e+25_40.dat
        25       0.384044         3.1207        4.76037        4.00301        6.92614        5.58117       -1082.05     /gpfs/hpu/EHT2/IHARM/MAD/MAD_a-0.5_384x192x192_IHARM/m_1_1_40/image_a-0.5_0025_17_0_230.e9_6.2e9_2.4268e+25_40.dat
        26       0.508443        3.37939         42.373        8.54946        7.16475        7.67551       -1401.78     /gpfs/hpu/EHT2/IHARM/MAD/MAD_a-0.5_384x192x192_IHARM/m_1_1_40/image_a-0.5_0026_17_0_230.e9_6.2e9_2.4268e+25_40.dat
        27       0.550712        3.44918        46.0217        6.22112        11.8118        9.25681       -1565.12     /gpfs/hpu/EHT2/IHARM/MAD/MAD_a-0.5_384x192x192_IHARM/m_1_1_40/image_a-0.5_0027_17_0_230.e9_6.2e9_2.4268e+25_40.dat
        28       0.409711        3.54911        88.7955        15.0481        63.4176        41.7814       -5586.98     /gpfs/hpu/EHT2/IHARM/MAD/MAD_a-0.5_384x192x192_IHARM/m_1_1_40/image_a-0.5_0028_17_0_230.e9_6.2e9_2.4268e+25_40.dat
        29       0.409414         3.2851        130.566        15.4595        18.2596        16.8306       -2499.39     /gpfs/hpu/EHT2/IHARM/MAD/MAD_a-0.5_384x192x192_IHARM/m_1_1_40/image_a-0.5_0029_17_0_230.e9_6.2e9_2.4268e+25_40.dat
        30        0.79308        3.20096        184.927        2.52771        19.4895        11.9356       -2052.96     /gpfs/hpu/EHT2/IHARM/MAD/MAD_a-0.5_384x192x192_IHARM/m_1_1_40/image_a-0.5_0030_17_0_230.e9_6.2e9_2.4268e+25_40.dat
        31        0.96337        3.16276        184.684        7.45974        9.61483         8.5687        -1836.5     /gpfs/hpu/EHT2/IHARM/MAD/MAD_a-0.5_384x192x192_IHARM/m_1_1_40/image_a-0.5_0031_17_0_230.e9_6.2e9_2.4268e+25_40.dat
        32       0.551265        3.61143        227.857        6.00549        7.87293        6.97198       -1339.28     /gpfs/hpu/EHT2/IHARM/MAD/MAD_a-0.5_384x192x192_IHARM/m_1_1_40/image_a-0.5_0032_17_0_230.e9_6.2e9_2.4268e+25_40.dat
        33       0.712486         3.8275         254.53        4.01704         14.536        9.82172          -1712     /gpfs/hpu/EHT2/IHARM/MAD/MAD_a-0.5_384x192x192_IHARM/m_1_1_40/image_a-0.5_0033_17_0_230.e9_6.2e9_2.4268e+25_40.dat
        34       0.445041        3.45076         234.29        3.18155        6.03542         4.7311       -990.979     /gpfs/hpu/EHT2/IHARM/MAD/MAD_a-0.5_384x192x192_IHARM/m_1_1_40/image_a-0.5_0034_17_0_230.e9_6.2e9_2.4268e+25_40.dat
        35       0.655921        3.54478        278.493        4.14854        5.31082        4.74511       -1052.15     /gpfs/hpu/EHT2/IHARM/MAD/MAD_a-0.5_384x192x192_IHARM/m_1_1_40/image_a-0.5_0035_17_0_230.e9_6.2e9_2.4268e+25_40.dat
        36       0.612804        3.26666        280.107        4.57644        4.31429        4.37521       -1009.04     /gpfs/hpu/EHT2/IHARM/MAD/MAD_a-0.5_384x192x192_IHARM/m_1_1_40/image_a-0.5_0036_17_0_230.e9_6.2e9_2.4268e+25_40.dat
        37       0.502743        3.48483        298.265        8.25438        7.44601        7.70471        -1352.8     /gpfs/hpu/EHT2/IHARM/MAD/MAD_a-0.5_384x192x192_IHARM/m_1_1_40/image_a-0.5_0037_17_0_230.e9_6.2e9_2.4268e+25_40.dat
        38       0.526598        3.63255        298.082        4.09644        4.43213        4.23368       -920.035     /gpfs/hpu/EHT2/IHARM/MAD/MAD_a-0.5_384x192x192_IHARM/m_1_1_40/image_a-0.5_0038_17_0_230.e9_6.2e9_2.4268e+25_40.dat
        39       0.567958        3.37504         231.25        3.22638        6.27367        4.88302       -1053.79     /gpfs/hpu/EHT2/IHARM/MAD/MAD_a-0.5_384x192x192_IHARM/m_1_1_40/image_a-0.5_0039_17_0_230.e9_6.2e9_2.4268e+25_40.dat
        40       0.668885        3.39315        236.581         6.5386        14.3777        10.8216       -1845.11     /gpfs/hpu/EHT2/IHARM/MAD/MAD_a-0.5_384x192x192_IHARM/m_1_1_40/image_a-0.5_0040_17_0_230.e9_6.2e9_2.4268e+25_40.dat
        41       0.772739         3.4764        271.078        7.57603        21.9053        15.4579       -2602.95     /gpfs/hpu/EHT2/IHARM/MAD/MAD_a-0.5_384x192x192_IHARM/m_1_1_40/image_a-0.5_0041_17_0_230.e9_6.2e9_2.4268e+25_40.dat
        42       0.796732        3.65144        287.186        13.2319        49.1517        33.0595       -4793.66     /gpfs/hpu/EHT2/IHARM/MAD/MAD_a-0.5_384x192x192_IHARM/m_1_1_40/image_a-0.5_0042_17_0_230.e9_6.2e9_2.4268e+25_40.dat
        43        1.60123        3.53866        299.695        3.64668        16.0885        10.5258       -2036.92     /gpfs/hpu/EHT2/IHARM/MAD/MAD_a-0.5_384x192x192_IHARM/m_1_1_40/image_a-0.5_0043_17_0_230.e9_6.2e9_2.4268e+25_40.dat
        44       0.749205        3.37086        313.131        8.08952        14.2327          11.41       -1901.91     /gpfs/hpu/EHT2/IHARM/MAD/MAD_a-0.5_384x192x192_IHARM/m_1_1_40/image_a-0.5_0044_17_0_230.e9_6.2e9_2.4268e+25_40.dat
        45       0.747874        3.85028        312.735        3.30259        9.83259        6.89627       -1369.97     /gpfs/hpu/EHT2/IHARM/MAD/MAD_a-0.5_384x192x192_IHARM/m_1_1_40/image_a-0.5_0045_17_0_230.e9_6.2e9_2.4268e+25_40.dat
        46       0.730296        3.60357        359.754        4.38317        6.86239        5.70971       -1165.17     /gpfs/hpu/EHT2/IHARM/MAD/MAD_a-0.5_384x192x192_IHARM/m_1_1_40/image_a-0.5_0046_17_0_230.e9_6.2e9_2.4268e+25_40.dat
        47       0.526164        3.64677        348.824        9.67702        44.1991        28.7699       -4148.19     /gpfs/hpu/EHT2/IHARM/MAD/MAD_a-0.5_384x192x192_IHARM/m_1_1_40/image_a-0.5_0047_17_0_230.e9_6.2e9_2.4268e+25_40.dat
        48       0.540887        3.49473        359.886        4.42963        20.3518         13.236       -2088.25     /gpfs/hpu/EHT2/IHARM/MAD/MAD_a-0.5_384x192x192_IHARM/m_1_1_40/image_a-0.5_0048_17_0_230.e9_6.2e9_2.4268e+25_40.dat
        49       0.726446        3.67987        359.834        12.6555        144.962        86.1246       -11325.7     /gpfs/hpu/EHT2/IHARM/MAD/MAD_a-0.5_384x192x192_IHARM/m_1_1_40/image_a-0.5_0049_17_0_230.e9_6.2e9_2.4268e+25_40.dat
        50       0.697564        3.45214        359.975        7.62567        99.4018        58.6024       -8445.53     /gpfs/hpu/EHT2/IHARM/MAD/MAD_a-0.5_384x192x192_IHARM/m_1_1_40/image_a-0.5_0050_17_0_230.e9_6.2e9_2.4268e+25_40.dat
        51       0.713019        3.63643        353.819         8.5803        188.211        108.432       -13956.7     /gpfs/hpu/EHT2/IHARM/MAD/MAD_a-0.5_384x192x192_IHARM/m_1_1_40/image_a-0.5_0051_17_0_230.e9_6.2e9_2.4268e+25_40.dat
        52       0.776475         3.4496        342.331        17.8847        91.4057        58.5792       -7956.34     /gpfs/hpu/EHT2/IHARM/MAD/MAD_a-0.5_384x192x192_IHARM/m_1_1_40/image_a-0.5_0052_17_0_230.e9_6.2e9_2.4268e+25_40.dat
        53       0.726323        3.48616        311.533        12.1791        48.1742        32.0613       -4675.44     /gpfs/hpu/EHT2/IHARM/MAD/MAD_a-0.5_384x192x192_IHARM/m_1_1_40/image_a-0.5_0053_17_0_230.e9_6.2e9_2.4268e+25_40.dat
        54       0.778929        3.92863        334.398         10.123         79.748        48.7435       -9500.03     /gpfs/hpu/EHT2/IHARM/MAD/MAD_a-0.5_384x192x192_IHARM/m_1_1_40/image_a-0.5_0054_17_0_230.e9_6.2e9_2.4268e+25_40.dat
        55       0.565413        3.40227        328.755        6.03319        9.10008        7.66678       -1417.17     /gpfs/hpu/EHT2/IHARM/MAD/MAD_a-0.5_384x192x192_IHARM/m_1_1_40/image_a-0.5_0055_17_0_230.e9_6.2e9_2.4268e+25_40.dat
        56       0.518329        3.39933        349.801        3.26134        15.0521        9.78286       -1720.36     /gpfs/hpu/EHT2/IHARM/MAD/MAD_a-0.5_384x192x192_IHARM/m_1_1_40/image_a-0.5_0056_17_0_230.e9_6.2e9_2.4268e+25_40.dat
        57       0.894691        3.11219        332.599        9.70652        16.1108        13.1528       -2588.33     /gpfs/hpu/EHT2/IHARM/MAD/MAD_a-0.5_384x192x192_IHARM/m_1_1_40/image_a-0.5_0057_17_0_230.e9_6.2e9_2.4268e+25_40.dat
        58       0.843892        3.81404        48.3949        9.27131        23.1943        16.9066       -3779.86     /gpfs/hpu/EHT2/IHARM/MAD/MAD_a-0.5_384x192x192_IHARM/m_1_1_40/image_a-0.5_0058_17_0_230.e9_6.2e9_2.4268e+25_40.dat
        59       0.409249        3.78301        30.8076        5.93572        12.0445        9.26315        -1547.7     /gpfs/hpu/EHT2/IHARM/MAD/MAD_a-0.5_384x192x192_IHARM/m_1_1_40/image_a-0.5_0059_17_0_230.e9_6.2e9_2.4268e+25_40.dat
        60       0.503356        3.74384       -63.4268        5.44381        15.8575        11.1727       -1809.97     /gpfs/hpu/EHT2/IHARM/MAD/MAD_a-0.5_384x192x192_IHARM/m_1_1_40/image_a-0.5_0060_17_0_230.e9_6.2e9_2.4268e+25_40.dat
        61       0.837578        3.82636        45.0548        20.7464        45.7274        34.3961       -4888.53     /gpfs/hpu/EHT2/IHARM/MAD/MAD_a-0.5_384x192x192_IHARM/m_1_1_40/image_a-0.5_0061_17_0_230.e9_6.2e9_2.4268e+25_40.dat
        62       0.450625        3.85042        73.7595        11.5759        23.6419          18.15       -2720.42     /gpfs/hpu/EHT2/IHARM/MAD/MAD_a-0.5_384x192x192_IHARM/m_1_1_40/image_a-0.5_0062_17_0_230.e9_6.2e9_2.4268e+25_40.dat
        63       0.690906        3.58163        89.5642        12.3295        14.4195        13.3433       -2390.21     /gpfs/hpu/EHT2/IHARM/MAD/MAD_a-0.5_384x192x192_IHARM/m_1_1_40/image_a-0.5_0063_17_0_230.e9_6.2e9_2.4268e+25_40.dat
        64       0.698506        3.83651        152.693        17.3848         29.334        23.8237       -3499.22     /gpfs/hpu/EHT2/IHARM/MAD/MAD_a-0.5_384x192x192_IHARM/m_1_1_40/image_a-0.5_0064_17_0_230.e9_6.2e9_2.4268e+25_40.dat
        65       0.628774        3.23006        111.455        6.52025        13.0921        10.0983       -1881.34     /gpfs/hpu/EHT2/IHARM/MAD/MAD_a-0.5_384x192x192_IHARM/m_1_1_40/image_a-0.5_0065_17_0_230.e9_6.2e9_2.4268e+25_40.dat
        66        1.01811        3.78343        190.744        5.97962        22.4108        15.0505       -2510.15     /gpfs/hpu/EHT2/IHARM/MAD/MAD_a-0.5_384x192x192_IHARM/m_1_1_40/image_a-0.5_0066_17_0_230.e9_6.2e9_2.4268e+25_40.dat
        67       0.845294        3.98806        260.107        2.98958        6.03556        4.64836       -1056.53     /gpfs/hpu/EHT2/IHARM/MAD/MAD_a-0.5_384x192x192_IHARM/m_1_1_40/image_a-0.5_0067_17_0_230.e9_6.2e9_2.4268e+25_40.dat
        68       0.660482        3.64777        281.435        2.62567        4.20602         3.4733       -907.312     /gpfs/hpu/EHT2/IHARM/MAD/MAD_a-0.5_384x192x192_IHARM/m_1_1_40/image_a-0.5_0068_17_0_230.e9_6.2e9_2.4268e+25_40.dat
        69       0.610762        3.80285        305.582        3.22209        5.28341        4.33014       -1073.68     /gpfs/hpu/EHT2/IHARM/MAD/MAD_a-0.5_384x192x192_IHARM/m_1_1_40/image_a-0.5_0069_17_0_230.e9_6.2e9_2.4268e+25_40.dat
        70        0.50336        3.45853        323.628        10.8808        10.7596        10.6818       -1724.75     /gpfs/hpu/EHT2/IHARM/MAD/MAD_a-0.5_384x192x192_IHARM/m_1_1_40/image_a-0.5_0070_17_0_230.e9_6.2e9_2.4268e+25_40.dat
        71       0.519905        3.40257        282.306        5.70365        6.96403          6.336       -1224.31     /gpfs/hpu/EHT2/IHARM/MAD/MAD_a-0.5_384x192x192_IHARM/m_1_1_40/image_a-0.5_0071_17_0_230.e9_6.2e9_2.4268e+25_40.dat
        72       0.546869        3.33457        359.997        7.66188        16.2872        12.3688       -2093.48     /gpfs/hpu/EHT2/IHARM/MAD/MAD_a-0.5_384x192x192_IHARM/m_1_1_40/image_a-0.5_0072_17_0_230.e9_6.2e9_2.4268e+25_40.dat
        73        0.74136        3.20411        299.282        22.1648        22.3674        22.0094        -3399.1     /gpfs/hpu/EHT2/IHARM/MAD/MAD_a-0.5_384x192x192_IHARM/m_1_1_40/image_a-0.5_0073_17_0_230.e9_6.2e9_2.4268e+25_40.dat
        74       0.616997        3.22734        359.995        7.10286         8.7862        7.95364       -1482.21     /gpfs/hpu/EHT2/IHARM/MAD/MAD_a-0.5_384x192x192_IHARM/m_1_1_40/image_a-0.5_0074_17_0_230.e9_6.2e9_2.4268e+25_40.dat
        75       0.420902         3.4171        308.798        1.84612         5.5711        3.89656       -859.817     /gpfs/hpu/EHT2/IHARM/MAD/MAD_a-0.5_384x192x192_IHARM/m_1_1_40/image_a-0.5_0075_17_0_230.e9_6.2e9_2.4268e+25_40.dat
        76        0.88238        3.26436        259.257        15.9973        12.8553        14.0554       -2372.75     /gpfs/hpu/EHT2/IHARM/MAD/MAD_a-0.5_384x192x192_IHARM/m_1_1_40/image_a-0.5_0076_17_0_230.e9_6.2e9_2.4268e+25_40.dat
        77       0.484674        3.63393        282.468        5.10622        27.1628        17.3178        -2562.2     /gpfs/hpu/EHT2/IHARM/MAD/MAD_a-0.5_384x192x192_IHARM/m_1_1_40/image_a-0.5_0077_17_0_230.e9_6.2e9_2.4268e+25_40.dat
        78       0.866078        4.14377        325.757        14.2901        116.729        71.1194       -10706.8     /gpfs/hpu/EHT2/IHARM/MAD/MAD_a-0.5_384x192x192_IHARM/m_1_1_40/image_a-0.5_0078_17_0_230.e9_6.2e9_2.4268e+25_40.dat
        79       0.922111         3.8994         322.73        14.1319        60.1177        39.5498       -5555.94     /gpfs/hpu/EHT2/IHARM/MAD/MAD_a-0.5_384x192x192_IHARM/m_1_1_40/image_a-0.5_0079_17_0_230.e9_6.2e9_2.4268e+25_40.dat
        80        1.49506        4.25581        182.742        10.4452        38.0837        25.6983       -4462.21     /gpfs/hpu/EHT2/IHARM/MAD/MAD_a-0.5_384x192x192_IHARM/m_1_1_40/image_a-0.5_0080_17_0_230.e9_6.2e9_2.4268e+25_40.dat
        81       0.419269        3.20658        96.2393        10.4796        32.1418        22.4068       -3249.88     /gpfs/hpu/EHT2/IHARM/MAD/MAD_a-0.5_384x192x192_IHARM/m_1_1_40/image_a-0.5_0081_17_0_230.e9_6.2e9_2.4268e+25_40.dat
        82        1.31096         4.0986        21.0136        10.8229        35.7606        24.5686       -3740.19     /gpfs/hpu/EHT2/IHARM/MAD/MAD_a-0.5_384x192x192_IHARM/m_1_1_40/image_a-0.5_0082_17_0_230.e9_6.2e9_2.4268e+25_40.dat
        83       0.740615        3.38828        15.8592        12.9431        31.8921        23.3307       -3526.44     /gpfs/hpu/EHT2/IHARM/MAD/MAD_a-0.5_384x192x192_IHARM/m_1_1_40/image_a-0.5_0083_17_0_230.e9_6.2e9_2.4268e+25_40.dat
        84       0.558553        3.56182       -76.7635        11.5872        25.4025        19.1346       -2829.14     /gpfs/hpu/EHT2/IHARM/MAD/MAD_a-0.5_384x192x192_IHARM/m_1_1_40/image_a-0.5_0084_17_0_230.e9_6.2e9_2.4268e+25_40.dat
        85       0.669769         3.7367       -78.6871        8.26052          35.65        23.4015        -3441.3     /gpfs/hpu/EHT2/IHARM/MAD/MAD_a-0.5_384x192x192_IHARM/m_1_1_40/image_a-0.5_0085_17_0_230.e9_6.2e9_2.4268e+25_40.dat
        86       0.854274        3.40217        52.8586        5.06514        29.1163        18.3872       -2918.92     /gpfs/hpu/EHT2/IHARM/MAD/MAD_a-0.5_384x192x192_IHARM/m_1_1_40/image_a-0.5_0086_17_0_230.e9_6.2e9_2.4268e+25_40.dat
        87       0.572915        3.49387        57.9449        11.7271        33.3703        23.6286       -3450.54     /gpfs/hpu/EHT2/IHARM/MAD/MAD_a-0.5_384x192x192_IHARM/m_1_1_40/image_a-0.5_0087_17_0_230.e9_6.2e9_2.4268e+25_40.dat
        88        1.00757        3.17713        45.7371        16.5887        37.1084        27.8062       -4486.76     /gpfs/hpu/EHT2/IHARM/MAD/MAD_a-0.5_384x192x192_IHARM/m_1_1_40/image_a-0.5_0088_17_0_230.e9_6.2e9_2.4268e+25_40.dat
        89       0.568596        3.16678        22.6353        5.51186        7.80708        6.72236       -1285.21     /gpfs/hpu/EHT2/IHARM/MAD/MAD_a-0.5_384x192x192_IHARM/m_1_1_40/image_a-0.5_0089_17_0_230.e9_6.2e9_2.4268e+25_40.dat
        90       0.444795        3.59039        26.0027         2.9253        6.61705         4.9442          -1017     /gpfs/hpu/EHT2/IHARM/MAD/MAD_a-0.5_384x192x192_IHARM/m_1_1_40/image_a-0.5_0090_17_0_230.e9_6.2e9_2.4268e+25_40.dat
        91       0.890979        3.80008        56.2136        4.65357        6.09595        5.39989       -1334.52     /gpfs/hpu/EHT2/IHARM/MAD/MAD_a-0.5_384x192x192_IHARM/m_1_1_40/image_a-0.5_0091_17_0_230.e9_6.2e9_2.4268e+25_40.dat
        92       0.471764        3.84836        63.3959        4.90673        10.8003        8.12685        -1487.1     /gpfs/hpu/EHT2/IHARM/MAD/MAD_a-0.5_384x192x192_IHARM/m_1_1_40/image_a-0.5_0092_17_0_230.e9_6.2e9_2.4268e+25_40.dat
        93       0.582256        3.45136        55.3844        6.78019        7.43513        7.06261       -1382.42     /gpfs/hpu/EHT2/IHARM/MAD/MAD_a-0.5_384x192x192_IHARM/m_1_1_40/image_a-0.5_0093_17_0_230.e9_6.2e9_2.4268e+25_40.dat
        94       0.433599        3.40355         58.794        3.45293        12.3566        8.36562        -1475.3     /gpfs/hpu/EHT2/IHARM/MAD/MAD_a-0.5_384x192x192_IHARM/m_1_1_40/image_a-0.5_0094_17_0_230.e9_6.2e9_2.4268e+25_40.dat
        95        0.51866        3.44916        72.9797        3.98278        19.2039        12.4044       -2101.14     /gpfs/hpu/EHT2/IHARM/MAD/MAD_a-0.5_384x192x192_IHARM/m_1_1_40/image_a-0.5_0095_17_0_230.e9_6.2e9_2.4268e+25_40.dat
        96       0.387819        3.89961        112.286         6.6521        14.0942        10.7128       -1736.24     /gpfs/hpu/EHT2/IHARM/MAD/MAD_a-0.5_384x192x192_IHARM/m_1_1_40/image_a-0.5_0096_17_0_230.e9_6.2e9_2.4268e+25_40.dat
        97       0.814015        4.03304        183.986        4.08444        8.45193        6.46532       -1386.97     /gpfs/hpu/EHT2/IHARM/MAD/MAD_a-0.5_384x192x192_IHARM/m_1_1_40/image_a-0.5_0097_17_0_230.e9_6.2e9_2.4268e+25_40.dat
        98       0.484199        3.60197        141.774        11.9886        24.9242        19.0416       -2826.68     /gpfs/hpu/EHT2/IHARM/MAD/MAD_a-0.5_384x192x192_IHARM/m_1_1_40/image_a-0.5_0098_17_0_230.e9_6.2e9_2.4268e+25_40.dat
        99       0.837944        3.98097        294.977        2.92341        18.0289        11.2935       -2127.89     /gpfs/hpu/EHT2/IHARM/MAD/MAD_a-0.5_384x192x192_IHARM/m_1_1_40/image_a-0.5_0099_17_0_230.e9_6.2e9_2.4268e+25_40.dat
