   # Index         I (Jy)      M/D (uas)       PA (deg)  VA red. chisq  CP red. chisq     red. chisq     log-liklhd     FileName
         0       0.525952        3.81551        177.116        7.26976        6.61357        6.81668       -1277.37     /gpfs/hpu/EHT2/IHARM/MAD/MAD_a+0.75_384x192x192_IHARM/m_1_1_40/image_a+0.75_0000_163_0_230.e9_6.2e9_1.1383e+25_40.dat
         1        0.69443        3.51475        171.308        9.76651        16.1507        13.2009       -2213.28     /gpfs/hpu/EHT2/IHARM/MAD/MAD_a+0.75_384x192x192_IHARM/m_1_1_40/image_a+0.75_0001_163_0_230.e9_6.2e9_1.1383e+25_40.dat
         2       0.449836        3.75176        114.264        10.0705        12.2554        11.1644       -1811.66     /gpfs/hpu/EHT2/IHARM/MAD/MAD_a+0.75_384x192x192_IHARM/m_1_1_40/image_a+0.75_0002_163_0_230.e9_6.2e9_1.1383e+25_40.dat
         3       0.657866        4.03745        102.414        4.83823        6.54809        5.73116       -1132.59     /gpfs/hpu/EHT2/IHARM/MAD/MAD_a+0.75_384x192x192_IHARM/m_1_1_40/image_a+0.75_0003_163_0_230.e9_6.2e9_1.1383e+25_40.dat
         4       0.558479        4.23259        146.644         6.7025        6.04847        6.25748       -1217.08     /gpfs/hpu/EHT2/IHARM/MAD/MAD_a+0.75_384x192x192_IHARM/m_1_1_40/image_a+0.75_0004_163_0_230.e9_6.2e9_1.1383e+25_40.dat
         5       0.797141        4.33344         106.04        10.9122        8.87335        9.64566       -1629.09     /gpfs/hpu/EHT2/IHARM/MAD/MAD_a+0.75_384x192x192_IHARM/m_1_1_40/image_a+0.75_0005_163_0_230.e9_6.2e9_1.1383e+25_40.dat
         6       0.578697        3.76175        158.344        3.21656        9.24564        6.53254       -1305.28     /gpfs/hpu/EHT2/IHARM/MAD/MAD_a+0.75_384x192x192_IHARM/m_1_1_40/image_a+0.75_0006_163_0_230.e9_6.2e9_1.1383e+25_40.dat
         7        0.54767        3.99364        105.473         23.751        10.6778        16.1891       -2396.47     /gpfs/hpu/EHT2/IHARM/MAD/MAD_a+0.75_384x192x192_IHARM/m_1_1_40/image_a+0.75_0007_163_0_230.e9_6.2e9_1.1383e+25_40.dat
         8       0.660677        3.88206        73.9737        10.2853        13.8574        12.1486       -1927.26     /gpfs/hpu/EHT2/IHARM/MAD/MAD_a+0.75_384x192x192_IHARM/m_1_1_40/image_a+0.75_0008_163_0_230.e9_6.2e9_1.1383e+25_40.dat
         9       0.441162         3.6046        121.061        3.92543        11.7126        8.21113        -1468.7     /gpfs/hpu/EHT2/IHARM/MAD/MAD_a+0.75_384x192x192_IHARM/m_1_1_40/image_a+0.75_0009_163_0_230.e9_6.2e9_1.1383e+25_40.dat
        10       0.684051        4.10981        119.345        6.43553        22.6107        15.3584       -2330.68     /gpfs/hpu/EHT2/IHARM/MAD/MAD_a+0.75_384x192x192_IHARM/m_1_1_40/image_a+0.75_0010_163_0_230.e9_6.2e9_1.1383e+25_40.dat
        11       0.492025        3.71914        185.309        4.36407        12.0197        8.57126       -1498.19     /gpfs/hpu/EHT2/IHARM/MAD/MAD_a+0.75_384x192x192_IHARM/m_1_1_40/image_a+0.75_0011_163_0_230.e9_6.2e9_1.1383e+25_40.dat
        12       0.787211         3.7812        176.414        8.39088         20.106        14.8083       -2420.26     /gpfs/hpu/EHT2/IHARM/MAD/MAD_a+0.75_384x192x192_IHARM/m_1_1_40/image_a+0.75_0012_163_0_230.e9_6.2e9_1.1383e+25_40.dat
        13       0.561701        3.79517        153.267        26.2869        13.4365        18.8183       -2812.65     /gpfs/hpu/EHT2/IHARM/MAD/MAD_a+0.75_384x192x192_IHARM/m_1_1_40/image_a+0.75_0013_163_0_230.e9_6.2e9_1.1383e+25_40.dat
        14       0.488782        3.64092        160.552        17.6154        8.02143        12.0637       -1892.47     /gpfs/hpu/EHT2/IHARM/MAD/MAD_a+0.75_384x192x192_IHARM/m_1_1_40/image_a+0.75_0014_163_0_230.e9_6.2e9_1.1383e+25_40.dat
        15       0.461129        3.81781        141.403        4.48462        9.18611        7.04652       -1275.19     /gpfs/hpu/EHT2/IHARM/MAD/MAD_a+0.75_384x192x192_IHARM/m_1_1_40/image_a+0.75_0015_163_0_230.e9_6.2e9_1.1383e+25_40.dat
        16       0.556455        3.97831        223.455        10.4675        16.4824        13.6879        -2243.8     /gpfs/hpu/EHT2/IHARM/MAD/MAD_a+0.75_384x192x192_IHARM/m_1_1_40/image_a+0.75_0016_163_0_230.e9_6.2e9_1.1383e+25_40.dat
        17       0.516736        3.68476        199.508        11.0608        5.69646        7.94201        -1451.7     /gpfs/hpu/EHT2/IHARM/MAD/MAD_a+0.75_384x192x192_IHARM/m_1_1_40/image_a+0.75_0017_163_0_230.e9_6.2e9_1.1383e+25_40.dat
        18       0.482355        4.17842          186.4        4.59959          11.92        8.61742       -1461.41     /gpfs/hpu/EHT2/IHARM/MAD/MAD_a+0.75_384x192x192_IHARM/m_1_1_40/image_a+0.75_0018_163_0_230.e9_6.2e9_1.1383e+25_40.dat
        19       0.477036        4.04176        90.8241        4.91743        8.11264        6.63593       -1215.26     /gpfs/hpu/EHT2/IHARM/MAD/MAD_a+0.75_384x192x192_IHARM/m_1_1_40/image_a+0.75_0019_163_0_230.e9_6.2e9_1.1383e+25_40.dat
        20       0.399726        4.01118        137.923        4.15476        6.87256        5.61682       -1092.61     /gpfs/hpu/EHT2/IHARM/MAD/MAD_a+0.75_384x192x192_IHARM/m_1_1_40/image_a+0.75_0020_163_0_230.e9_6.2e9_1.1383e+25_40.dat
        21       0.520039        3.73135        108.867          6.295        11.0786        8.88072       -1566.51     /gpfs/hpu/EHT2/IHARM/MAD/MAD_a+0.75_384x192x192_IHARM/m_1_1_40/image_a+0.75_0021_163_0_230.e9_6.2e9_1.1383e+25_40.dat
        22       0.469301        4.17045        160.705        16.9693        25.2603        21.3776       -3068.12     /gpfs/hpu/EHT2/IHARM/MAD/MAD_a+0.75_384x192x192_IHARM/m_1_1_40/image_a+0.75_0022_163_0_230.e9_6.2e9_1.1383e+25_40.dat
        23       0.551585        3.90063        133.994        11.9384        17.5235        14.9018       -2357.89     /gpfs/hpu/EHT2/IHARM/MAD/MAD_a+0.75_384x192x192_IHARM/m_1_1_40/image_a+0.75_0023_163_0_230.e9_6.2e9_1.1383e+25_40.dat
        24       0.571137        3.60533        157.665          4.294        11.5289        8.26795        -1535.7     /gpfs/hpu/EHT2/IHARM/MAD/MAD_a+0.75_384x192x192_IHARM/m_1_1_40/image_a+0.75_0024_163_0_230.e9_6.2e9_1.1383e+25_40.dat
        25       0.919075        3.91828        154.698        11.0197        7.13222        8.72321       -1613.95     /gpfs/hpu/EHT2/IHARM/MAD/MAD_a+0.75_384x192x192_IHARM/m_1_1_40/image_a+0.75_0025_163_0_230.e9_6.2e9_1.1383e+25_40.dat
        26       0.712578        4.34629        88.8579        27.2088        18.9879        22.3051       -3206.93     /gpfs/hpu/EHT2/IHARM/MAD/MAD_a+0.75_384x192x192_IHARM/m_1_1_40/image_a+0.75_0026_163_0_230.e9_6.2e9_1.1383e+25_40.dat
        27        1.13789        3.19291       -104.073        10.4694        55.2133        35.2406       -5014.52     /gpfs/hpu/EHT2/IHARM/MAD/MAD_a+0.75_384x192x192_IHARM/m_1_1_40/image_a+0.75_0027_163_0_230.e9_6.2e9_1.1383e+25_40.dat
        28        1.37593        3.15891         192.45         17.762        10.5586        13.5388       -2468.04     /gpfs/hpu/EHT2/IHARM/MAD/MAD_a+0.75_384x192x192_IHARM/m_1_1_40/image_a+0.75_0028_163_0_230.e9_6.2e9_1.1383e+25_40.dat
        29       0.752682        3.51344        98.3219        8.46501        22.7476        16.3102       -2736.89     /gpfs/hpu/EHT2/IHARM/MAD/MAD_a+0.75_384x192x192_IHARM/m_1_1_40/image_a+0.75_0029_163_0_230.e9_6.2e9_1.1383e+25_40.dat
        30       0.514756        4.26085         160.91        5.28604        7.41032        6.40415       -1176.52     /gpfs/hpu/EHT2/IHARM/MAD/MAD_a+0.75_384x192x192_IHARM/m_1_1_40/image_a+0.75_0030_163_0_230.e9_6.2e9_1.1383e+25_40.dat
        31       0.514003        4.02166        114.579        5.10987        9.83975        7.68001       -1384.27     /gpfs/hpu/EHT2/IHARM/MAD/MAD_a+0.75_384x192x192_IHARM/m_1_1_40/image_a+0.75_0031_163_0_230.e9_6.2e9_1.1383e+25_40.dat
        32       0.674136        3.57016        189.503        11.8542        10.6736        11.0538       -2127.25     /gpfs/hpu/EHT2/IHARM/MAD/MAD_a+0.75_384x192x192_IHARM/m_1_1_40/image_a+0.75_0032_163_0_230.e9_6.2e9_1.1383e+25_40.dat
        33       0.838507         3.6976        187.323        6.01012         7.5316        6.78404       -1423.42     /gpfs/hpu/EHT2/IHARM/MAD/MAD_a+0.75_384x192x192_IHARM/m_1_1_40/image_a+0.75_0033_163_0_230.e9_6.2e9_1.1383e+25_40.dat
        34       0.957921        4.43477        197.101        14.5805        21.2443        18.1122       -2865.48     /gpfs/hpu/EHT2/IHARM/MAD/MAD_a+0.75_384x192x192_IHARM/m_1_1_40/image_a+0.75_0034_163_0_230.e9_6.2e9_1.1383e+25_40.dat
        35       0.818756        4.56351        186.992        24.7967        12.0849        17.4232       -2779.77     /gpfs/hpu/EHT2/IHARM/MAD/MAD_a+0.75_384x192x192_IHARM/m_1_1_40/image_a+0.75_0035_163_0_230.e9_6.2e9_1.1383e+25_40.dat
        36       0.493977        3.94437        156.853        4.81196        4.04537        4.32718       -952.106     /gpfs/hpu/EHT2/IHARM/MAD/MAD_a+0.75_384x192x192_IHARM/m_1_1_40/image_a+0.75_0036_163_0_230.e9_6.2e9_1.1383e+25_40.dat
        37       0.512123        4.16442        159.172        8.94442        5.71872        7.04127       -1269.96     /gpfs/hpu/EHT2/IHARM/MAD/MAD_a+0.75_384x192x192_IHARM/m_1_1_40/image_a+0.75_0037_163_0_230.e9_6.2e9_1.1383e+25_40.dat
        38       0.428412        3.77535          130.7        5.94689        7.40314        6.68528       -1225.06     /gpfs/hpu/EHT2/IHARM/MAD/MAD_a+0.75_384x192x192_IHARM/m_1_1_40/image_a+0.75_0038_163_0_230.e9_6.2e9_1.1383e+25_40.dat
        39       0.506737        3.63052        137.546         5.4105         6.3431          5.864       -1173.57     /gpfs/hpu/EHT2/IHARM/MAD/MAD_a+0.75_384x192x192_IHARM/m_1_1_40/image_a+0.75_0039_163_0_230.e9_6.2e9_1.1383e+25_40.dat
        40       0.368161        3.80341        115.575        6.38354        8.27223        7.35728          -1305     /gpfs/hpu/EHT2/IHARM/MAD/MAD_a+0.75_384x192x192_IHARM/m_1_1_40/image_a+0.75_0040_163_0_230.e9_6.2e9_1.1383e+25_40.dat
        41       0.456253        4.04623        139.095        4.16758        3.51407        3.75352       -862.644     /gpfs/hpu/EHT2/IHARM/MAD/MAD_a+0.75_384x192x192_IHARM/m_1_1_40/image_a+0.75_0041_163_0_230.e9_6.2e9_1.1383e+25_40.dat
        42       0.503926        3.99381        168.842        14.7965        7.01216        10.2859       -1735.85     /gpfs/hpu/EHT2/IHARM/MAD/MAD_a+0.75_384x192x192_IHARM/m_1_1_40/image_a+0.75_0042_163_0_230.e9_6.2e9_1.1383e+25_40.dat
        43       0.545079        4.02594        156.885        16.7583        7.88864          11.62       -1907.57     /gpfs/hpu/EHT2/IHARM/MAD/MAD_a+0.75_384x192x192_IHARM/m_1_1_40/image_a+0.75_0043_163_0_230.e9_6.2e9_1.1383e+25_40.dat
        44       0.507809        3.86943        146.975        6.90818        5.25699        5.90581       -1176.16     /gpfs/hpu/EHT2/IHARM/MAD/MAD_a+0.75_384x192x192_IHARM/m_1_1_40/image_a+0.75_0044_163_0_230.e9_6.2e9_1.1383e+25_40.dat
        45       0.444324        3.91496        175.411        3.14928        5.16823        4.23463       -997.007     /gpfs/hpu/EHT2/IHARM/MAD/MAD_a+0.75_384x192x192_IHARM/m_1_1_40/image_a+0.75_0045_163_0_230.e9_6.2e9_1.1383e+25_40.dat
        46       0.455261        4.16412        183.866        6.22598        4.78219        5.34726       -1079.73     /gpfs/hpu/EHT2/IHARM/MAD/MAD_a+0.75_384x192x192_IHARM/m_1_1_40/image_a+0.75_0046_163_0_230.e9_6.2e9_1.1383e+25_40.dat
        47       0.529056        3.71719        182.666        7.89629         11.096        9.58126       -1706.74     /gpfs/hpu/EHT2/IHARM/MAD/MAD_a+0.75_384x192x192_IHARM/m_1_1_40/image_a+0.75_0047_163_0_230.e9_6.2e9_1.1383e+25_40.dat
        48       0.557617         3.8312        185.046         7.4669        7.82026         7.5732        -1465.1     /gpfs/hpu/EHT2/IHARM/MAD/MAD_a+0.75_384x192x192_IHARM/m_1_1_40/image_a+0.75_0048_163_0_230.e9_6.2e9_1.1383e+25_40.dat
        49       0.463506        3.77926        130.603        4.14864         9.4403        7.04301       -1332.08     /gpfs/hpu/EHT2/IHARM/MAD/MAD_a+0.75_384x192x192_IHARM/m_1_1_40/image_a+0.75_0049_163_0_230.e9_6.2e9_1.1383e+25_40.dat
        50       0.460963        4.28495        196.279        5.41492        3.95382        4.53638       -949.704     /gpfs/hpu/EHT2/IHARM/MAD/MAD_a+0.75_384x192x192_IHARM/m_1_1_40/image_a+0.75_0050_163_0_230.e9_6.2e9_1.1383e+25_40.dat
        51       0.502247        4.18488        133.967        6.37955        15.2769        11.2533       -1858.61     /gpfs/hpu/EHT2/IHARM/MAD/MAD_a+0.75_384x192x192_IHARM/m_1_1_40/image_a+0.75_0051_163_0_230.e9_6.2e9_1.1383e+25_40.dat
        52       0.599641        3.99129        177.655        11.7294         6.1518        8.48385       -1584.34     /gpfs/hpu/EHT2/IHARM/MAD/MAD_a+0.75_384x192x192_IHARM/m_1_1_40/image_a+0.75_0052_163_0_230.e9_6.2e9_1.1383e+25_40.dat
        53       0.409615        3.82805        159.964         7.6791        8.49228         8.0387       -1441.16     /gpfs/hpu/EHT2/IHARM/MAD/MAD_a+0.75_384x192x192_IHARM/m_1_1_40/image_a+0.75_0053_163_0_230.e9_6.2e9_1.1383e+25_40.dat
        54       0.532081        4.03246        181.575        11.4067        5.04062         7.7263       -1402.36     /gpfs/hpu/EHT2/IHARM/MAD/MAD_a+0.75_384x192x192_IHARM/m_1_1_40/image_a+0.75_0054_163_0_230.e9_6.2e9_1.1383e+25_40.dat
        55       0.465677        4.00604        80.7657        3.91563        10.6812        7.63297       -1329.24     /gpfs/hpu/EHT2/IHARM/MAD/MAD_a+0.75_384x192x192_IHARM/m_1_1_40/image_a+0.75_0055_163_0_230.e9_6.2e9_1.1383e+25_40.dat
        56       0.431154        3.94476         170.95        6.46014        5.54529        5.87293       -1185.02     /gpfs/hpu/EHT2/IHARM/MAD/MAD_a+0.75_384x192x192_IHARM/m_1_1_40/image_a+0.75_0056_163_0_230.e9_6.2e9_1.1383e+25_40.dat
        57       0.442305        3.87392        169.136        6.47628        6.21976         6.2552       -1199.35     /gpfs/hpu/EHT2/IHARM/MAD/MAD_a+0.75_384x192x192_IHARM/m_1_1_40/image_a+0.75_0057_163_0_230.e9_6.2e9_1.1383e+25_40.dat
        58       0.429536        3.60985        178.154        3.12366        5.13401        4.20453       -962.915     /gpfs/hpu/EHT2/IHARM/MAD/MAD_a+0.75_384x192x192_IHARM/m_1_1_40/image_a+0.75_0058_163_0_230.e9_6.2e9_1.1383e+25_40.dat
        59       0.407264        3.69776        168.592        5.32998        3.44507        4.21664       -919.603     /gpfs/hpu/EHT2/IHARM/MAD/MAD_a+0.75_384x192x192_IHARM/m_1_1_40/image_a+0.75_0059_163_0_230.e9_6.2e9_1.1383e+25_40.dat
        60         0.5517        3.86422        125.309        6.05202        10.4321        8.41612       -1449.98     /gpfs/hpu/EHT2/IHARM/MAD/MAD_a+0.75_384x192x192_IHARM/m_1_1_40/image_a+0.75_0060_163_0_230.e9_6.2e9_1.1383e+25_40.dat
        61       0.425585        3.90351        136.774        8.94705        7.44867        8.00505        -1377.8     /gpfs/hpu/EHT2/IHARM/MAD/MAD_a+0.75_384x192x192_IHARM/m_1_1_40/image_a+0.75_0061_163_0_230.e9_6.2e9_1.1383e+25_40.dat
        62        0.46067        3.83754        108.444        2.42972         4.1332        3.34823       -793.665     /gpfs/hpu/EHT2/IHARM/MAD/MAD_a+0.75_384x192x192_IHARM/m_1_1_40/image_a+0.75_0062_163_0_230.e9_6.2e9_1.1383e+25_40.dat
        63       0.565765        3.83112        83.9482        3.35199        21.1941        13.2397       -2046.34     /gpfs/hpu/EHT2/IHARM/MAD/MAD_a+0.75_384x192x192_IHARM/m_1_1_40/image_a+0.75_0063_163_0_230.e9_6.2e9_1.1383e+25_40.dat
        64       0.620637        3.46582        49.8238        16.2676        19.7625        18.0155       -2643.27     /gpfs/hpu/EHT2/IHARM/MAD/MAD_a+0.75_384x192x192_IHARM/m_1_1_40/image_a+0.75_0064_163_0_230.e9_6.2e9_1.1383e+25_40.dat
        65       0.742695        4.04859        81.5312        16.1138        14.2142        14.8618        -2356.2     /gpfs/hpu/EHT2/IHARM/MAD/MAD_a+0.75_384x192x192_IHARM/m_1_1_40/image_a+0.75_0065_163_0_230.e9_6.2e9_1.1383e+25_40.dat
        66       0.715319        4.25181        21.8147        6.04774        7.19195        6.61128       -1311.37     /gpfs/hpu/EHT2/IHARM/MAD/MAD_a+0.75_384x192x192_IHARM/m_1_1_40/image_a+0.75_0066_163_0_230.e9_6.2e9_1.1383e+25_40.dat
        67       0.713617        3.87714        201.323        9.38543        15.1295        12.4682       -2084.33     /gpfs/hpu/EHT2/IHARM/MAD/MAD_a+0.75_384x192x192_IHARM/m_1_1_40/image_a+0.75_0067_163_0_230.e9_6.2e9_1.1383e+25_40.dat
        68       0.513806        3.74757        103.433        13.2826         22.316        18.1486       -2694.96     /gpfs/hpu/EHT2/IHARM/MAD/MAD_a+0.75_384x192x192_IHARM/m_1_1_40/image_a+0.75_0068_163_0_230.e9_6.2e9_1.1383e+25_40.dat
        69       0.546662          3.894        185.565        3.65619        5.52151        4.64992       -972.344     /gpfs/hpu/EHT2/IHARM/MAD/MAD_a+0.75_384x192x192_IHARM/m_1_1_40/image_a+0.75_0069_163_0_230.e9_6.2e9_1.1383e+25_40.dat
        70       0.509206        3.88281        205.469        8.09845        5.79894        6.72092       -1289.62     /gpfs/hpu/EHT2/IHARM/MAD/MAD_a+0.75_384x192x192_IHARM/m_1_1_40/image_a+0.75_0070_163_0_230.e9_6.2e9_1.1383e+25_40.dat
        71       0.480496        3.88509        198.031        8.07382        6.30992        6.99463       -1312.27     /gpfs/hpu/EHT2/IHARM/MAD/MAD_a+0.75_384x192x192_IHARM/m_1_1_40/image_a+0.75_0071_163_0_230.e9_6.2e9_1.1383e+25_40.dat
        72       0.487504        4.02677         191.93        18.0436        7.01832        11.6903          -1904     /gpfs/hpu/EHT2/IHARM/MAD/MAD_a+0.75_384x192x192_IHARM/m_1_1_40/image_a+0.75_0072_163_0_230.e9_6.2e9_1.1383e+25_40.dat
        73        0.37604         3.9691        157.214         6.8007        6.50856        6.55587       -1199.85     /gpfs/hpu/EHT2/IHARM/MAD/MAD_a+0.75_384x192x192_IHARM/m_1_1_40/image_a+0.75_0073_163_0_230.e9_6.2e9_1.1383e+25_40.dat
        74       0.421392        3.92214        191.249        10.8753         7.4217        8.82197       -1527.03     /gpfs/hpu/EHT2/IHARM/MAD/MAD_a+0.75_384x192x192_IHARM/m_1_1_40/image_a+0.75_0074_163_0_230.e9_6.2e9_1.1383e+25_40.dat
        75       0.460996        4.03676        135.583        8.40668        12.4661        10.5639       -1754.27     /gpfs/hpu/EHT2/IHARM/MAD/MAD_a+0.75_384x192x192_IHARM/m_1_1_40/image_a+0.75_0075_163_0_230.e9_6.2e9_1.1383e+25_40.dat
        76       0.463623         3.9643        177.845        16.4247        12.6024        14.0991       -2223.74     /gpfs/hpu/EHT2/IHARM/MAD/MAD_a+0.75_384x192x192_IHARM/m_1_1_40/image_a+0.75_0076_163_0_230.e9_6.2e9_1.1383e+25_40.dat
        77       0.392679        3.98252        114.509        15.3628         18.041        16.6673       -2501.83     /gpfs/hpu/EHT2/IHARM/MAD/MAD_a+0.75_384x192x192_IHARM/m_1_1_40/image_a+0.75_0077_163_0_230.e9_6.2e9_1.1383e+25_40.dat
        78       0.460189         3.8293         133.05        10.0077        8.11095        8.83118       -1532.72     /gpfs/hpu/EHT2/IHARM/MAD/MAD_a+0.75_384x192x192_IHARM/m_1_1_40/image_a+0.75_0078_163_0_230.e9_6.2e9_1.1383e+25_40.dat
        79       0.443861        3.83381        127.244        3.36619        3.45991        3.37762       -805.455     /gpfs/hpu/EHT2/IHARM/MAD/MAD_a+0.75_384x192x192_IHARM/m_1_1_40/image_a+0.75_0079_163_0_230.e9_6.2e9_1.1383e+25_40.dat
        80       0.564889        3.79715        99.5935        6.40331        5.39541          5.765       -1123.88     /gpfs/hpu/EHT2/IHARM/MAD/MAD_a+0.75_384x192x192_IHARM/m_1_1_40/image_a+0.75_0080_163_0_230.e9_6.2e9_1.1383e+25_40.dat
        81       0.481344        3.50763        178.952        2.02538        10.1359        6.51399       -1263.15     /gpfs/hpu/EHT2/IHARM/MAD/MAD_a+0.75_384x192x192_IHARM/m_1_1_40/image_a+0.75_0081_163_0_230.e9_6.2e9_1.1383e+25_40.dat
        82       0.663012         3.5004        139.563        4.76888        4.01469        4.29152        -1018.2     /gpfs/hpu/EHT2/IHARM/MAD/MAD_a+0.75_384x192x192_IHARM/m_1_1_40/image_a+0.75_0082_163_0_230.e9_6.2e9_1.1383e+25_40.dat
        83       0.652179        3.81575        107.181        9.73096        3.91842        6.37885       -1278.45     /gpfs/hpu/EHT2/IHARM/MAD/MAD_a+0.75_384x192x192_IHARM/m_1_1_40/image_a+0.75_0083_163_0_230.e9_6.2e9_1.1383e+25_40.dat
        84        1.01975        4.10224        169.596        9.98739        14.9741        12.6415       -2318.93     /gpfs/hpu/EHT2/IHARM/MAD/MAD_a+0.75_384x192x192_IHARM/m_1_1_40/image_a+0.75_0084_163_0_230.e9_6.2e9_1.1383e+25_40.dat
        85        0.78803        4.02593        142.003        8.55639        11.4755        10.0772       -1728.57     /gpfs/hpu/EHT2/IHARM/MAD/MAD_a+0.75_384x192x192_IHARM/m_1_1_40/image_a+0.75_0085_163_0_230.e9_6.2e9_1.1383e+25_40.dat
        86       0.578015        3.57937        122.893        8.71811        11.2001        9.99378       -1750.93     /gpfs/hpu/EHT2/IHARM/MAD/MAD_a+0.75_384x192x192_IHARM/m_1_1_40/image_a+0.75_0086_163_0_230.e9_6.2e9_1.1383e+25_40.dat
        87       0.691959        3.93621        189.307        5.83105        9.25115        7.66363       -1425.05     /gpfs/hpu/EHT2/IHARM/MAD/MAD_a+0.75_384x192x192_IHARM/m_1_1_40/image_a+0.75_0087_163_0_230.e9_6.2e9_1.1383e+25_40.dat
        88       0.503386        3.78146        180.116        6.79162        5.31387        5.88716       -1149.13     /gpfs/hpu/EHT2/IHARM/MAD/MAD_a+0.75_384x192x192_IHARM/m_1_1_40/image_a+0.75_0088_163_0_230.e9_6.2e9_1.1383e+25_40.dat
        89       0.449996        3.85769        104.851        4.06513        10.5259        7.61104       -1345.36     /gpfs/hpu/EHT2/IHARM/MAD/MAD_a+0.75_384x192x192_IHARM/m_1_1_40/image_a+0.75_0089_163_0_230.e9_6.2e9_1.1383e+25_40.dat
        90       0.585289        3.87059         187.22        15.3443         9.4986        11.9058       -1993.01     /gpfs/hpu/EHT2/IHARM/MAD/MAD_a+0.75_384x192x192_IHARM/m_1_1_40/image_a+0.75_0090_163_0_230.e9_6.2e9_1.1383e+25_40.dat
        91       0.490209        4.07051       -217.171        10.2665        6.57395         8.0876       -1473.24     /gpfs/hpu/EHT2/IHARM/MAD/MAD_a+0.75_384x192x192_IHARM/m_1_1_40/image_a+0.75_0091_163_0_230.e9_6.2e9_1.1383e+25_40.dat
        92       0.470211          4.032       -214.595        4.69601         3.8245        4.15425       -966.511     /gpfs/hpu/EHT2/IHARM/MAD/MAD_a+0.75_384x192x192_IHARM/m_1_1_40/image_a+0.75_0092_163_0_230.e9_6.2e9_1.1383e+25_40.dat
        93       0.430942        3.93442       -236.614         3.8634        3.02174        3.34832       -791.427     /gpfs/hpu/EHT2/IHARM/MAD/MAD_a+0.75_384x192x192_IHARM/m_1_1_40/image_a+0.75_0093_163_0_230.e9_6.2e9_1.1383e+25_40.dat
        94       0.472557        3.97792       -188.405        7.72865        4.75375        5.97977       -1197.41     /gpfs/hpu/EHT2/IHARM/MAD/MAD_a+0.75_384x192x192_IHARM/m_1_1_40/image_a+0.75_0094_163_0_230.e9_6.2e9_1.1383e+25_40.dat
        95       0.438489         3.9254       -197.466        9.97259        5.23826        7.21753       -1314.14     /gpfs/hpu/EHT2/IHARM/MAD/MAD_a+0.75_384x192x192_IHARM/m_1_1_40/image_a+0.75_0095_163_0_230.e9_6.2e9_1.1383e+25_40.dat
        96       0.389891        3.74663       -213.691        3.71907        4.53608        4.12871       -897.418     /gpfs/hpu/EHT2/IHARM/MAD/MAD_a+0.75_384x192x192_IHARM/m_1_1_40/image_a+0.75_0096_163_0_230.e9_6.2e9_1.1383e+25_40.dat
        97       0.450706        3.75068       -183.297        10.3697        7.38081        8.58108       -1480.02     /gpfs/hpu/EHT2/IHARM/MAD/MAD_a+0.75_384x192x192_IHARM/m_1_1_40/image_a+0.75_0097_163_0_230.e9_6.2e9_1.1383e+25_40.dat
        98       0.669708        3.81234       -174.961        17.5991        6.09591        10.9852       -1825.12     /gpfs/hpu/EHT2/IHARM/MAD/MAD_a+0.75_384x192x192_IHARM/m_1_1_40/image_a+0.75_0098_163_0_230.e9_6.2e9_1.1383e+25_40.dat
        99       0.591427        3.89382        -225.32        4.75397        9.10909        7.11987       -1326.55     /gpfs/hpu/EHT2/IHARM/MAD/MAD_a+0.75_384x192x192_IHARM/m_1_1_40/image_a+0.75_0099_163_0_230.e9_6.2e9_1.1383e+25_40.dat
