   # Index         I (Jy)      M/D (uas)       PA (deg)  VA red. chisq  CP red. chisq     red. chisq     log-liklhd     FileName
         0       0.410038        2.97135        78.8876        5.48682         6.1522         5.7907       -1094.75     /gpfs/hpu/EHT2/IHARM/SANE/SANE_a0_288x128x128_IHARM/m_1_1_40/image_a0_1000_163_0_230.e9_6.2e9_5.65676e+29_40.dat
         1        0.41042        2.90449        64.9109        5.83093        13.7604        10.1727       -1636.03     /gpfs/hpu/EHT2/IHARM/SANE/SANE_a0_288x128x128_IHARM/m_1_1_40/image_a0_1010_163_0_230.e9_6.2e9_5.65676e+29_40.dat
         2       0.408531        2.88436       -203.941        4.90899        10.4171        7.91462       -1460.69     /gpfs/hpu/EHT2/IHARM/SANE/SANE_a0_288x128x128_IHARM/m_1_1_40/image_a0_1020_163_0_230.e9_6.2e9_5.65676e+29_40.dat
         3       0.384868        3.10244       -245.693        5.21277        5.82022        5.48773       -1086.34     /gpfs/hpu/EHT2/IHARM/SANE/SANE_a0_288x128x128_IHARM/m_1_1_40/image_a0_1030_163_0_230.e9_6.2e9_5.65676e+29_40.dat
         4       0.811032        3.30165       -180.035        5.51625         27.717        17.8032       -2914.16     /gpfs/hpu/EHT2/IHARM/SANE/SANE_a0_288x128x128_IHARM/m_1_1_40/image_a0_1040_163_0_230.e9_6.2e9_5.65676e+29_40.dat
         5       0.442094        2.97158       -206.027        2.12969        5.82363        4.15943       -971.485     /gpfs/hpu/EHT2/IHARM/SANE/SANE_a0_288x128x128_IHARM/m_1_1_40/image_a0_1050_163_0_230.e9_6.2e9_5.65676e+29_40.dat
         6       0.461392        3.02577       -227.588        7.09371        3.73125        5.13685       -1068.94     /gpfs/hpu/EHT2/IHARM/SANE/SANE_a0_288x128x128_IHARM/m_1_1_40/image_a0_1060_163_0_230.e9_6.2e9_5.65676e+29_40.dat
         7       0.514919        3.12151       -205.201        3.62214        6.13761        4.97806       -1035.06     /gpfs/hpu/EHT2/IHARM/SANE/SANE_a0_288x128x128_IHARM/m_1_1_40/image_a0_1070_163_0_230.e9_6.2e9_5.65676e+29_40.dat
         8       0.481285        2.94974       -188.152        6.73452        4.26627        5.27959       -1118.64     /gpfs/hpu/EHT2/IHARM/SANE/SANE_a0_288x128x128_IHARM/m_1_1_40/image_a0_1080_163_0_230.e9_6.2e9_5.65676e+29_40.dat
         9       0.464409        3.01295       -229.157        1.30931        4.36004        2.99105       -794.391     /gpfs/hpu/EHT2/IHARM/SANE/SANE_a0_288x128x128_IHARM/m_1_1_40/image_a0_1090_163_0_230.e9_6.2e9_5.65676e+29_40.dat
        10       0.511589        2.94663        -195.11        2.88383        18.3621        11.4618       -1940.84     /gpfs/hpu/EHT2/IHARM/SANE/SANE_a0_288x128x128_IHARM/m_1_1_40/image_a0_1100_163_0_230.e9_6.2e9_5.65676e+29_40.dat
        11       0.402416        3.01452       -268.806        5.89331        7.16403        6.52911          -1187     /gpfs/hpu/EHT2/IHARM/SANE/SANE_a0_288x128x128_IHARM/m_1_1_40/image_a0_1110_163_0_230.e9_6.2e9_5.65676e+29_40.dat
        12       0.427853         2.9998       -242.315        3.57217        5.73249        4.73107       -990.048     /gpfs/hpu/EHT2/IHARM/SANE/SANE_a0_288x128x128_IHARM/m_1_1_40/image_a0_1120_163_0_230.e9_6.2e9_5.65676e+29_40.dat
        13       0.426956        2.91871       -227.148         6.4368         12.571        9.77232       -1639.42     /gpfs/hpu/EHT2/IHARM/SANE/SANE_a0_288x128x128_IHARM/m_1_1_40/image_a0_1130_163_0_230.e9_6.2e9_5.65676e+29_40.dat
        14       0.440858        3.22912       -193.067        2.82565        5.63934        4.35715       -970.592     /gpfs/hpu/EHT2/IHARM/SANE/SANE_a0_288x128x128_IHARM/m_1_1_40/image_a0_1140_163_0_230.e9_6.2e9_5.65676e+29_40.dat
        15        0.46383        3.18509       -229.452        5.50211        3.61605        4.38605           -935     /gpfs/hpu/EHT2/IHARM/SANE/SANE_a0_288x128x128_IHARM/m_1_1_40/image_a0_1150_163_0_230.e9_6.2e9_5.65676e+29_40.dat
        16       0.397517        2.92763       -193.841         5.5841        5.85197        5.66561        -1126.1     /gpfs/hpu/EHT2/IHARM/SANE/SANE_a0_288x128x128_IHARM/m_1_1_40/image_a0_1160_163_0_230.e9_6.2e9_5.65676e+29_40.dat
        17       0.404093        3.01225       -232.457        2.63773          2.703        2.64214       -725.992     /gpfs/hpu/EHT2/IHARM/SANE/SANE_a0_288x128x128_IHARM/m_1_1_40/image_a0_1170_163_0_230.e9_6.2e9_5.65676e+29_40.dat
        18       0.466192        3.09427       -211.569        2.67797        5.66885        4.30985       -960.497     /gpfs/hpu/EHT2/IHARM/SANE/SANE_a0_288x128x128_IHARM/m_1_1_40/image_a0_1180_163_0_230.e9_6.2e9_5.65676e+29_40.dat
        19        0.47249        3.28892       -188.635        8.05723        4.48198        5.97031       -1161.28     /gpfs/hpu/EHT2/IHARM/SANE/SANE_a0_288x128x128_IHARM/m_1_1_40/image_a0_1190_163_0_230.e9_6.2e9_5.65676e+29_40.dat
        20        0.53626        2.85727       -249.607          7.866        3.66143        5.43121       -1076.96     /gpfs/hpu/EHT2/IHARM/SANE/SANE_a0_288x128x128_IHARM/m_1_1_40/image_a0_1200_163_0_230.e9_6.2e9_5.65676e+29_40.dat
        21       0.566064        3.10797       -200.431        6.75553        4.53809        5.43991       -1151.72     /gpfs/hpu/EHT2/IHARM/SANE/SANE_a0_288x128x128_IHARM/m_1_1_40/image_a0_1210_163_0_230.e9_6.2e9_5.65676e+29_40.dat
        22         0.3899        3.19411       -219.968        4.31808        4.43785        4.33249       -912.184     /gpfs/hpu/EHT2/IHARM/SANE/SANE_a0_288x128x128_IHARM/m_1_1_40/image_a0_1220_163_0_230.e9_6.2e9_5.65676e+29_40.dat
        23       0.390974         3.1271       -228.412        7.29097        6.90385        6.98736       -1262.06     /gpfs/hpu/EHT2/IHARM/SANE/SANE_a0_288x128x128_IHARM/m_1_1_40/image_a0_1230_163_0_230.e9_6.2e9_5.65676e+29_40.dat
        24       0.407658        3.02671        -244.19        6.15123        9.46315        7.91974       -1393.86     /gpfs/hpu/EHT2/IHARM/SANE/SANE_a0_288x128x128_IHARM/m_1_1_40/image_a0_1240_163_0_230.e9_6.2e9_5.65676e+29_40.dat
        25       0.540286        3.13492       -182.202        5.85787        3.55681        4.50658       -1000.13     /gpfs/hpu/EHT2/IHARM/SANE/SANE_a0_288x128x128_IHARM/m_1_1_40/image_a0_1250_163_0_230.e9_6.2e9_5.65676e+29_40.dat
        26       0.352955         2.8981       -256.973        7.48059        6.50246        6.84582       -1221.49     /gpfs/hpu/EHT2/IHARM/SANE/SANE_a0_288x128x128_IHARM/m_1_1_40/image_a0_1260_163_0_230.e9_6.2e9_5.65676e+29_40.dat
        27       0.769253        2.85061       -205.949        3.53304        26.6296        16.3424       -2693.49     /gpfs/hpu/EHT2/IHARM/SANE/SANE_a0_288x128x128_IHARM/m_1_1_40/image_a0_1270_163_0_230.e9_6.2e9_5.65676e+29_40.dat
        28       0.473333        3.00754       -198.672        2.31904         16.702        10.2944       -1712.82     /gpfs/hpu/EHT2/IHARM/SANE/SANE_a0_288x128x128_IHARM/m_1_1_40/image_a0_1280_163_0_230.e9_6.2e9_5.65676e+29_40.dat
        29       0.662964        3.43562       -158.977        3.62791        7.95731        5.99312       -1262.54     /gpfs/hpu/EHT2/IHARM/SANE/SANE_a0_288x128x128_IHARM/m_1_1_40/image_a0_1290_163_0_230.e9_6.2e9_5.65676e+29_40.dat
        30       0.481738        3.12639       -249.027        4.36558        4.71337         4.5063       -961.665     /gpfs/hpu/EHT2/IHARM/SANE/SANE_a0_288x128x128_IHARM/m_1_1_40/image_a0_1300_163_0_230.e9_6.2e9_5.65676e+29_40.dat
        31       0.418314        3.03011       -225.642        6.32299        4.39784        5.17525       -1022.63     /gpfs/hpu/EHT2/IHARM/SANE/SANE_a0_288x128x128_IHARM/m_1_1_40/image_a0_1310_163_0_230.e9_6.2e9_5.65676e+29_40.dat
        32        0.60513        3.24042       -212.407        4.50237        9.21267        7.06896       -1289.95     /gpfs/hpu/EHT2/IHARM/SANE/SANE_a0_288x128x128_IHARM/m_1_1_40/image_a0_1320_163_0_230.e9_6.2e9_5.65676e+29_40.dat
        33       0.424091        3.00245       -238.268        5.34156        5.30991        5.25933       -1044.94     /gpfs/hpu/EHT2/IHARM/SANE/SANE_a0_288x128x128_IHARM/m_1_1_40/image_a0_1330_163_0_230.e9_6.2e9_5.65676e+29_40.dat
        34       0.447565        3.01934       -253.501        10.4837        6.40261        8.08596       -1392.24     /gpfs/hpu/EHT2/IHARM/SANE/SANE_a0_288x128x128_IHARM/m_1_1_40/image_a0_1340_163_0_230.e9_6.2e9_5.65676e+29_40.dat
        35       0.386802        3.16619       -224.403        7.99633        16.1848        12.4561       -1945.44     /gpfs/hpu/EHT2/IHARM/SANE/SANE_a0_288x128x128_IHARM/m_1_1_40/image_a0_1350_163_0_230.e9_6.2e9_5.65676e+29_40.dat
        36       0.458693        3.00752       -246.682        7.37414        5.57952        6.28632        -1157.8     /gpfs/hpu/EHT2/IHARM/SANE/SANE_a0_288x128x128_IHARM/m_1_1_40/image_a0_1360_163_0_230.e9_6.2e9_5.65676e+29_40.dat
        37       0.487069        3.23317       -195.316        3.87527        4.40683        4.12418       -945.604     /gpfs/hpu/EHT2/IHARM/SANE/SANE_a0_288x128x128_IHARM/m_1_1_40/image_a0_1370_163_0_230.e9_6.2e9_5.65676e+29_40.dat
        38       0.524403        3.17399       -162.693        3.49309        8.20019        6.07011       -1200.58     /gpfs/hpu/EHT2/IHARM/SANE/SANE_a0_288x128x128_IHARM/m_1_1_40/image_a0_1380_163_0_230.e9_6.2e9_5.65676e+29_40.dat
        39       0.488885        2.79956       -185.671        3.19942        4.81443        4.05939       -922.223     /gpfs/hpu/EHT2/IHARM/SANE/SANE_a0_288x128x128_IHARM/m_1_1_40/image_a0_1390_163_0_230.e9_6.2e9_5.65676e+29_40.dat
        40       0.457591        3.09326       -179.731        3.68306        4.63058        4.16576       -912.573     /gpfs/hpu/EHT2/IHARM/SANE/SANE_a0_288x128x128_IHARM/m_1_1_40/image_a0_1400_163_0_230.e9_6.2e9_5.65676e+29_40.dat
        41       0.432789        2.91995       -191.187         2.8353        4.96185        3.98432       -878.574     /gpfs/hpu/EHT2/IHARM/SANE/SANE_a0_288x128x128_IHARM/m_1_1_40/image_a0_1410_163_0_230.e9_6.2e9_5.65676e+29_40.dat
        42       0.463988        3.06069       -249.457        5.22943        6.97744        6.13886       -1143.47     /gpfs/hpu/EHT2/IHARM/SANE/SANE_a0_288x128x128_IHARM/m_1_1_40/image_a0_1420_163_0_230.e9_6.2e9_5.65676e+29_40.dat
        43       0.610098        3.12027       -152.753        3.90761        6.80426        5.47219        -1172.6     /gpfs/hpu/EHT2/IHARM/SANE/SANE_a0_288x128x128_IHARM/m_1_1_40/image_a0_1430_163_0_230.e9_6.2e9_5.65676e+29_40.dat
        44       0.462518        3.14887        -165.97        4.04542         6.6142        5.42589       -1153.32     /gpfs/hpu/EHT2/IHARM/SANE/SANE_a0_288x128x128_IHARM/m_1_1_40/image_a0_1440_163_0_230.e9_6.2e9_5.65676e+29_40.dat
        45       0.521655        3.07812       -189.394        4.52266        6.02548         5.3042       -1097.85     /gpfs/hpu/EHT2/IHARM/SANE/SANE_a0_288x128x128_IHARM/m_1_1_40/image_a0_1450_163_0_230.e9_6.2e9_5.65676e+29_40.dat
        46       0.442225        3.02205       -209.617        5.94794        5.44946        5.59861       -1091.77     /gpfs/hpu/EHT2/IHARM/SANE/SANE_a0_288x128x128_IHARM/m_1_1_40/image_a0_1460_163_0_230.e9_6.2e9_5.65676e+29_40.dat
        47       0.466813        3.35999       -240.386        5.24954        7.53104        6.45558        -1187.4     /gpfs/hpu/EHT2/IHARM/SANE/SANE_a0_288x128x128_IHARM/m_1_1_40/image_a0_1470_163_0_230.e9_6.2e9_5.65676e+29_40.dat
        48       0.583371        2.90984       -184.078         8.2129        6.94905        7.41028       -1432.68     /gpfs/hpu/EHT2/IHARM/SANE/SANE_a0_288x128x128_IHARM/m_1_1_40/image_a0_1480_163_0_230.e9_6.2e9_5.65676e+29_40.dat
        49         0.5093        3.00132       -196.652        9.67578          4.822        6.85784       -1320.89     /gpfs/hpu/EHT2/IHARM/SANE/SANE_a0_288x128x128_IHARM/m_1_1_40/image_a0_1490_163_0_230.e9_6.2e9_5.65676e+29_40.dat
        50       0.414461        3.13136       -191.847        8.30389         3.4385        5.49608       -1098.86     /gpfs/hpu/EHT2/IHARM/SANE/SANE_a0_288x128x128_IHARM/m_1_1_40/image_a0_1500_163_0_230.e9_6.2e9_5.65676e+29_40.dat
        51       0.477371        3.13759       -216.364        2.75946        3.79156        3.30039       -817.949     /gpfs/hpu/EHT2/IHARM/SANE/SANE_a0_288x128x128_IHARM/m_1_1_40/image_a0_1510_163_0_230.e9_6.2e9_5.65676e+29_40.dat
        52       0.443234        3.11828       -189.799        3.70719        6.39169        5.15614       -1047.23     /gpfs/hpu/EHT2/IHARM/SANE/SANE_a0_288x128x128_IHARM/m_1_1_40/image_a0_1520_163_0_230.e9_6.2e9_5.65676e+29_40.dat
        53       0.514242        3.03895        -201.55        2.09311        4.71296        3.52561        -900.61     /gpfs/hpu/EHT2/IHARM/SANE/SANE_a0_288x128x128_IHARM/m_1_1_40/image_a0_1530_163_0_230.e9_6.2e9_5.65676e+29_40.dat
        54       0.414265        3.12203       -218.583        7.69558        6.78271        7.09452       -1268.93     /gpfs/hpu/EHT2/IHARM/SANE/SANE_a0_288x128x128_IHARM/m_1_1_40/image_a0_1540_163_0_230.e9_6.2e9_5.65676e+29_40.dat
        55       0.521932        3.13073       -214.281        4.51018        5.28149        4.88482       -1000.35     /gpfs/hpu/EHT2/IHARM/SANE/SANE_a0_288x128x128_IHARM/m_1_1_40/image_a0_1550_163_0_230.e9_6.2e9_5.65676e+29_40.dat
        56       0.425357        2.98175       -232.025        6.22047        7.90826         7.0844        -1305.9     /gpfs/hpu/EHT2/IHARM/SANE/SANE_a0_288x128x128_IHARM/m_1_1_40/image_a0_1560_163_0_230.e9_6.2e9_5.65676e+29_40.dat
        57       0.530283        2.87689       -211.387        5.36116        6.79194        6.09247       -1233.91     /gpfs/hpu/EHT2/IHARM/SANE/SANE_a0_288x128x128_IHARM/m_1_1_40/image_a0_1570_163_0_230.e9_6.2e9_5.65676e+29_40.dat
        58       0.407618        2.98587       -246.726        8.74571        4.81565        6.45303       -1173.67     /gpfs/hpu/EHT2/IHARM/SANE/SANE_a0_288x128x128_IHARM/m_1_1_40/image_a0_1580_163_0_230.e9_6.2e9_5.65676e+29_40.dat
        59       0.396951        3.07066       -224.427        4.43669        4.73945        4.55149       -956.398     /gpfs/hpu/EHT2/IHARM/SANE/SANE_a0_288x128x128_IHARM/m_1_1_40/image_a0_1590_163_0_230.e9_6.2e9_5.65676e+29_40.dat
        60       0.458294        3.15258       -203.632        3.22418        6.49334        5.00431       -1042.11     /gpfs/hpu/EHT2/IHARM/SANE/SANE_a0_288x128x128_IHARM/m_1_1_40/image_a0_1600_163_0_230.e9_6.2e9_5.65676e+29_40.dat
        61       0.533755        3.12549       -161.983        3.13265        9.28299        6.51712       -1289.65     /gpfs/hpu/EHT2/IHARM/SANE/SANE_a0_288x128x128_IHARM/m_1_1_40/image_a0_1610_163_0_230.e9_6.2e9_5.65676e+29_40.dat
        62       0.603359        3.28887       -146.999        1.53108        5.68826        3.82582       -972.054     /gpfs/hpu/EHT2/IHARM/SANE/SANE_a0_288x128x128_IHARM/m_1_1_40/image_a0_1620_163_0_230.e9_6.2e9_5.65676e+29_40.dat
        63        0.57221        3.21565       -195.998        3.78636        3.62227        3.64925       -926.608     /gpfs/hpu/EHT2/IHARM/SANE/SANE_a0_288x128x128_IHARM/m_1_1_40/image_a0_1630_163_0_230.e9_6.2e9_5.65676e+29_40.dat
        64       0.407941        3.04314       -252.028        5.88242        6.28497        6.03526       -1137.85     /gpfs/hpu/EHT2/IHARM/SANE/SANE_a0_288x128x128_IHARM/m_1_1_40/image_a0_1640_163_0_230.e9_6.2e9_5.65676e+29_40.dat
        65       0.436395        3.20386       -190.599        4.09373        5.79631        4.99161        -1019.8     /gpfs/hpu/EHT2/IHARM/SANE/SANE_a0_288x128x128_IHARM/m_1_1_40/image_a0_1650_163_0_230.e9_6.2e9_5.65676e+29_40.dat
        66       0.459475        3.20237       -199.426        5.09866        4.67713        4.80242       -1062.05     /gpfs/hpu/EHT2/IHARM/SANE/SANE_a0_288x128x128_IHARM/m_1_1_40/image_a0_1660_163_0_230.e9_6.2e9_5.65676e+29_40.dat
        67        0.46708        3.08118       -182.169        4.89045        5.53217        5.18838       -1090.79     /gpfs/hpu/EHT2/IHARM/SANE/SANE_a0_288x128x128_IHARM/m_1_1_40/image_a0_1670_163_0_230.e9_6.2e9_5.65676e+29_40.dat
        68       0.465249        3.05296       -175.553        2.17012        8.81467        5.84124       -1190.66     /gpfs/hpu/EHT2/IHARM/SANE/SANE_a0_288x128x128_IHARM/m_1_1_40/image_a0_1680_163_0_230.e9_6.2e9_5.65676e+29_40.dat
        69       0.422775        3.03565       -165.262        8.14968        5.17909        6.39811       -1244.55     /gpfs/hpu/EHT2/IHARM/SANE/SANE_a0_288x128x128_IHARM/m_1_1_40/image_a0_1690_163_0_230.e9_6.2e9_5.65676e+29_40.dat
        70       0.397766        3.04048       -162.999        4.51881        7.32059         6.0232       -1210.59     /gpfs/hpu/EHT2/IHARM/SANE/SANE_a0_288x128x128_IHARM/m_1_1_40/image_a0_1700_163_0_230.e9_6.2e9_5.65676e+29_40.dat
        71       0.608335        2.98449       -191.934        7.43264         11.669        9.70005       -1765.12     /gpfs/hpu/EHT2/IHARM/SANE/SANE_a0_288x128x128_IHARM/m_1_1_40/image_a0_1710_163_0_230.e9_6.2e9_5.65676e+29_40.dat
        72       0.397711        3.02132       -195.004        7.12817        4.15636        5.38827       -1084.62     /gpfs/hpu/EHT2/IHARM/SANE/SANE_a0_288x128x128_IHARM/m_1_1_40/image_a0_1720_163_0_230.e9_6.2e9_5.65676e+29_40.dat
        73       0.655107        3.16677       -162.365        4.73139        16.9246        11.4591       -1963.04     /gpfs/hpu/EHT2/IHARM/SANE/SANE_a0_288x128x128_IHARM/m_1_1_40/image_a0_1730_163_0_230.e9_6.2e9_5.65676e+29_40.dat
        74       0.384769        2.99644        -214.18        3.94306        16.1383        10.6814       -1769.94     /gpfs/hpu/EHT2/IHARM/SANE/SANE_a0_288x128x128_IHARM/m_1_1_40/image_a0_1740_163_0_230.e9_6.2e9_5.65676e+29_40.dat
        75       0.440884        3.10063        -228.18        4.39225        8.70306        6.73788       -1210.34     /gpfs/hpu/EHT2/IHARM/SANE/SANE_a0_288x128x128_IHARM/m_1_1_40/image_a0_1750_163_0_230.e9_6.2e9_5.65676e+29_40.dat
        76       0.487566        2.94499       -188.973        8.24906        5.81582        6.79529       -1312.65     /gpfs/hpu/EHT2/IHARM/SANE/SANE_a0_288x128x128_IHARM/m_1_1_40/image_a0_1760_163_0_230.e9_6.2e9_5.65676e+29_40.dat
        77       0.421757        3.16281       -243.833        3.02382        4.67979         3.9087       -871.802     /gpfs/hpu/EHT2/IHARM/SANE/SANE_a0_288x128x128_IHARM/m_1_1_40/image_a0_1770_163_0_230.e9_6.2e9_5.65676e+29_40.dat
        78        0.43432         3.2444       -268.724        1.67247        3.60022        2.72494       -718.381     /gpfs/hpu/EHT2/IHARM/SANE/SANE_a0_288x128x128_IHARM/m_1_1_40/image_a0_1780_163_0_230.e9_6.2e9_5.65676e+29_40.dat
        79       0.560662        2.97608       -185.382        2.85913        12.1416        7.98978       -1494.49     /gpfs/hpu/EHT2/IHARM/SANE/SANE_a0_288x128x128_IHARM/m_1_1_40/image_a0_1790_163_0_230.e9_6.2e9_5.65676e+29_40.dat
        80       0.429957        2.96595       -294.571        8.27089        15.9868        12.4644       -1983.21     /gpfs/hpu/EHT2/IHARM/SANE/SANE_a0_288x128x128_IHARM/m_1_1_40/image_a0_1800_163_0_230.e9_6.2e9_5.65676e+29_40.dat
        81       0.729781        3.27564       -102.325        3.64099        49.9198        29.3489       -4396.77     /gpfs/hpu/EHT2/IHARM/SANE/SANE_a0_288x128x128_IHARM/m_1_1_40/image_a0_1810_163_0_230.e9_6.2e9_5.65676e+29_40.dat
        82       0.432149        3.14765       -154.879        2.71593        4.85892        3.87555       -924.968     /gpfs/hpu/EHT2/IHARM/SANE/SANE_a0_288x128x128_IHARM/m_1_1_40/image_a0_1820_163_0_230.e9_6.2e9_5.65676e+29_40.dat
        83       0.406111        3.30727        -212.15        5.25792        4.72921        4.90011       -986.428     /gpfs/hpu/EHT2/IHARM/SANE/SANE_a0_288x128x128_IHARM/m_1_1_40/image_a0_1830_163_0_230.e9_6.2e9_5.65676e+29_40.dat
        84       0.547615        3.13377       -198.338        4.19918        8.61491        6.60553        -1246.2     /gpfs/hpu/EHT2/IHARM/SANE/SANE_a0_288x128x128_IHARM/m_1_1_40/image_a0_1840_163_0_230.e9_6.2e9_5.65676e+29_40.dat
        85       0.598552         3.1579       -202.939         12.152        4.14864        7.55153       -1427.74     /gpfs/hpu/EHT2/IHARM/SANE/SANE_a0_288x128x128_IHARM/m_1_1_40/image_a0_1850_163_0_230.e9_6.2e9_5.65676e+29_40.dat
        86       0.499125        3.00929       -229.876        5.77148        4.77877        5.14927       -1064.92     /gpfs/hpu/EHT2/IHARM/SANE/SANE_a0_288x128x128_IHARM/m_1_1_40/image_a0_1860_163_0_230.e9_6.2e9_5.65676e+29_40.dat
        87       0.510523        3.03597         -182.3        8.76528        4.31276        6.18164       -1244.52     /gpfs/hpu/EHT2/IHARM/SANE/SANE_a0_288x128x128_IHARM/m_1_1_40/image_a0_1870_163_0_230.e9_6.2e9_5.65676e+29_40.dat
        88       0.387642        2.96067       -263.587        12.0401        6.29447        8.69729       -1462.01     /gpfs/hpu/EHT2/IHARM/SANE/SANE_a0_288x128x128_IHARM/m_1_1_40/image_a0_1880_163_0_230.e9_6.2e9_5.65676e+29_40.dat
        89       0.439515         2.9003       -286.366        7.74146        8.24783        7.92959       -1368.93     /gpfs/hpu/EHT2/IHARM/SANE/SANE_a0_288x128x128_IHARM/m_1_1_40/image_a0_1890_163_0_230.e9_6.2e9_5.65676e+29_40.dat
        90       0.626362        3.14231        -185.95        2.35471        14.3065         8.9768       -1654.75     /gpfs/hpu/EHT2/IHARM/SANE/SANE_a0_288x128x128_IHARM/m_1_1_40/image_a0_1900_163_0_230.e9_6.2e9_5.65676e+29_40.dat
        91       0.479701        3.12183        -179.64        3.78107         6.6631        5.33904       -1088.38     /gpfs/hpu/EHT2/IHARM/SANE/SANE_a0_288x128x128_IHARM/m_1_1_40/image_a0_1910_163_0_230.e9_6.2e9_5.65676e+29_40.dat
        92       0.478021        3.08761       -195.215        2.67156        5.40224        4.15873       -947.799     /gpfs/hpu/EHT2/IHARM/SANE/SANE_a0_288x128x128_IHARM/m_1_1_40/image_a0_1920_163_0_230.e9_6.2e9_5.65676e+29_40.dat
        93       0.543933        2.93639       -205.481        3.16625        23.6675        14.5359       -2303.34     /gpfs/hpu/EHT2/IHARM/SANE/SANE_a0_288x128x128_IHARM/m_1_1_40/image_a0_1930_163_0_230.e9_6.2e9_5.65676e+29_40.dat
        94       0.442576        2.99449       -190.591        3.41405        3.30766        3.31355       -822.495     /gpfs/hpu/EHT2/IHARM/SANE/SANE_a0_288x128x128_IHARM/m_1_1_40/image_a0_1940_163_0_230.e9_6.2e9_5.65676e+29_40.dat
        95       0.528496        3.04334       -194.492        5.96341        3.72387        4.64507       -1041.03     /gpfs/hpu/EHT2/IHARM/SANE/SANE_a0_288x128x128_IHARM/m_1_1_40/image_a0_1950_163_0_230.e9_6.2e9_5.65676e+29_40.dat
        96       0.443445        3.09924       -198.874        2.37231         4.3914        3.46714       -839.325     /gpfs/hpu/EHT2/IHARM/SANE/SANE_a0_288x128x128_IHARM/m_1_1_40/image_a0_1960_163_0_230.e9_6.2e9_5.65676e+29_40.dat
        97       0.425737        2.90023       -217.868        5.43598        4.45351        4.82352       -1030.58     /gpfs/hpu/EHT2/IHARM/SANE/SANE_a0_288x128x128_IHARM/m_1_1_40/image_a0_1970_163_0_230.e9_6.2e9_5.65676e+29_40.dat
        98       0.630322         2.9502        -187.12        5.97076        4.37399        5.01001       -1108.59     /gpfs/hpu/EHT2/IHARM/SANE/SANE_a0_288x128x128_IHARM/m_1_1_40/image_a0_1980_163_0_230.e9_6.2e9_5.65676e+29_40.dat
        99       0.399159        2.94324       -204.663        4.02348         5.3927        4.73671       -973.562     /gpfs/hpu/EHT2/IHARM/SANE/SANE_a0_288x128x128_IHARM/m_1_1_40/image_a0_1990_163_0_230.e9_6.2e9_5.65676e+29_40.dat
