   # Index         I (Jy)      M/D (uas)       PA (deg)  VA red. chisq  CP red. chisq     red. chisq     log-liklhd     FileName
         0        1.12215        3.00709       -137.565        8.91781        12.5276        10.8186       -2291.83     /gpfs/hpu/EHT2/IHARM/MAD/MAD_a-0.5_384x192x192_IHARM/m_1_1_20/image_a-0.5_0000_17_0_230.e9_6.2e9_1.9387e+25_20.dat
         1        1.08796        2.78545       -131.967        7.46434        19.4859        14.0634       -2350.81     /gpfs/hpu/EHT2/IHARM/MAD/MAD_a-0.5_384x192x192_IHARM/m_1_1_20/image_a-0.5_0001_17_0_230.e9_6.2e9_1.9387e+25_20.dat
         2       0.921972        3.89619       -220.823        8.32212        35.3251        23.2473       -3718.02     /gpfs/hpu/EHT2/IHARM/MAD/MAD_a-0.5_384x192x192_IHARM/m_1_1_20/image_a-0.5_0002_17_0_230.e9_6.2e9_1.9387e+25_20.dat
         3        1.02847         3.5752       -205.359        13.8152        33.2924        24.4862       -4390.43     /gpfs/hpu/EHT2/IHARM/MAD/MAD_a-0.5_384x192x192_IHARM/m_1_1_20/image_a-0.5_0003_17_0_230.e9_6.2e9_1.9387e+25_20.dat
         4          1.087        3.95429       -236.683        9.41097        33.6301        22.7739       -3272.66     /gpfs/hpu/EHT2/IHARM/MAD/MAD_a-0.5_384x192x192_IHARM/m_1_1_20/image_a-0.5_0004_17_0_230.e9_6.2e9_1.9387e+25_20.dat
         5       0.880977        4.47502       -264.284        7.27101        42.8972        27.0073       -5111.17     /gpfs/hpu/EHT2/IHARM/MAD/MAD_a-0.5_384x192x192_IHARM/m_1_1_20/image_a-0.5_0005_17_0_230.e9_6.2e9_1.9387e+25_20.dat
         6        1.09658        3.88733       -124.045         16.246        23.2228        19.9317       -3292.41     /gpfs/hpu/EHT2/IHARM/MAD/MAD_a-0.5_384x192x192_IHARM/m_1_1_20/image_a-0.5_0006_17_0_230.e9_6.2e9_1.9387e+25_20.dat
         7       0.681467        3.00247        181.869         7.5279        8.51799        7.98778       -1482.23     /gpfs/hpu/EHT2/IHARM/MAD/MAD_a-0.5_384x192x192_IHARM/m_1_1_20/image_a-0.5_0007_17_0_230.e9_6.2e9_1.9387e+25_20.dat
         8       0.646302        3.55832        203.191        11.2761        11.8231        11.4441       -1891.31     /gpfs/hpu/EHT2/IHARM/MAD/MAD_a-0.5_384x192x192_IHARM/m_1_1_20/image_a-0.5_0008_17_0_230.e9_6.2e9_1.9387e+25_20.dat
         9       0.739879         3.5522        271.636        4.22156        6.90764        5.66517       -1155.65     /gpfs/hpu/EHT2/IHARM/MAD/MAD_a-0.5_384x192x192_IHARM/m_1_1_20/image_a-0.5_0009_17_0_230.e9_6.2e9_1.9387e+25_20.dat
        10       0.613244        3.56043        246.821        6.17276        17.2589         12.267       -1961.93     /gpfs/hpu/EHT2/IHARM/MAD/MAD_a-0.5_384x192x192_IHARM/m_1_1_20/image_a-0.5_0010_17_0_230.e9_6.2e9_1.9387e+25_20.dat
        11        1.11223        3.33179        264.458        9.13118        21.2852        15.7839       -2698.42     /gpfs/hpu/EHT2/IHARM/MAD/MAD_a-0.5_384x192x192_IHARM/m_1_1_20/image_a-0.5_0011_17_0_230.e9_6.2e9_1.9387e+25_20.dat
        12        0.57297        3.33714        359.999        7.72199        23.3799        16.3414       -2420.46     /gpfs/hpu/EHT2/IHARM/MAD/MAD_a-0.5_384x192x192_IHARM/m_1_1_20/image_a-0.5_0012_17_0_230.e9_6.2e9_1.9387e+25_20.dat
        13         1.7789        3.28043        273.283        11.2114        57.9865        37.1038        -7069.2     /gpfs/hpu/EHT2/IHARM/MAD/MAD_a-0.5_384x192x192_IHARM/m_1_1_20/image_a-0.5_0013_17_0_230.e9_6.2e9_1.9387e+25_20.dat
        14       0.553215        3.36205         319.35         7.3997        8.46893        7.90516       -1437.53     /gpfs/hpu/EHT2/IHARM/MAD/MAD_a-0.5_384x192x192_IHARM/m_1_1_20/image_a-0.5_0014_17_0_230.e9_6.2e9_1.9387e+25_20.dat
        15        1.17548        3.12794        316.031         8.2394        29.6794        20.0701       -3440.01     /gpfs/hpu/EHT2/IHARM/MAD/MAD_a-0.5_384x192x192_IHARM/m_1_1_20/image_a-0.5_0015_17_0_230.e9_6.2e9_1.9387e+25_20.dat
        16       0.821368        3.04494         328.31        5.55007        10.9412        8.48285       -1586.59     /gpfs/hpu/EHT2/IHARM/MAD/MAD_a-0.5_384x192x192_IHARM/m_1_1_20/image_a-0.5_0016_17_0_230.e9_6.2e9_1.9387e+25_20.dat
        17        1.25871        3.78872        289.564        16.4934        91.0436        57.7775       -8625.89     /gpfs/hpu/EHT2/IHARM/MAD/MAD_a-0.5_384x192x192_IHARM/m_1_1_20/image_a-0.5_0017_17_0_230.e9_6.2e9_1.9387e+25_20.dat
        18       0.511308         3.0739        335.164        18.7615        38.1614        29.3296       -4103.05     /gpfs/hpu/EHT2/IHARM/MAD/MAD_a-0.5_384x192x192_IHARM/m_1_1_20/image_a-0.5_0018_17_0_230.e9_6.2e9_1.9387e+25_20.dat
        19       0.572773        3.13206         354.83        13.8644        21.1499        17.7507       -2646.51     /gpfs/hpu/EHT2/IHARM/MAD/MAD_a-0.5_384x192x192_IHARM/m_1_1_20/image_a-0.5_0019_17_0_230.e9_6.2e9_1.9387e+25_20.dat
        20       0.635708        3.21576        309.124          11.46        13.5242          12.47       -2103.12     /gpfs/hpu/EHT2/IHARM/MAD/MAD_a-0.5_384x192x192_IHARM/m_1_1_20/image_a-0.5_0020_17_0_230.e9_6.2e9_1.9387e+25_20.dat
        21       0.613376        3.35023        358.914        4.12087        3.86979        3.93131       -967.054     /gpfs/hpu/EHT2/IHARM/MAD/MAD_a-0.5_384x192x192_IHARM/m_1_1_20/image_a-0.5_0021_17_0_230.e9_6.2e9_1.9387e+25_20.dat
        22       0.704546         3.0074        336.943        5.11121        8.17954        6.75676        -1335.5     /gpfs/hpu/EHT2/IHARM/MAD/MAD_a-0.5_384x192x192_IHARM/m_1_1_20/image_a-0.5_0022_17_0_230.e9_6.2e9_1.9387e+25_20.dat
        23       0.529702        3.13377        316.168        19.0243        45.9401        33.7715       -4709.33     /gpfs/hpu/EHT2/IHARM/MAD/MAD_a-0.5_384x192x192_IHARM/m_1_1_20/image_a-0.5_0023_17_0_230.e9_6.2e9_1.9387e+25_20.dat
        24       0.573347        3.41702        341.827        22.6367        32.3102        27.7457        -3978.8     /gpfs/hpu/EHT2/IHARM/MAD/MAD_a-0.5_384x192x192_IHARM/m_1_1_20/image_a-0.5_0024_17_0_230.e9_6.2e9_1.9387e+25_20.dat
        25       0.454706        3.03229        356.974        6.38526        7.87818        7.13876        -1276.2     /gpfs/hpu/EHT2/IHARM/MAD/MAD_a-0.5_384x192x192_IHARM/m_1_1_20/image_a-0.5_0025_17_0_230.e9_6.2e9_1.9387e+25_20.dat
        26       0.800218        3.56749        138.922        4.29593        16.2753        10.9099       -1883.08     /gpfs/hpu/EHT2/IHARM/MAD/MAD_a-0.5_384x192x192_IHARM/m_1_1_20/image_a-0.5_0026_17_0_230.e9_6.2e9_1.9387e+25_20.dat
        27       0.831203        3.43792        136.696        1.89881        10.0659        6.42044       -1343.82     /gpfs/hpu/EHT2/IHARM/MAD/MAD_a-0.5_384x192x192_IHARM/m_1_1_20/image_a-0.5_0027_17_0_230.e9_6.2e9_1.9387e+25_20.dat
        28       0.538464        3.65442        187.888        10.9108        48.0875        31.4658       -4333.81     /gpfs/hpu/EHT2/IHARM/MAD/MAD_a-0.5_384x192x192_IHARM/m_1_1_20/image_a-0.5_0028_17_0_230.e9_6.2e9_1.9387e+25_20.dat
        29       0.532453        3.30161         203.49        18.9283        11.1898        14.3932       -2194.46     /gpfs/hpu/EHT2/IHARM/MAD/MAD_a-0.5_384x192x192_IHARM/m_1_1_20/image_a-0.5_0029_17_0_230.e9_6.2e9_1.9387e+25_20.dat
        30       0.747288        3.12067        180.181        3.69488        10.2513         7.2985       -1459.51     /gpfs/hpu/EHT2/IHARM/MAD/MAD_a-0.5_384x192x192_IHARM/m_1_1_20/image_a-0.5_0030_17_0_230.e9_6.2e9_1.9387e+25_20.dat
        31        1.14142        3.25811        182.068        10.0999        10.0756         9.9642       -1969.42     /gpfs/hpu/EHT2/IHARM/MAD/MAD_a-0.5_384x192x192_IHARM/m_1_1_20/image_a-0.5_0031_17_0_230.e9_6.2e9_1.9387e+25_20.dat
        32       0.539243        3.60738        226.729        2.78962        7.67679        5.47535       -1145.61     /gpfs/hpu/EHT2/IHARM/MAD/MAD_a-0.5_384x192x192_IHARM/m_1_1_20/image_a-0.5_0032_17_0_230.e9_6.2e9_1.9387e+25_20.dat
        33       0.717176        3.78948        254.414        5.38938        15.1419         10.751       -1836.98     /gpfs/hpu/EHT2/IHARM/MAD/MAD_a-0.5_384x192x192_IHARM/m_1_1_20/image_a-0.5_0033_17_0_230.e9_6.2e9_1.9387e+25_20.dat
        34       0.521146        3.44571        223.745        4.68741        6.49517        5.63664       -1112.62     /gpfs/hpu/EHT2/IHARM/MAD/MAD_a-0.5_384x192x192_IHARM/m_1_1_20/image_a-0.5_0034_17_0_230.e9_6.2e9_1.9387e+25_20.dat
        35       0.701788        3.59692        280.768        6.97036        6.77506        6.77737        -1314.1     /gpfs/hpu/EHT2/IHARM/MAD/MAD_a-0.5_384x192x192_IHARM/m_1_1_20/image_a-0.5_0035_17_0_230.e9_6.2e9_1.9387e+25_20.dat
        36       0.572184         3.3037        287.444        5.10678        4.21684         4.5498       -1009.17     /gpfs/hpu/EHT2/IHARM/MAD/MAD_a-0.5_384x192x192_IHARM/m_1_1_20/image_a-0.5_0036_17_0_230.e9_6.2e9_1.9387e+25_20.dat
        37       0.552777        3.64381        252.281        3.41164        7.76676        5.79379       -1158.49     /gpfs/hpu/EHT2/IHARM/MAD/MAD_a-0.5_384x192x192_IHARM/m_1_1_20/image_a-0.5_0037_17_0_230.e9_6.2e9_1.9387e+25_20.dat
        38       0.538584        3.57831        301.267        6.41616        4.30143         5.1618       -1046.81     /gpfs/hpu/EHT2/IHARM/MAD/MAD_a-0.5_384x192x192_IHARM/m_1_1_20/image_a-0.5_0038_17_0_230.e9_6.2e9_1.9387e+25_20.dat
        39       0.592963        3.42063        225.858        3.92932        7.60339        5.92623       -1188.23     /gpfs/hpu/EHT2/IHARM/MAD/MAD_a-0.5_384x192x192_IHARM/m_1_1_20/image_a-0.5_0039_17_0_230.e9_6.2e9_1.9387e+25_20.dat
        40       0.666497        3.49771        239.768        7.67007         16.492        12.4863        -2069.4     /gpfs/hpu/EHT2/IHARM/MAD/MAD_a-0.5_384x192x192_IHARM/m_1_1_20/image_a-0.5_0040_17_0_230.e9_6.2e9_1.9387e+25_20.dat
        41       0.856313        3.57098        269.331        12.6592        33.6495        24.1861       -3884.64     /gpfs/hpu/EHT2/IHARM/MAD/MAD_a-0.5_384x192x192_IHARM/m_1_1_20/image_a-0.5_0041_17_0_230.e9_6.2e9_1.9387e+25_20.dat
        42       0.764077        3.59585         287.77        13.1803        45.3279        30.9094       -4490.96     /gpfs/hpu/EHT2/IHARM/MAD/MAD_a-0.5_384x192x192_IHARM/m_1_1_20/image_a-0.5_0042_17_0_230.e9_6.2e9_1.9387e+25_20.dat
        43        1.12822        3.12118        256.393        8.22869        9.59547        8.88969       -1616.78     /gpfs/hpu/EHT2/IHARM/MAD/MAD_a-0.5_384x192x192_IHARM/m_1_1_20/image_a-0.5_0043_17_0_230.e9_6.2e9_1.9387e+25_20.dat
        44       0.678483        3.23711        315.755        9.17702        18.5348        14.2732       -2248.64     /gpfs/hpu/EHT2/IHARM/MAD/MAD_a-0.5_384x192x192_IHARM/m_1_1_20/image_a-0.5_0044_17_0_230.e9_6.2e9_1.9387e+25_20.dat
        45       0.865818        3.44568        359.288        11.2601        12.7762        11.9675       -2002.94     /gpfs/hpu/EHT2/IHARM/MAD/MAD_a-0.5_384x192x192_IHARM/m_1_1_20/image_a-0.5_0045_17_0_230.e9_6.2e9_1.9387e+25_20.dat
        46       0.679435        3.56324        355.163        8.67277        13.4436        11.2226       -1889.28     /gpfs/hpu/EHT2/IHARM/MAD/MAD_a-0.5_384x192x192_IHARM/m_1_1_20/image_a-0.5_0046_17_0_230.e9_6.2e9_1.9387e+25_20.dat
        47       0.555336         3.5877        351.815         11.841         50.777        33.3638       -4817.54     /gpfs/hpu/EHT2/IHARM/MAD/MAD_a-0.5_384x192x192_IHARM/m_1_1_20/image_a-0.5_0047_17_0_230.e9_6.2e9_1.9387e+25_20.dat
        48       0.592088        3.49706        359.975        6.56214        25.9824        17.2892       -2653.11     /gpfs/hpu/EHT2/IHARM/MAD/MAD_a-0.5_384x192x192_IHARM/m_1_1_20/image_a-0.5_0048_17_0_230.e9_6.2e9_1.9387e+25_20.dat
        49         0.6279         3.5085        301.398         7.0115         191.07        109.346       -13998.2     /gpfs/hpu/EHT2/IHARM/MAD/MAD_a-0.5_384x192x192_IHARM/m_1_1_20/image_a-0.5_0049_17_0_230.e9_6.2e9_1.9387e+25_20.dat
        50       0.704941        3.99253        359.994        14.6767        169.746        100.788         -13476     /gpfs/hpu/EHT2/IHARM/MAD/MAD_a-0.5_384x192x192_IHARM/m_1_1_20/image_a-0.5_0050_17_0_230.e9_6.2e9_1.9387e+25_20.dat
        51       0.940472        3.77047         356.24        7.38143        188.143        107.877       -13983.1     /gpfs/hpu/EHT2/IHARM/MAD/MAD_a-0.5_384x192x192_IHARM/m_1_1_20/image_a-0.5_0051_17_0_230.e9_6.2e9_1.9387e+25_20.dat
        52       0.773414        3.72415        336.575        18.3784        87.8251        56.7998       -7998.46     /gpfs/hpu/EHT2/IHARM/MAD/MAD_a-0.5_384x192x192_IHARM/m_1_1_20/image_a-0.5_0052_17_0_230.e9_6.2e9_1.9387e+25_20.dat
        53       0.629267        3.59493        307.205        9.65739        49.9485        31.9606       -4546.59     /gpfs/hpu/EHT2/IHARM/MAD/MAD_a-0.5_384x192x192_IHARM/m_1_1_20/image_a-0.5_0053_17_0_230.e9_6.2e9_1.9387e+25_20.dat
        54       0.630446          3.843        331.267         11.783        47.9041        31.7401       -5310.79     /gpfs/hpu/EHT2/IHARM/MAD/MAD_a-0.5_384x192x192_IHARM/m_1_1_20/image_a-0.5_0054_17_0_230.e9_6.2e9_1.9387e+25_20.dat
        55        0.50991        3.43712        328.967        6.85123        15.0986        11.3576       -1865.36     /gpfs/hpu/EHT2/IHARM/MAD/MAD_a-0.5_384x192x192_IHARM/m_1_1_20/image_a-0.5_0055_17_0_230.e9_6.2e9_1.9387e+25_20.dat
        56       0.562689        3.55695        351.677        5.03923        25.7786        16.5188       -2578.08     /gpfs/hpu/EHT2/IHARM/MAD/MAD_a-0.5_384x192x192_IHARM/m_1_1_20/image_a-0.5_0056_17_0_230.e9_6.2e9_1.9387e+25_20.dat
        57        0.51141        3.48282        252.722        17.3492        85.2104        54.9008       -8095.35     /gpfs/hpu/EHT2/IHARM/MAD/MAD_a-0.5_384x192x192_IHARM/m_1_1_20/image_a-0.5_0057_17_0_230.e9_6.2e9_1.9387e+25_20.dat
        58       0.550328        3.64377          269.6        13.8294        42.3494        29.5321       -4122.36     /gpfs/hpu/EHT2/IHARM/MAD/MAD_a-0.5_384x192x192_IHARM/m_1_1_20/image_a-0.5_0058_17_0_230.e9_6.2e9_1.9387e+25_20.dat
        59        0.44493        3.51281        315.853        16.9611        28.8293          23.36          -3538     /gpfs/hpu/EHT2/IHARM/MAD/MAD_a-0.5_384x192x192_IHARM/m_1_1_20/image_a-0.5_0059_17_0_230.e9_6.2e9_1.9387e+25_20.dat
        60       0.584734        3.82462        296.885        4.57287        23.6377        15.1262       -2308.61     /gpfs/hpu/EHT2/IHARM/MAD/MAD_a-0.5_384x192x192_IHARM/m_1_1_20/image_a-0.5_0060_17_0_230.e9_6.2e9_1.9387e+25_20.dat
        61        1.39624        4.42105         283.01        16.6891        55.5319        38.1014       -5653.38     /gpfs/hpu/EHT2/IHARM/MAD/MAD_a-0.5_384x192x192_IHARM/m_1_1_20/image_a-0.5_0061_17_0_230.e9_6.2e9_1.9387e+25_20.dat
        62        0.48407        3.80782        73.2429        9.73725         19.936        15.2946       -2354.59     /gpfs/hpu/EHT2/IHARM/MAD/MAD_a-0.5_384x192x192_IHARM/m_1_1_20/image_a-0.5_0062_17_0_230.e9_6.2e9_1.9387e+25_20.dat
        63       0.628549        3.58711        94.0867        7.23484        11.8631        9.72271       -1784.16     /gpfs/hpu/EHT2/IHARM/MAD/MAD_a-0.5_384x192x192_IHARM/m_1_1_20/image_a-0.5_0063_17_0_230.e9_6.2e9_1.9387e+25_20.dat
        64       0.641366        3.79195        149.049        15.5649        18.4427        16.9779       -2630.79     /gpfs/hpu/EHT2/IHARM/MAD/MAD_a-0.5_384x192x192_IHARM/m_1_1_20/image_a-0.5_0064_17_0_230.e9_6.2e9_1.9387e+25_20.dat
        65       0.777397        3.27449        110.064        7.92754        20.4053        14.7749       -2543.98     /gpfs/hpu/EHT2/IHARM/MAD/MAD_a-0.5_384x192x192_IHARM/m_1_1_20/image_a-0.5_0065_17_0_230.e9_6.2e9_1.9387e+25_20.dat
        66        0.86944        3.51953        174.562        3.43909        13.0092        8.72278       -1689.71     /gpfs/hpu/EHT2/IHARM/MAD/MAD_a-0.5_384x192x192_IHARM/m_1_1_20/image_a-0.5_0066_17_0_230.e9_6.2e9_1.9387e+25_20.dat
        67       0.985783        4.11256        260.059        1.75055        8.41822        5.43961       -1181.65     /gpfs/hpu/EHT2/IHARM/MAD/MAD_a-0.5_384x192x192_IHARM/m_1_1_20/image_a-0.5_0067_17_0_230.e9_6.2e9_1.9387e+25_20.dat
        68       0.853055        3.83324        286.607        3.48141        4.65773        4.09386       -1028.02     /gpfs/hpu/EHT2/IHARM/MAD/MAD_a-0.5_384x192x192_IHARM/m_1_1_20/image_a-0.5_0068_17_0_230.e9_6.2e9_1.9387e+25_20.dat
        69       0.629323        3.95888        309.497        3.03946         6.7023        5.04088       -1172.19     /gpfs/hpu/EHT2/IHARM/MAD/MAD_a-0.5_384x192x192_IHARM/m_1_1_20/image_a-0.5_0069_17_0_230.e9_6.2e9_1.9387e+25_20.dat
        70       0.450436         3.5529        326.096        11.3665         10.036        10.4886       -1703.07     /gpfs/hpu/EHT2/IHARM/MAD/MAD_a-0.5_384x192x192_IHARM/m_1_1_20/image_a-0.5_0070_17_0_230.e9_6.2e9_1.9387e+25_20.dat
        71       0.647107        3.32048        282.874         7.0131        9.81598        8.48793       -1553.31     /gpfs/hpu/EHT2/IHARM/MAD/MAD_a-0.5_384x192x192_IHARM/m_1_1_20/image_a-0.5_0071_17_0_230.e9_6.2e9_1.9387e+25_20.dat
        72       0.584306        3.57446        282.678        15.8209        14.7689        15.0442       -2405.15     /gpfs/hpu/EHT2/IHARM/MAD/MAD_a-0.5_384x192x192_IHARM/m_1_1_20/image_a-0.5_0072_17_0_230.e9_6.2e9_1.9387e+25_20.dat
        73       0.723515         3.2487        299.685        21.1139        21.3109        20.9681       -3322.88     /gpfs/hpu/EHT2/IHARM/MAD/MAD_a-0.5_384x192x192_IHARM/m_1_1_20/image_a-0.5_0073_17_0_230.e9_6.2e9_1.9387e+25_20.dat
        74       0.448581         3.1093        315.092        12.9296        9.67003        10.9594       -1750.99     /gpfs/hpu/EHT2/IHARM/MAD/MAD_a-0.5_384x192x192_IHARM/m_1_1_20/image_a-0.5_0074_17_0_230.e9_6.2e9_1.9387e+25_20.dat
        75        0.51833        3.53864         317.94         4.6409        7.08456        5.94454       -1123.05     /gpfs/hpu/EHT2/IHARM/MAD/MAD_a-0.5_384x192x192_IHARM/m_1_1_20/image_a-0.5_0075_17_0_230.e9_6.2e9_1.9387e+25_20.dat
        76       0.663221        3.84214        303.061        8.60387        32.2408        21.6526       -3302.47     /gpfs/hpu/EHT2/IHARM/MAD/MAD_a-0.5_384x192x192_IHARM/m_1_1_20/image_a-0.5_0076_17_0_230.e9_6.2e9_1.9387e+25_20.dat
        77       0.488485        3.63498        285.744        6.06045        29.1799         18.852       -2802.76     /gpfs/hpu/EHT2/IHARM/MAD/MAD_a-0.5_384x192x192_IHARM/m_1_1_20/image_a-0.5_0077_17_0_230.e9_6.2e9_1.9387e+25_20.dat
        78        1.37011        4.59012        204.171        30.0332        178.872        112.491       -14533.7     /gpfs/hpu/EHT2/IHARM/MAD/MAD_a-0.5_384x192x192_IHARM/m_1_1_20/image_a-0.5_0078_17_0_230.e9_6.2e9_1.9387e+25_20.dat
        79         1.3788         4.4261        181.019        16.2225        44.3683         31.688       -4965.22     /gpfs/hpu/EHT2/IHARM/MAD/MAD_a-0.5_384x192x192_IHARM/m_1_1_20/image_a-0.5_0079_17_0_230.e9_6.2e9_1.9387e+25_20.dat
        80        1.32458        4.38465        186.129         11.609        51.4806        33.6552        -4985.7     /gpfs/hpu/EHT2/IHARM/MAD/MAD_a-0.5_384x192x192_IHARM/m_1_1_20/image_a-0.5_0080_17_0_230.e9_6.2e9_1.9387e+25_20.dat
        81       0.558032        3.20696        99.8958        13.6809        49.1424         33.248       -4770.08     /gpfs/hpu/EHT2/IHARM/MAD/MAD_a-0.5_384x192x192_IHARM/m_1_1_20/image_a-0.5_0081_17_0_230.e9_6.2e9_1.9387e+25_20.dat
        82        1.22055        4.15618        18.1393        14.6651         52.117        35.3279       -5108.68     /gpfs/hpu/EHT2/IHARM/MAD/MAD_a-0.5_384x192x192_IHARM/m_1_1_20/image_a-0.5_0082_17_0_230.e9_6.2e9_1.9387e+25_20.dat
        83       0.680203         3.4236        17.3229         14.748        32.4157        24.4008        -3627.6     /gpfs/hpu/EHT2/IHARM/MAD/MAD_a-0.5_384x192x192_IHARM/m_1_1_20/image_a-0.5_0083_17_0_230.e9_6.2e9_1.9387e+25_20.dat
        84       0.798207         3.2523        14.9952        11.7479        21.6713        17.1277       -2727.69     /gpfs/hpu/EHT2/IHARM/MAD/MAD_a-0.5_384x192x192_IHARM/m_1_1_20/image_a-0.5_0084_17_0_230.e9_6.2e9_1.9387e+25_20.dat
        85       0.755968        3.64445        43.6986        9.71619         27.229        19.3437       -2989.13     /gpfs/hpu/EHT2/IHARM/MAD/MAD_a-0.5_384x192x192_IHARM/m_1_1_20/image_a-0.5_0085_17_0_230.e9_6.2e9_1.9387e+25_20.dat
        86       0.567034        3.39041        55.1634        4.31584        18.4346          12.12       -2038.79     /gpfs/hpu/EHT2/IHARM/MAD/MAD_a-0.5_384x192x192_IHARM/m_1_1_20/image_a-0.5_0086_17_0_230.e9_6.2e9_1.9387e+25_20.dat
        87       0.536305        3.57868        62.0062        10.5138        32.1099        22.4038        -3261.2     /gpfs/hpu/EHT2/IHARM/MAD/MAD_a-0.5_384x192x192_IHARM/m_1_1_20/image_a-0.5_0087_17_0_230.e9_6.2e9_1.9387e+25_20.dat
        88       0.908884        3.35532        55.0173        13.3712        32.4873        23.8466       -3659.34     /gpfs/hpu/EHT2/IHARM/MAD/MAD_a-0.5_384x192x192_IHARM/m_1_1_20/image_a-0.5_0088_17_0_230.e9_6.2e9_1.9387e+25_20.dat
        89       0.504699         3.2794        25.0784        5.20877        7.30324        6.31123       -1208.21     /gpfs/hpu/EHT2/IHARM/MAD/MAD_a-0.5_384x192x192_IHARM/m_1_1_20/image_a-0.5_0089_17_0_230.e9_6.2e9_1.9387e+25_20.dat
        90       0.485158        3.71999        27.9947         2.5264        6.95869        4.96219       -1009.36     /gpfs/hpu/EHT2/IHARM/MAD/MAD_a-0.5_384x192x192_IHARM/m_1_1_20/image_a-0.5_0090_17_0_230.e9_6.2e9_1.9387e+25_20.dat
        91         0.8317        3.79676        58.7003        3.17219        5.06113        4.18492        -1112.6     /gpfs/hpu/EHT2/IHARM/MAD/MAD_a-0.5_384x192x192_IHARM/m_1_1_20/image_a-0.5_0091_17_0_230.e9_6.2e9_1.9387e+25_20.dat
        92       0.441708        3.85093        61.9649        5.58974        10.5806        8.29927       -1481.92     /gpfs/hpu/EHT2/IHARM/MAD/MAD_a-0.5_384x192x192_IHARM/m_1_1_20/image_a-0.5_0092_17_0_230.e9_6.2e9_1.9387e+25_20.dat
        93       0.567006        3.42891        52.3613        5.91639         4.8473        5.24992       -1122.82     /gpfs/hpu/EHT2/IHARM/MAD/MAD_a-0.5_384x192x192_IHARM/m_1_1_20/image_a-0.5_0093_17_0_230.e9_6.2e9_1.9387e+25_20.dat
        94       0.460991        3.43947        51.3368        2.77618        9.24238        6.34072       -1206.11     /gpfs/hpu/EHT2/IHARM/MAD/MAD_a-0.5_384x192x192_IHARM/m_1_1_20/image_a-0.5_0094_17_0_230.e9_6.2e9_1.9387e+25_20.dat
        95       0.495119         3.5113         69.803        3.69466        13.0603        8.86152       -1609.39     /gpfs/hpu/EHT2/IHARM/MAD/MAD_a-0.5_384x192x192_IHARM/m_1_1_20/image_a-0.5_0095_17_0_230.e9_6.2e9_1.9387e+25_20.dat
        96       0.399855        3.99652        110.161        6.13215        11.3227        8.94626       -1509.98     /gpfs/hpu/EHT2/IHARM/MAD/MAD_a-0.5_384x192x192_IHARM/m_1_1_20/image_a-0.5_0096_17_0_230.e9_6.2e9_1.9387e+25_20.dat
        97       0.803249        4.12721        182.431        4.47406        16.9082        11.3389       -2015.04     /gpfs/hpu/EHT2/IHARM/MAD/MAD_a-0.5_384x192x192_IHARM/m_1_1_20/image_a-0.5_0097_17_0_230.e9_6.2e9_1.9387e+25_20.dat
        98        0.47146        3.78271        146.604           11.9        20.7792        16.6969       -2508.79     /gpfs/hpu/EHT2/IHARM/MAD/MAD_a-0.5_384x192x192_IHARM/m_1_1_20/image_a-0.5_0098_17_0_230.e9_6.2e9_1.9387e+25_20.dat
        99       0.561575        3.71551        198.489          10.25        19.3642        15.1976       -2365.18     /gpfs/hpu/EHT2/IHARM/MAD/MAD_a-0.5_384x192x192_IHARM/m_1_1_20/image_a-0.5_0099_17_0_230.e9_6.2e9_1.9387e+25_20.dat
