   # Index         I (Jy)      M/D (uas)       PA (deg)  VA red. chisq  CP red. chisq     red. chisq     log-liklhd     FileName
         0       0.456629        2.12796       -250.938        9.90602        6.96083        8.14733       -1418.93     /gpfs/hpu/EHT2020/sc_64/Sa0/m_1_1_1/image_Sa0_1000_163_0_230.e9_6.2e9_1.71743e+28_1_64.dat
         1       0.468547        2.28187       -139.911        6.88859        9.08046        8.02493       -1437.09     /gpfs/hpu/EHT2020/sc_64/Sa0/m_1_1_1/image_Sa0_1010_163_0_230.e9_6.2e9_1.71743e+28_1_64.dat
         2       0.428203        2.08381        178.078        14.4249        10.6981        12.1766       -1974.75     /gpfs/hpu/EHT2020/sc_64/Sa0/m_1_1_1/image_Sa0_1020_163_0_230.e9_6.2e9_1.71743e+28_1_64.dat
         3       0.497656        2.01973        105.666        14.5209        12.2442        13.0784       -2103.15     /gpfs/hpu/EHT2020/sc_64/Sa0/m_1_1_1/image_Sa0_1030_163_0_230.e9_6.2e9_1.71743e+28_1_64.dat
         4       0.556448        2.13159        129.126        10.0279        13.3976        11.7816       -2000.44     /gpfs/hpu/EHT2020/sc_64/Sa0/m_1_1_1/image_Sa0_1040_163_0_230.e9_6.2e9_1.71743e+28_1_64.dat
         5       0.560295         2.1682        194.955        17.3078        8.89385        12.4165       -2015.89     /gpfs/hpu/EHT2020/sc_64/Sa0/m_1_1_1/image_Sa0_1050_163_0_230.e9_6.2e9_1.71743e+28_1_64.dat
         6       0.437784        2.13814        153.141        13.9389        6.21534        9.47248       -1563.54     /gpfs/hpu/EHT2020/sc_64/Sa0/m_1_1_1/image_Sa0_1060_163_0_230.e9_6.2e9_1.71743e+28_1_64.dat
         7       0.497631        2.05218        195.382        14.1554        9.89898        11.6157       -1937.48     /gpfs/hpu/EHT2020/sc_64/Sa0/m_1_1_1/image_Sa0_1070_163_0_230.e9_6.2e9_1.71743e+28_1_64.dat
         8       0.583587        2.15181        182.988        29.1754        9.40114         17.819       -2725.97     /gpfs/hpu/EHT2020/sc_64/Sa0/m_1_1_1/image_Sa0_1080_163_0_230.e9_6.2e9_1.71743e+28_1_64.dat
         9       0.437237        2.19159       -278.926        9.71369        9.00516        9.20192       -1530.83     /gpfs/hpu/EHT2020/sc_64/Sa0/m_1_1_1/image_Sa0_1090_163_0_230.e9_6.2e9_1.71743e+28_1_64.dat
        10        0.69309        2.01079       -229.501        8.89659        6.29829        7.34314        -1468.7     /gpfs/hpu/EHT2020/sc_64/Sa0/m_1_1_1/image_Sa0_1100_163_0_230.e9_6.2e9_1.71743e+28_1_64.dat
        11       0.880519        2.07372       -167.695        15.9354        5.45264        9.90949       -1793.85     /gpfs/hpu/EHT2020/sc_64/Sa0/m_1_1_1/image_Sa0_1110_163_0_230.e9_6.2e9_1.71743e+28_1_64.dat
        12       0.450402        1.90334       -244.987        14.0288        12.1891        12.8354       -2029.08     /gpfs/hpu/EHT2020/sc_64/Sa0/m_1_1_1/image_Sa0_1120_163_0_230.e9_6.2e9_1.71743e+28_1_64.dat
        13       0.407939        2.01348       -229.855        7.91201        9.33452        8.60786       -1506.56     /gpfs/hpu/EHT2020/sc_64/Sa0/m_1_1_1/image_Sa0_1130_163_0_230.e9_6.2e9_1.71743e+28_1_64.dat
        14       0.597144        2.20991       -244.916        14.0473        15.4496        14.6577       -2302.27     /gpfs/hpu/EHT2020/sc_64/Sa0/m_1_1_1/image_Sa0_1140_163_0_230.e9_6.2e9_1.71743e+28_1_64.dat
        15       0.534315        2.33378       -205.436         27.994        11.9365        18.7201       -2791.51     /gpfs/hpu/EHT2020/sc_64/Sa0/m_1_1_1/image_Sa0_1150_163_0_230.e9_6.2e9_1.71743e+28_1_64.dat
        16       0.431662        2.08832        -205.01        25.5649        9.80009        16.4833       -2478.66     /gpfs/hpu/EHT2020/sc_64/Sa0/m_1_1_1/image_Sa0_1160_163_0_230.e9_6.2e9_1.71743e+28_1_64.dat
        17       0.444749        2.14065       -291.696        2.48329        6.96976        4.94975       -1032.79     /gpfs/hpu/EHT2020/sc_64/Sa0/m_1_1_1/image_Sa0_1170_163_0_230.e9_6.2e9_1.71743e+28_1_64.dat
        18        0.54047        2.12186       -290.453        23.0697         12.645        16.9898       -2567.94     /gpfs/hpu/EHT2020/sc_64/Sa0/m_1_1_1/image_Sa0_1180_163_0_230.e9_6.2e9_1.71743e+28_1_64.dat
        19       0.646742        2.26177       -200.889        9.20198        7.83963        8.33258       -1536.01     /gpfs/hpu/EHT2020/sc_64/Sa0/m_1_1_1/image_Sa0_1190_163_0_230.e9_6.2e9_1.71743e+28_1_64.dat
        20       0.540592        2.11712       -175.807        20.5422        8.73887        13.7257       -2199.45     /gpfs/hpu/EHT2020/sc_64/Sa0/m_1_1_1/image_Sa0_1200_163_0_230.e9_6.2e9_1.71743e+28_1_64.dat
        21       0.379183        2.04427        125.396        10.3251        4.75757        7.10213       -1260.84     /gpfs/hpu/EHT2020/sc_64/Sa0/m_1_1_1/image_Sa0_1210_163_0_230.e9_6.2e9_1.71743e+28_1_64.dat
        22       0.429165        2.07388        180.769        12.5814        11.8104        12.0002       -1930.64     /gpfs/hpu/EHT2020/sc_64/Sa0/m_1_1_1/image_Sa0_1220_163_0_230.e9_6.2e9_1.71743e+28_1_64.dat
        23       0.677031         2.5134        191.991        34.3241        10.3858        20.5884       -3020.84     /gpfs/hpu/EHT2020/sc_64/Sa0/m_1_1_1/image_Sa0_1230_163_0_230.e9_6.2e9_1.71743e+28_1_64.dat
        24       0.752149        2.10505        183.865        17.7562        16.2195        16.6863       -2682.47     /gpfs/hpu/EHT2020/sc_64/Sa0/m_1_1_1/image_Sa0_1240_163_0_230.e9_6.2e9_1.71743e+28_1_64.dat
        25       0.622748        2.11072        105.994        15.3869        13.2897        14.0338       -2241.32     /gpfs/hpu/EHT2020/sc_64/Sa0/m_1_1_1/image_Sa0_1250_163_0_230.e9_6.2e9_1.71743e+28_1_64.dat
        26       0.903871        2.52041       -163.361        21.8755        10.5152        15.2894       -2450.69     /gpfs/hpu/EHT2020/sc_64/Sa0/m_1_1_1/image_Sa0_1260_163_0_230.e9_6.2e9_1.71743e+28_1_64.dat
        27       0.409278        2.30966        124.245        16.0519        10.6832        12.8703       -1996.38     /gpfs/hpu/EHT2020/sc_64/Sa0/m_1_1_1/image_Sa0_1270_163_0_230.e9_6.2e9_1.71743e+28_1_64.dat
        28       0.706184        2.24351         194.09        11.1487        7.78824         9.1439       -1698.65     /gpfs/hpu/EHT2020/sc_64/Sa0/m_1_1_1/image_Sa0_1280_163_0_230.e9_6.2e9_1.71743e+28_1_64.dat
        29       0.562222        2.37497        109.312        7.50175        19.7724         14.239       -2280.79     /gpfs/hpu/EHT2020/sc_64/Sa0/m_1_1_1/image_Sa0_1290_163_0_230.e9_6.2e9_1.71743e+28_1_64.dat
        30       0.692861        2.29272        186.567         27.692        21.9862         24.182       -3594.61     /gpfs/hpu/EHT2020/sc_64/Sa0/m_1_1_1/image_Sa0_1300_163_0_230.e9_6.2e9_1.71743e+28_1_64.dat
        31       0.496903        2.18149        91.1907        13.0147        16.1938        14.6262       -2252.88     /gpfs/hpu/EHT2020/sc_64/Sa0/m_1_1_1/image_Sa0_1310_163_0_230.e9_6.2e9_1.71743e+28_1_64.dat
        32       0.522128        2.40894         105.41        13.1736        16.6252        14.9349       -2256.57     /gpfs/hpu/EHT2020/sc_64/Sa0/m_1_1_1/image_Sa0_1320_163_0_230.e9_6.2e9_1.71743e+28_1_64.dat
        33        1.95402         6.0182        159.028        27.4031        32.2179        29.7508       -4245.59     /gpfs/hpu/EHT2020/sc_64/Sa0/m_1_1_1/image_Sa0_1330_163_0_230.e9_6.2e9_1.71743e+28_1_64.dat
        34        0.43973        2.19503        139.027        20.9113        12.6104        16.0393       -2388.41     /gpfs/hpu/EHT2020/sc_64/Sa0/m_1_1_1/image_Sa0_1340_163_0_230.e9_6.2e9_1.71743e+28_1_64.dat
        35       0.474058        2.16363        97.8273        10.0733        10.7334        10.3188       -1734.16     /gpfs/hpu/EHT2020/sc_64/Sa0/m_1_1_1/image_Sa0_1350_163_0_230.e9_6.2e9_1.71743e+28_1_64.dat
        36       0.538371        2.17284        111.852        29.6735        27.6593        28.1938       -4020.22     /gpfs/hpu/EHT2020/sc_64/Sa0/m_1_1_1/image_Sa0_1360_163_0_230.e9_6.2e9_1.71743e+28_1_64.dat
        37       0.356103        2.13072        144.473        30.2777        12.8367        20.2064       -2896.63     /gpfs/hpu/EHT2020/sc_64/Sa0/m_1_1_1/image_Sa0_1370_163_0_230.e9_6.2e9_1.71743e+28_1_64.dat
        38       0.600306        2.10435        173.093        20.0109        7.98673         13.078       -2169.87     /gpfs/hpu/EHT2020/sc_64/Sa0/m_1_1_1/image_Sa0_1380_163_0_230.e9_6.2e9_1.71743e+28_1_64.dat
        39       0.497565        2.23295        86.4888        11.2467        17.2011         14.424       -2202.87     /gpfs/hpu/EHT2020/sc_64/Sa0/m_1_1_1/image_Sa0_1390_163_0_230.e9_6.2e9_1.71743e+28_1_64.dat
        40       0.443602         2.1946        131.366        31.5233        23.6081        26.7375       -3758.84     /gpfs/hpu/EHT2020/sc_64/Sa0/m_1_1_1/image_Sa0_1400_163_0_230.e9_6.2e9_1.71743e+28_1_64.dat
        41       0.463431        2.23466        102.559        11.7865        9.82863        10.5545       -1737.84     /gpfs/hpu/EHT2020/sc_64/Sa0/m_1_1_1/image_Sa0_1410_163_0_230.e9_6.2e9_1.71743e+28_1_64.dat
        42       0.487737        2.20582          196.6        14.6792        10.7244         12.301       -1987.59     /gpfs/hpu/EHT2020/sc_64/Sa0/m_1_1_1/image_Sa0_1420_163_0_230.e9_6.2e9_1.71743e+28_1_64.dat
        43       0.396832        2.21782        211.265        17.9192        8.24089        12.3169       -1955.25     /gpfs/hpu/EHT2020/sc_64/Sa0/m_1_1_1/image_Sa0_1430_163_0_230.e9_6.2e9_1.71743e+28_1_64.dat
        44       0.437529        2.23445        101.929        19.3533        27.2005        23.4858       -3358.43     /gpfs/hpu/EHT2020/sc_64/Sa0/m_1_1_1/image_Sa0_1440_163_0_230.e9_6.2e9_1.71743e+28_1_64.dat
        45       0.409502        2.33061        192.471        33.2689          11.95        21.0035       -3040.34     /gpfs/hpu/EHT2020/sc_64/Sa0/m_1_1_1/image_Sa0_1450_163_0_230.e9_6.2e9_1.71743e+28_1_64.dat
        46       0.755019        2.22253        198.543        33.3366        15.9406        23.2533       -3490.06     /gpfs/hpu/EHT2020/sc_64/Sa0/m_1_1_1/image_Sa0_1460_163_0_230.e9_6.2e9_1.71743e+28_1_64.dat
        47       0.519111        2.60898        155.559        35.7194        19.3117        26.1572       -3724.62     /gpfs/hpu/EHT2020/sc_64/Sa0/m_1_1_1/image_Sa0_1470_163_0_230.e9_6.2e9_1.71743e+28_1_64.dat
        48       0.486016        2.06375       -203.352        20.8522         18.433        19.2538       -2969.18     /gpfs/hpu/EHT2020/sc_64/Sa0/m_1_1_1/image_Sa0_1480_163_0_230.e9_6.2e9_1.71743e+28_1_64.dat
        49       0.701145        2.89006       -166.659          35.34        18.5397         25.564       -3672.98     /gpfs/hpu/EHT2020/sc_64/Sa0/m_1_1_1/image_Sa0_1490_163_0_230.e9_6.2e9_1.71743e+28_1_64.dat
        50        0.34484        2.23692       -274.309        11.1277        25.0714        18.7521       -2745.99     /gpfs/hpu/EHT2020/sc_64/Sa0/m_1_1_1/image_Sa0_1500_163_0_230.e9_6.2e9_1.71743e+28_1_64.dat
        51       0.754264        2.33124       -185.717         13.681        11.0056        12.0268       -2032.79     /gpfs/hpu/EHT2020/sc_64/Sa0/m_1_1_1/image_Sa0_1510_163_0_230.e9_6.2e9_1.71743e+28_1_64.dat
        52       0.615615        2.36654       -147.817        19.0477        30.5576         25.222       -3821.49     /gpfs/hpu/EHT2020/sc_64/Sa0/m_1_1_1/image_Sa0_1520_163_0_230.e9_6.2e9_1.71743e+28_1_64.dat
        53       0.605709        2.42879       -187.366        40.5359        14.0675        25.3172       -3675.23     /gpfs/hpu/EHT2020/sc_64/Sa0/m_1_1_1/image_Sa0_1530_163_0_230.e9_6.2e9_1.71743e+28_1_64.dat
        54       0.536156        2.23739       -149.793        20.3254        17.2494        18.3679        -2784.6     /gpfs/hpu/EHT2020/sc_64/Sa0/m_1_1_1/image_Sa0_1540_163_0_230.e9_6.2e9_1.71743e+28_1_64.dat
        55        0.66283        2.75751       -182.344        31.8736        15.0759        22.1409       -3282.64     /gpfs/hpu/EHT2020/sc_64/Sa0/m_1_1_1/image_Sa0_1550_163_0_230.e9_6.2e9_1.71743e+28_1_64.dat
        56        0.58611        2.35575       -162.958        22.8117        15.9539        18.7197       -2954.48     /gpfs/hpu/EHT2020/sc_64/Sa0/m_1_1_1/image_Sa0_1560_163_0_230.e9_6.2e9_1.71743e+28_1_64.dat
        57       0.682466        2.74124       -193.264        35.5895         18.966        25.9088       -3861.77     /gpfs/hpu/EHT2020/sc_64/Sa0/m_1_1_1/image_Sa0_1570_163_0_230.e9_6.2e9_1.71743e+28_1_64.dat
        58       0.380796        2.13951         66.732        12.8196        7.11127         9.4881        -1589.8     /gpfs/hpu/EHT2020/sc_64/Sa0/m_1_1_1/image_Sa0_1580_163_0_230.e9_6.2e9_1.71743e+28_1_64.dat
        59       0.510863        2.04938        138.923        16.3093        11.2789        13.3128       -2121.94     /gpfs/hpu/EHT2020/sc_64/Sa0/m_1_1_1/image_Sa0_1590_163_0_230.e9_6.2e9_1.71743e+28_1_64.dat
        60       0.472954        2.05838        145.139        39.8735        24.8148        31.0117       -4406.32     /gpfs/hpu/EHT2020/sc_64/Sa0/m_1_1_1/image_Sa0_1600_163_0_230.e9_6.2e9_1.71743e+28_1_64.dat
        61       0.539244        2.48171         114.35         26.303        20.9624        23.0131       -3365.22     /gpfs/hpu/EHT2020/sc_64/Sa0/m_1_1_1/image_Sa0_1610_163_0_230.e9_6.2e9_1.71743e+28_1_64.dat
        62       0.455582        2.33879        184.008        49.6422        41.3507        44.4278       -6003.49     /gpfs/hpu/EHT2020/sc_64/Sa0/m_1_1_1/image_Sa0_1620_163_0_230.e9_6.2e9_1.71743e+28_1_64.dat
        63       0.431654        2.09861        97.4982        7.83857        17.9522        13.3715       -2099.19     /gpfs/hpu/EHT2020/sc_64/Sa0/m_1_1_1/image_Sa0_1630_163_0_230.e9_6.2e9_1.71743e+28_1_64.dat
        64       0.409474        2.13516        180.557         29.101        8.31378        17.1819       -2558.12     /gpfs/hpu/EHT2020/sc_64/Sa0/m_1_1_1/image_Sa0_1640_163_0_230.e9_6.2e9_1.71743e+28_1_64.dat
        65         0.5747        2.32865         191.22        16.8492        29.0822        23.4524       -3737.51     /gpfs/hpu/EHT2020/sc_64/Sa0/m_1_1_1/image_Sa0_1650_163_0_230.e9_6.2e9_1.71743e+28_1_64.dat
        66       0.450529        2.14913        101.581        15.0891        19.9613        17.6177       -2722.47     /gpfs/hpu/EHT2020/sc_64/Sa0/m_1_1_1/image_Sa0_1660_163_0_230.e9_6.2e9_1.71743e+28_1_64.dat
        67       0.919537        2.67086        199.408        34.6478        17.3778        24.6188       -3763.06     /gpfs/hpu/EHT2020/sc_64/Sa0/m_1_1_1/image_Sa0_1670_163_0_230.e9_6.2e9_1.71743e+28_1_64.dat
        68        0.47131        2.14633        207.832        20.6513        16.0001        17.8133       -2742.56     /gpfs/hpu/EHT2020/sc_64/Sa0/m_1_1_1/image_Sa0_1680_163_0_230.e9_6.2e9_1.71743e+28_1_64.dat
        69       0.567623        2.45499        184.914        36.4687        12.3746        22.6203       -3348.31     /gpfs/hpu/EHT2020/sc_64/Sa0/m_1_1_1/image_Sa0_1690_163_0_230.e9_6.2e9_1.71743e+28_1_64.dat
        70        0.49939        2.38991        176.199        22.9624        9.99792        15.4705       -2400.75     /gpfs/hpu/EHT2020/sc_64/Sa0/m_1_1_1/image_Sa0_1700_163_0_230.e9_6.2e9_1.71743e+28_1_64.dat
        71       0.751968        2.21048        215.429        20.8891        24.9143        22.8762       -3815.92     /gpfs/hpu/EHT2020/sc_64/Sa0/m_1_1_1/image_Sa0_1710_163_0_230.e9_6.2e9_1.71743e+28_1_64.dat
        72        1.55928         3.4058        102.232        7.59837        22.2992        15.6867       -2811.54     /gpfs/hpu/EHT2020/sc_64/Sa0/m_1_1_1/image_Sa0_1720_163_0_230.e9_6.2e9_1.71743e+28_1_64.dat
        73       0.678887         2.5076        74.1569        59.0192        91.9206        76.6133       -10430.4     /gpfs/hpu/EHT2020/sc_64/Sa0/m_1_1_1/image_Sa0_1730_163_0_230.e9_6.2e9_1.71743e+28_1_64.dat
        74       0.944534        2.36158        -141.87        17.1623         24.415        20.9905       -3342.24     /gpfs/hpu/EHT2020/sc_64/Sa0/m_1_1_1/image_Sa0_1740_163_0_230.e9_6.2e9_1.71743e+28_1_64.dat
        75        0.62372        2.36709       -159.018        22.7798         12.729        16.9115       -2645.23     /gpfs/hpu/EHT2020/sc_64/Sa0/m_1_1_1/image_Sa0_1750_163_0_230.e9_6.2e9_1.71743e+28_1_64.dat
        76       0.624472        2.35648       -158.093        31.9259         13.096        21.0618       -3239.87     /gpfs/hpu/EHT2020/sc_64/Sa0/m_1_1_1/image_Sa0_1760_163_0_230.e9_6.2e9_1.71743e+28_1_64.dat
        77       0.437791        2.23809       -212.555        36.0767        15.3889        24.1285          -3401     /gpfs/hpu/EHT2020/sc_64/Sa0/m_1_1_1/image_Sa0_1770_163_0_230.e9_6.2e9_1.71743e+28_1_64.dat
        78       0.732518        2.11932        -184.63        43.1122        10.0845        24.2124       -3549.33     /gpfs/hpu/EHT2020/sc_64/Sa0/m_1_1_1/image_Sa0_1780_163_0_230.e9_6.2e9_1.71743e+28_1_64.dat
        79       0.527018        1.98969       -200.705        28.3353        12.4421        19.1487       -2793.88     /gpfs/hpu/EHT2020/sc_64/Sa0/m_1_1_1/image_Sa0_1790_163_0_230.e9_6.2e9_1.71743e+28_1_64.dat
        80       0.653632        2.18982       -140.934        18.5603        15.2494        16.4934       -2787.37     /gpfs/hpu/EHT2020/sc_64/Sa0/m_1_1_1/image_Sa0_1800_163_0_230.e9_6.2e9_1.71743e+28_1_64.dat
        81       0.548966         2.1472       -195.983        54.6766        16.1267         32.564       -4519.16     /gpfs/hpu/EHT2020/sc_64/Sa0/m_1_1_1/image_Sa0_1810_163_0_230.e9_6.2e9_1.71743e+28_1_64.dat
        82       0.430525        2.19895       -267.307         4.7509        21.9738        14.2771       -2178.19     /gpfs/hpu/EHT2020/sc_64/Sa0/m_1_1_1/image_Sa0_1820_163_0_230.e9_6.2e9_1.71743e+28_1_64.dat
        83       0.860465        2.02806       -213.137        33.6543        14.5979        22.6432       -3429.06     /gpfs/hpu/EHT2020/sc_64/Sa0/m_1_1_1/image_Sa0_1830_163_0_230.e9_6.2e9_1.71743e+28_1_64.dat
        84       0.454837        1.97601           -314        2.79276         12.148         7.9647       -1411.51     /gpfs/hpu/EHT2020/sc_64/Sa0/m_1_1_1/image_Sa0_1840_163_0_230.e9_6.2e9_1.71743e+28_1_64.dat
        85       0.435358        1.94023       -212.558        3.09752        9.85849         6.8222       -1283.18     /gpfs/hpu/EHT2020/sc_64/Sa0/m_1_1_1/image_Sa0_1850_163_0_230.e9_6.2e9_1.71743e+28_1_64.dat
        86       0.378454        1.93335       -158.036        24.7799        15.5471        19.3425       -2897.13     /gpfs/hpu/EHT2020/sc_64/Sa0/m_1_1_1/image_Sa0_1860_163_0_230.e9_6.2e9_1.71743e+28_1_64.dat
        87       0.550375        1.99787       -164.576        26.6927        15.0244         19.877       -3163.92     /gpfs/hpu/EHT2020/sc_64/Sa0/m_1_1_1/image_Sa0_1870_163_0_230.e9_6.2e9_1.71743e+28_1_64.dat
        88       0.514742        2.01293       -204.889        43.8522        32.3771        36.9364       -5128.93     /gpfs/hpu/EHT2020/sc_64/Sa0/m_1_1_1/image_Sa0_1880_163_0_230.e9_6.2e9_1.71743e+28_1_64.dat
        89       0.407508        1.91161       -217.946        7.13698        7.45258        7.22626       -1373.11     /gpfs/hpu/EHT2020/sc_64/Sa0/m_1_1_1/image_Sa0_1890_163_0_230.e9_6.2e9_1.71743e+28_1_64.dat
        90       0.575782        1.87498       -178.852        18.0208        9.42836        13.0215       -2101.57     /gpfs/hpu/EHT2020/sc_64/Sa0/m_1_1_1/image_Sa0_1900_163_0_230.e9_6.2e9_1.71743e+28_1_64.dat
        91       0.847032        3.31286       -192.381        36.8724         35.173        35.4808       -4964.41     /gpfs/hpu/EHT2020/sc_64/Sa0/m_1_1_1/image_Sa0_1910_163_0_230.e9_6.2e9_1.71743e+28_1_64.dat
        92       0.426364        2.14638       -147.831        42.6109        71.1366        57.9686       -7695.72     /gpfs/hpu/EHT2020/sc_64/Sa0/m_1_1_1/image_Sa0_1920_163_0_230.e9_6.2e9_1.71743e+28_1_64.dat
        93       0.498118        2.21773        -189.73        20.5609        11.5182        15.2803       -2405.02     /gpfs/hpu/EHT2020/sc_64/Sa0/m_1_1_1/image_Sa0_1930_163_0_230.e9_6.2e9_1.71743e+28_1_64.dat
        94       0.340646        1.93009       -231.998        16.3455        10.1731        12.7131        -1977.9     /gpfs/hpu/EHT2020/sc_64/Sa0/m_1_1_1/image_Sa0_1940_163_0_230.e9_6.2e9_1.71743e+28_1_64.dat
        95       0.598065        1.98741       -161.082        19.8314        9.82228        14.0219        -2252.4     /gpfs/hpu/EHT2020/sc_64/Sa0/m_1_1_1/image_Sa0_1950_163_0_230.e9_6.2e9_1.71743e+28_1_64.dat
        96         0.4276        2.10689       -183.169         23.321        9.19935        15.1809       -2301.56     /gpfs/hpu/EHT2020/sc_64/Sa0/m_1_1_1/image_Sa0_1960_163_0_230.e9_6.2e9_1.71743e+28_1_64.dat
        97       0.566913        2.01666       -151.301        6.53561        11.1489        9.02363       -1683.27     /gpfs/hpu/EHT2020/sc_64/Sa0/m_1_1_1/image_Sa0_1970_163_0_230.e9_6.2e9_1.71743e+28_1_64.dat
        98       0.510574        2.06354       -193.372        27.9751        28.3582        27.8499       -3985.65     /gpfs/hpu/EHT2020/sc_64/Sa0/m_1_1_1/image_Sa0_1980_163_0_230.e9_6.2e9_1.71743e+28_1_64.dat
        99       0.990753        2.75788       -251.246        8.98582        27.3615        19.1023       -3026.17     /gpfs/hpu/EHT2020/sc_64/Sa0/m_1_1_1/image_Sa0_1990_163_0_230.e9_6.2e9_1.71743e+28_1_64.dat
