   # Index         I (Jy)      M/D (uas)       PA (deg)  VA red. chisq  CP red. chisq     red. chisq     log-liklhd     FileName
         0        0.39809        3.84571        116.786        2.50875        8.09958        5.58943       -1140.94     /gpfs/hpu/EHT2/IHARM/MAD/MAD_a0_384x192x192_IHARM/m_1_1_10/image_a0_0000_163_0_230.e9_6.2e9_1.23416e+25_10.dat
         1       0.626746        3.97311       -123.679        10.1821        37.2543        25.1233       -3639.25     /gpfs/hpu/EHT2/IHARM/MAD/MAD_a0_384x192x192_IHARM/m_1_1_10/image_a0_0001_163_0_230.e9_6.2e9_1.23416e+25_10.dat
         2       0.413838        3.50206       -185.604        4.46745         8.9388         6.9015       -1296.81     /gpfs/hpu/EHT2/IHARM/MAD/MAD_a0_384x192x192_IHARM/m_1_1_10/image_a0_0002_163_0_230.e9_6.2e9_1.23416e+25_10.dat
         3        0.58598        4.05277        -259.61        19.2409        73.8907        49.4181       -7448.44     /gpfs/hpu/EHT2/IHARM/MAD/MAD_a0_384x192x192_IHARM/m_1_1_10/image_a0_0003_163_0_230.e9_6.2e9_1.23416e+25_10.dat
         4       0.498907        3.58944       -174.017        4.64519        7.96399        6.43575       -1191.66     /gpfs/hpu/EHT2/IHARM/MAD/MAD_a0_384x192x192_IHARM/m_1_1_10/image_a0_0004_163_0_230.e9_6.2e9_1.23416e+25_10.dat
         5       0.654057        3.37855       -171.312        5.58337        21.0363        14.1147       -2386.15     /gpfs/hpu/EHT2/IHARM/MAD/MAD_a0_384x192x192_IHARM/m_1_1_10/image_a0_0005_163_0_230.e9_6.2e9_1.23416e+25_10.dat
         6        0.67886         3.2373        99.8245        2.16954        8.38593        5.60241       -1198.85     /gpfs/hpu/EHT2/IHARM/MAD/MAD_a0_384x192x192_IHARM/m_1_1_10/image_a0_0006_163_0_230.e9_6.2e9_1.23416e+25_10.dat
         7       0.484772        3.26529       -93.8334        10.3225        12.1277        11.2021       -1827.72     /gpfs/hpu/EHT2/IHARM/MAD/MAD_a0_384x192x192_IHARM/m_1_1_10/image_a0_0007_163_0_230.e9_6.2e9_1.23416e+25_10.dat
         8       0.571441        3.34817       -165.498        7.03998        13.5006        10.5498       -1757.76     /gpfs/hpu/EHT2/IHARM/MAD/MAD_a0_384x192x192_IHARM/m_1_1_10/image_a0_0008_163_0_230.e9_6.2e9_1.23416e+25_10.dat
         9       0.744656        3.32225       -256.655        16.3391        30.5641         24.057       -3669.37     /gpfs/hpu/EHT2/IHARM/MAD/MAD_a0_384x192x192_IHARM/m_1_1_10/image_a0_0009_163_0_230.e9_6.2e9_1.23416e+25_10.dat
        10         1.1265        3.31212       -67.4722        14.7617        6.18904        9.81288       -1773.74     /gpfs/hpu/EHT2/IHARM/MAD/MAD_a0_384x192x192_IHARM/m_1_1_10/image_a0_0010_163_0_230.e9_6.2e9_1.23416e+25_10.dat
        11        0.65209        3.96666       -183.872        2.65056         12.486        8.09144       -1405.94     /gpfs/hpu/EHT2/IHARM/MAD/MAD_a0_384x192x192_IHARM/m_1_1_10/image_a0_0011_163_0_230.e9_6.2e9_1.23416e+25_10.dat
        12       0.659629        3.60656       -232.272         5.9953        21.0147        14.2803       -2319.48     /gpfs/hpu/EHT2/IHARM/MAD/MAD_a0_384x192x192_IHARM/m_1_1_10/image_a0_0012_163_0_230.e9_6.2e9_1.23416e+25_10.dat
        13       0.639595         2.1623       -207.449        76.0777        59.5328         65.951       -8882.67     /gpfs/hpu/EHT2/IHARM/MAD/MAD_a0_384x192x192_IHARM/m_1_1_10/image_a0_0013_163_0_230.e9_6.2e9_1.23416e+25_10.dat
        14       0.853722        4.04973       -260.412        10.8155         21.439        16.5961       -2560.21     /gpfs/hpu/EHT2/IHARM/MAD/MAD_a0_384x192x192_IHARM/m_1_1_10/image_a0_0014_163_0_230.e9_6.2e9_1.23416e+25_10.dat
        15        1.13114        3.25646       -277.961        15.2846        66.0689        43.3588          -6260     /gpfs/hpu/EHT2/IHARM/MAD/MAD_a0_384x192x192_IHARM/m_1_1_10/image_a0_0015_163_0_230.e9_6.2e9_1.23416e+25_10.dat
        16        1.11088        3.68216       -300.571        6.65447        29.5223        19.2988       -2962.97     /gpfs/hpu/EHT2/IHARM/MAD/MAD_a0_384x192x192_IHARM/m_1_1_10/image_a0_0016_163_0_230.e9_6.2e9_1.23416e+25_10.dat
        17       0.540647        2.96211       -303.281        14.3893        32.4652        24.2736       -3430.85     /gpfs/hpu/EHT2/IHARM/MAD/MAD_a0_384x192x192_IHARM/m_1_1_10/image_a0_0017_163_0_230.e9_6.2e9_1.23416e+25_10.dat
        18       0.993241         3.8909       -224.416        8.12175        30.5724        20.5162          -2959     /gpfs/hpu/EHT2/IHARM/MAD/MAD_a0_384x192x192_IHARM/m_1_1_10/image_a0_0018_163_0_230.e9_6.2e9_1.23416e+25_10.dat
        19         1.7942        4.26106       -243.658         8.1418        58.4962        36.0631       -5117.76     /gpfs/hpu/EHT2/IHARM/MAD/MAD_a0_384x192x192_IHARM/m_1_1_10/image_a0_0019_163_0_230.e9_6.2e9_1.23416e+25_10.dat
        20        1.05111        4.25584       -142.492        13.5267        42.5139        29.4931       -4267.31     /gpfs/hpu/EHT2/IHARM/MAD/MAD_a0_384x192x192_IHARM/m_1_1_10/image_a0_0020_163_0_230.e9_6.2e9_1.23416e+25_10.dat
        21       0.741063        4.02333       -221.965        4.67715        11.8657        8.62066       -1523.72     /gpfs/hpu/EHT2/IHARM/MAD/MAD_a0_384x192x192_IHARM/m_1_1_10/image_a0_0021_163_0_230.e9_6.2e9_1.23416e+25_10.dat
        22       0.784923        3.26181       -178.192        4.75235        3.29761        3.88537       -1068.41     /gpfs/hpu/EHT2/IHARM/MAD/MAD_a0_384x192x192_IHARM/m_1_1_10/image_a0_0022_163_0_230.e9_6.2e9_1.23416e+25_10.dat
        23       0.754703        3.66802       -190.353        6.16176        3.93344        4.84727       -1171.07     /gpfs/hpu/EHT2/IHARM/MAD/MAD_a0_384x192x192_IHARM/m_1_1_10/image_a0_0023_163_0_230.e9_6.2e9_1.23416e+25_10.dat
        24       0.637904         3.6951       -203.916        12.9028        10.4602        11.3875       -1925.56     /gpfs/hpu/EHT2/IHARM/MAD/MAD_a0_384x192x192_IHARM/m_1_1_10/image_a0_0024_163_0_230.e9_6.2e9_1.23416e+25_10.dat
        25       0.471211        3.46524       -206.899        4.53786        5.37892        4.95098       -1034.02     /gpfs/hpu/EHT2/IHARM/MAD/MAD_a0_384x192x192_IHARM/m_1_1_10/image_a0_0025_163_0_230.e9_6.2e9_1.23416e+25_10.dat
        26       0.559547        3.76915       -176.248        22.7567         35.223        29.4183       -4060.23     /gpfs/hpu/EHT2/IHARM/MAD/MAD_a0_384x192x192_IHARM/m_1_1_10/image_a0_0026_163_0_230.e9_6.2e9_1.23416e+25_10.dat
        27        1.96706        6.28995       -233.866        37.1616        36.3118        36.2392       -5150.45     /gpfs/hpu/EHT2/IHARM/MAD/MAD_a0_384x192x192_IHARM/m_1_1_10/image_a0_0027_163_0_230.e9_6.2e9_1.23416e+25_10.dat
        28       0.687193        3.76612       -207.194        22.1245        76.4466        52.0845       -6977.59     /gpfs/hpu/EHT2/IHARM/MAD/MAD_a0_384x192x192_IHARM/m_1_1_10/image_a0_0028_163_0_230.e9_6.2e9_1.23416e+25_10.dat
        29       0.679366         3.9926       -231.152        14.4563        76.4785        48.7938       -8128.81     /gpfs/hpu/EHT2/IHARM/MAD/MAD_a0_384x192x192_IHARM/m_1_1_10/image_a0_0029_163_0_230.e9_6.2e9_1.23416e+25_10.dat
        30       0.475841        3.18216       -359.799        7.25597        53.7402        33.0344       -4751.93     /gpfs/hpu/EHT2/IHARM/MAD/MAD_a0_384x192x192_IHARM/m_1_1_10/image_a0_0030_163_0_230.e9_6.2e9_1.23416e+25_10.dat
        31       0.630232        1.44377       -296.859        85.9803        217.992        158.398       -20519.2     /gpfs/hpu/EHT2/IHARM/MAD/MAD_a0_384x192x192_IHARM/m_1_1_10/image_a0_0031_163_0_230.e9_6.2e9_1.23416e+25_10.dat
        32       0.773482        3.59796        -195.73        3.83568         14.788        9.88373       -2052.81     /gpfs/hpu/EHT2/IHARM/MAD/MAD_a0_384x192x192_IHARM/m_1_1_10/image_a0_0032_163_0_230.e9_6.2e9_1.23416e+25_10.dat
        33       0.740183        3.39243       -252.395        5.41707        30.2511        19.1704       -3177.44     /gpfs/hpu/EHT2/IHARM/MAD/MAD_a0_384x192x192_IHARM/m_1_1_10/image_a0_0033_163_0_230.e9_6.2e9_1.23416e+25_10.dat
        34       0.753466        3.40952        -137.07        6.75141         37.476        23.7665       -3570.09     /gpfs/hpu/EHT2/IHARM/MAD/MAD_a0_384x192x192_IHARM/m_1_1_10/image_a0_0034_163_0_230.e9_6.2e9_1.23416e+25_10.dat
        35       0.594021        3.74125       -137.673        6.19673        17.7388        12.5444       -1986.93     /gpfs/hpu/EHT2/IHARM/MAD/MAD_a0_384x192x192_IHARM/m_1_1_10/image_a0_0035_163_0_230.e9_6.2e9_1.23416e+25_10.dat
        36       0.433267        3.61618       -131.883        10.1515        32.9377        22.7081       -3264.25     /gpfs/hpu/EHT2/IHARM/MAD/MAD_a0_384x192x192_IHARM/m_1_1_10/image_a0_0036_163_0_230.e9_6.2e9_1.23416e+25_10.dat
        37       0.809647        4.12844       -138.615        8.11837        23.1529        16.3862       -2692.62     /gpfs/hpu/EHT2/IHARM/MAD/MAD_a0_384x192x192_IHARM/m_1_1_10/image_a0_0037_163_0_230.e9_6.2e9_1.23416e+25_10.dat
        38       0.598092        3.58741       -139.757        6.61499        14.0654        10.6808       -1877.07     /gpfs/hpu/EHT2/IHARM/MAD/MAD_a0_384x192x192_IHARM/m_1_1_10/image_a0_0038_163_0_230.e9_6.2e9_1.23416e+25_10.dat
        39        1.25703        3.20603       -177.505        11.6717        25.7058        19.3398       -3179.72     /gpfs/hpu/EHT2/IHARM/MAD/MAD_a0_384x192x192_IHARM/m_1_1_10/image_a0_0039_163_0_230.e9_6.2e9_1.23416e+25_10.dat
        40       0.414411        3.57084       -121.002        8.91186        33.6165         22.551       -3219.53     /gpfs/hpu/EHT2/IHARM/MAD/MAD_a0_384x192x192_IHARM/m_1_1_10/image_a0_0040_163_0_230.e9_6.2e9_1.23416e+25_10.dat
        41       0.650443        3.57899       -158.147        14.1427        22.3788        18.5546       -2841.64     /gpfs/hpu/EHT2/IHARM/MAD/MAD_a0_384x192x192_IHARM/m_1_1_10/image_a0_0041_163_0_230.e9_6.2e9_1.23416e+25_10.dat
        42       0.671378        3.90134       -235.463        5.72336        24.1238        15.8931        -2376.8     /gpfs/hpu/EHT2/IHARM/MAD/MAD_a0_384x192x192_IHARM/m_1_1_10/image_a0_0042_163_0_230.e9_6.2e9_1.23416e+25_10.dat
        43       0.462527        3.67853       -171.426        3.14195        15.1802        9.80265       -1723.95     /gpfs/hpu/EHT2/IHARM/MAD/MAD_a0_384x192x192_IHARM/m_1_1_10/image_a0_0043_163_0_230.e9_6.2e9_1.23416e+25_10.dat
        44        0.58506        3.85242        -174.79        9.21608        9.57594        9.30484       -1637.28     /gpfs/hpu/EHT2/IHARM/MAD/MAD_a0_384x192x192_IHARM/m_1_1_10/image_a0_0044_163_0_230.e9_6.2e9_1.23416e+25_10.dat
        45       0.456751        3.88094       -266.855        4.07658        10.3532        7.51988       -1318.17     /gpfs/hpu/EHT2/IHARM/MAD/MAD_a0_384x192x192_IHARM/m_1_1_10/image_a0_0045_163_0_230.e9_6.2e9_1.23416e+25_10.dat
        46       0.524374         3.9992       -275.971         5.5559        17.8479        12.3286       -1925.05     /gpfs/hpu/EHT2/IHARM/MAD/MAD_a0_384x192x192_IHARM/m_1_1_10/image_a0_0046_163_0_230.e9_6.2e9_1.23416e+25_10.dat
        47       0.381004        3.53332         -231.6        20.0625        17.4597        18.3715       -2673.01     /gpfs/hpu/EHT2/IHARM/MAD/MAD_a0_384x192x192_IHARM/m_1_1_10/image_a0_0047_163_0_230.e9_6.2e9_1.23416e+25_10.dat
        48       0.600033        4.04419       -162.521        4.74793        19.3017         12.789       -2093.61     /gpfs/hpu/EHT2/IHARM/MAD/MAD_a0_384x192x192_IHARM/m_1_1_10/image_a0_0048_163_0_230.e9_6.2e9_1.23416e+25_10.dat
        49       0.388431        3.48359       -191.411         8.6585        4.18231        6.06297       -1142.16     /gpfs/hpu/EHT2/IHARM/MAD/MAD_a0_384x192x192_IHARM/m_1_1_10/image_a0_0049_163_0_230.e9_6.2e9_1.23416e+25_10.dat
        50       0.522764        3.73841       -173.886        5.57589        12.1635        9.17414       -1653.97     /gpfs/hpu/EHT2/IHARM/MAD/MAD_a0_384x192x192_IHARM/m_1_1_10/image_a0_0050_163_0_230.e9_6.2e9_1.23416e+25_10.dat
        51       0.615972        3.80957       -183.988        4.69156        15.2829        10.5283       -1826.64     /gpfs/hpu/EHT2/IHARM/MAD/MAD_a0_384x192x192_IHARM/m_1_1_10/image_a0_0051_163_0_230.e9_6.2e9_1.23416e+25_10.dat
        52       0.380958        3.44589        133.926        4.58935        12.5804        8.98047       -1548.37     /gpfs/hpu/EHT2/IHARM/MAD/MAD_a0_384x192x192_IHARM/m_1_1_10/image_a0_0052_163_0_230.e9_6.2e9_1.23416e+25_10.dat
        53       0.404375        3.79042        145.582         3.1481        6.78684         5.1348       -1068.64     /gpfs/hpu/EHT2/IHARM/MAD/MAD_a0_384x192x192_IHARM/m_1_1_10/image_a0_0053_163_0_230.e9_6.2e9_1.23416e+25_10.dat
        54        0.63131         3.5337        94.7555        4.61709        9.54405        7.30285       -1469.56     /gpfs/hpu/EHT2/IHARM/MAD/MAD_a0_384x192x192_IHARM/m_1_1_10/image_a0_0054_163_0_230.e9_6.2e9_1.23416e+25_10.dat
        55       0.482175        3.70132        25.2668        6.02961        18.7883        13.0563        -2106.2     /gpfs/hpu/EHT2/IHARM/MAD/MAD_a0_384x192x192_IHARM/m_1_1_10/image_a0_0055_163_0_230.e9_6.2e9_1.23416e+25_10.dat
        56       0.617605        3.84623       -20.0452        12.0071        33.8463        24.0143       -3600.33     /gpfs/hpu/EHT2/IHARM/MAD/MAD_a0_384x192x192_IHARM/m_1_1_10/image_a0_0056_163_0_230.e9_6.2e9_1.23416e+25_10.dat
        57       0.558188        3.73028        105.723        5.13494        7.36126        6.31166       -1427.39     /gpfs/hpu/EHT2/IHARM/MAD/MAD_a0_384x192x192_IHARM/m_1_1_10/image_a0_0057_163_0_230.e9_6.2e9_1.23416e+25_10.dat
        58       0.789436        3.81367        97.4687        3.14263        14.3454        9.33839       -1696.41     /gpfs/hpu/EHT2/IHARM/MAD/MAD_a0_384x192x192_IHARM/m_1_1_10/image_a0_0058_163_0_230.e9_6.2e9_1.23416e+25_10.dat
        59       0.517575        3.27778        145.204        9.18873        14.9996        12.3111       -1985.58     /gpfs/hpu/EHT2/IHARM/MAD/MAD_a0_384x192x192_IHARM/m_1_1_10/image_a0_0059_163_0_230.e9_6.2e9_1.23416e+25_10.dat
        60       0.620104         3.9537        210.826        5.21947        17.4017        11.9352       -1923.23     /gpfs/hpu/EHT2/IHARM/MAD/MAD_a0_384x192x192_IHARM/m_1_1_10/image_a0_0060_163_0_230.e9_6.2e9_1.23416e+25_10.dat
        61       0.735072        3.37951        162.549        5.87123        44.4442        27.2642       -3983.74     /gpfs/hpu/EHT2/IHARM/MAD/MAD_a0_384x192x192_IHARM/m_1_1_10/image_a0_0061_163_0_230.e9_6.2e9_1.23416e+25_10.dat
        62       0.566637        3.95028        208.287        7.83935        19.5627         14.268       -2178.01     /gpfs/hpu/EHT2/IHARM/MAD/MAD_a0_384x192x192_IHARM/m_1_1_10/image_a0_0062_163_0_230.e9_6.2e9_1.23416e+25_10.dat
        63       0.461212        3.51682        285.693        2.86784        9.65697        6.61097       -1316.32     /gpfs/hpu/EHT2/IHARM/MAD/MAD_a0_384x192x192_IHARM/m_1_1_10/image_a0_0063_163_0_230.e9_6.2e9_1.23416e+25_10.dat
        64       0.644327        3.77657        263.943        9.50175        31.2872        21.5093       -4108.96     /gpfs/hpu/EHT2/IHARM/MAD/MAD_a0_384x192x192_IHARM/m_1_1_10/image_a0_0064_163_0_230.e9_6.2e9_1.23416e+25_10.dat
        65       0.637471        3.36328        270.774        4.20052        8.96864        6.80293       -1377.88     /gpfs/hpu/EHT2/IHARM/MAD/MAD_a0_384x192x192_IHARM/m_1_1_10/image_a0_0065_163_0_230.e9_6.2e9_1.23416e+25_10.dat
        66       0.544975        3.49074        237.889        13.0155        26.7376        20.4937       -3106.75     /gpfs/hpu/EHT2/IHARM/MAD/MAD_a0_384x192x192_IHARM/m_1_1_10/image_a0_0066_163_0_230.e9_6.2e9_1.23416e+25_10.dat
        67       0.496933        3.47687        194.492        7.59349        15.0879        11.6719        -1965.9     /gpfs/hpu/EHT2/IHARM/MAD/MAD_a0_384x192x192_IHARM/m_1_1_10/image_a0_0067_163_0_230.e9_6.2e9_1.23416e+25_10.dat
        68       0.630993        3.74567        176.989        5.58963        15.4136        10.9886       -1929.95     /gpfs/hpu/EHT2/IHARM/MAD/MAD_a0_384x192x192_IHARM/m_1_1_10/image_a0_0068_163_0_230.e9_6.2e9_1.23416e+25_10.dat
        69       0.509056        3.40785        115.671        6.59608        11.6285        9.31659       -1658.65     /gpfs/hpu/EHT2/IHARM/MAD/MAD_a0_384x192x192_IHARM/m_1_1_10/image_a0_0069_163_0_230.e9_6.2e9_1.23416e+25_10.dat
        70       0.372211        3.66285        166.461        2.76036        4.25039         3.5561       -826.113     /gpfs/hpu/EHT2/IHARM/MAD/MAD_a0_384x192x192_IHARM/m_1_1_10/image_a0_0070_163_0_230.e9_6.2e9_1.23416e+25_10.dat
        71       0.710507        3.62321         171.62        4.80495        8.67781        6.90189       -1421.59     /gpfs/hpu/EHT2/IHARM/MAD/MAD_a0_384x192x192_IHARM/m_1_1_10/image_a0_0071_163_0_230.e9_6.2e9_1.23416e+25_10.dat
        72       0.704389        4.05136        191.027        3.43928        10.9057        7.55236       -1462.76     /gpfs/hpu/EHT2/IHARM/MAD/MAD_a0_384x192x192_IHARM/m_1_1_10/image_a0_0072_163_0_230.e9_6.2e9_1.23416e+25_10.dat
        73       0.677335        3.60985        126.039        9.58871        41.5416        27.2529       -4350.67     /gpfs/hpu/EHT2/IHARM/MAD/MAD_a0_384x192x192_IHARM/m_1_1_10/image_a0_0073_163_0_230.e9_6.2e9_1.23416e+25_10.dat
        74       0.442803        3.62629        162.611        4.51046         5.9004        5.22933       -1095.55     /gpfs/hpu/EHT2/IHARM/MAD/MAD_a0_384x192x192_IHARM/m_1_1_10/image_a0_0074_163_0_230.e9_6.2e9_1.23416e+25_10.dat
        75       0.770067         3.1934        167.911        9.89541        14.1681        12.1532       -2092.06     /gpfs/hpu/EHT2/IHARM/MAD/MAD_a0_384x192x192_IHARM/m_1_1_10/image_a0_0075_163_0_230.e9_6.2e9_1.23416e+25_10.dat
        76       0.579855        3.27528        124.561        4.32692        7.43725        6.00533       -1237.23     /gpfs/hpu/EHT2/IHARM/MAD/MAD_a0_384x192x192_IHARM/m_1_1_10/image_a0_0076_163_0_230.e9_6.2e9_1.23416e+25_10.dat
        77       0.374264        3.77003        173.098        1.86836         3.9664        3.01322       -789.472     /gpfs/hpu/EHT2/IHARM/MAD/MAD_a0_384x192x192_IHARM/m_1_1_10/image_a0_0077_163_0_230.e9_6.2e9_1.23416e+25_10.dat
        78        0.46505        3.81206        149.587        4.65571        6.51664        5.63491       -1076.11     /gpfs/hpu/EHT2/IHARM/MAD/MAD_a0_384x192x192_IHARM/m_1_1_10/image_a0_0078_163_0_230.e9_6.2e9_1.23416e+25_10.dat
        79       0.486816        4.01196        101.909        9.76129        16.5649        13.4291       -2072.35     /gpfs/hpu/EHT2/IHARM/MAD/MAD_a0_384x192x192_IHARM/m_1_1_10/image_a0_0079_163_0_230.e9_6.2e9_1.23416e+25_10.dat
        80       0.698164        3.46122         154.71        7.60805        10.8162        9.30122       -1754.02     /gpfs/hpu/EHT2/IHARM/MAD/MAD_a0_384x192x192_IHARM/m_1_1_10/image_a0_0080_163_0_230.e9_6.2e9_1.23416e+25_10.dat
        81       0.674595        4.05835        157.456        5.07968        5.90241        5.47604       -1237.95     /gpfs/hpu/EHT2/IHARM/MAD/MAD_a0_384x192x192_IHARM/m_1_1_10/image_a0_0081_163_0_230.e9_6.2e9_1.23416e+25_10.dat
        82       0.447201        3.46455        166.481        4.54699        8.26455        6.56063       -1272.48     /gpfs/hpu/EHT2/IHARM/MAD/MAD_a0_384x192x192_IHARM/m_1_1_10/image_a0_0082_163_0_230.e9_6.2e9_1.23416e+25_10.dat
        83       0.449854        3.63556         164.59        3.12944        8.02437        5.81538       -1160.23     /gpfs/hpu/EHT2/IHARM/MAD/MAD_a0_384x192x192_IHARM/m_1_1_10/image_a0_0083_163_0_230.e9_6.2e9_1.23416e+25_10.dat
        84       0.446397        3.52997        118.382        6.63625        17.3826        12.5358       -2075.45     /gpfs/hpu/EHT2/IHARM/MAD/MAD_a0_384x192x192_IHARM/m_1_1_10/image_a0_0084_163_0_230.e9_6.2e9_1.23416e+25_10.dat
        85       0.600715        3.52858        92.4921        3.91063        4.81066        4.36415       -1005.75     /gpfs/hpu/EHT2/IHARM/MAD/MAD_a0_384x192x192_IHARM/m_1_1_10/image_a0_0085_163_0_230.e9_6.2e9_1.23416e+25_10.dat
        86        0.72696        3.45066        50.3957        3.56325        15.9971         10.439       -1898.32     /gpfs/hpu/EHT2/IHARM/MAD/MAD_a0_384x192x192_IHARM/m_1_1_10/image_a0_0086_163_0_230.e9_6.2e9_1.23416e+25_10.dat
        87       0.641743        3.59632        114.645        21.3271         37.569        30.1069       -4503.32     /gpfs/hpu/EHT2/IHARM/MAD/MAD_a0_384x192x192_IHARM/m_1_1_10/image_a0_0087_163_0_230.e9_6.2e9_1.23416e+25_10.dat
        88        0.82418        4.32803         30.762        20.3752        50.7633        37.0382       -5274.98     /gpfs/hpu/EHT2/IHARM/MAD/MAD_a0_384x192x192_IHARM/m_1_1_10/image_a0_0088_163_0_230.e9_6.2e9_1.23416e+25_10.dat
        89       0.622617        3.13812        134.413        8.21982        13.8265        11.2402       -1930.19     /gpfs/hpu/EHT2/IHARM/MAD/MAD_a0_384x192x192_IHARM/m_1_1_10/image_a0_0089_163_0_230.e9_6.2e9_1.23416e+25_10.dat
        90       0.607817         3.6847       0.226861        4.73705        14.9179        10.3449       -1813.05     /gpfs/hpu/EHT2/IHARM/MAD/MAD_a0_384x192x192_IHARM/m_1_1_10/image_a0_0090_163_0_230.e9_6.2e9_1.23416e+25_10.dat
        91       0.610575         3.7865       -8.42076        3.54587        9.33853        6.72631       -1316.76     /gpfs/hpu/EHT2/IHARM/MAD/MAD_a0_384x192x192_IHARM/m_1_1_10/image_a0_0091_163_0_230.e9_6.2e9_1.23416e+25_10.dat
        92       0.889004        3.61347       -37.2588        7.25076        53.9127        33.1281       -5023.58     /gpfs/hpu/EHT2/IHARM/MAD/MAD_a0_384x192x192_IHARM/m_1_1_10/image_a0_0092_163_0_230.e9_6.2e9_1.23416e+25_10.dat
        93       0.520442        4.26407        32.2991        13.1962        56.6603        37.2223       -5185.14     /gpfs/hpu/EHT2/IHARM/MAD/MAD_a0_384x192x192_IHARM/m_1_1_10/image_a0_0093_163_0_230.e9_6.2e9_1.23416e+25_10.dat
        94        0.66385        4.15902        -5.9967        15.6148        65.2385        43.0391       -5890.51     /gpfs/hpu/EHT2/IHARM/MAD/MAD_a0_384x192x192_IHARM/m_1_1_10/image_a0_0094_163_0_230.e9_6.2e9_1.23416e+25_10.dat
        95       0.501489        3.63531       -140.738        8.86808        36.9883        24.4083       -3504.38     /gpfs/hpu/EHT2/IHARM/MAD/MAD_a0_384x192x192_IHARM/m_1_1_10/image_a0_0095_163_0_230.e9_6.2e9_1.23416e+25_10.dat
        96       0.995511        4.36349       -188.983        14.1407        45.6482        31.5021       -4616.18     /gpfs/hpu/EHT2/IHARM/MAD/MAD_a0_384x192x192_IHARM/m_1_1_10/image_a0_0096_163_0_230.e9_6.2e9_1.23416e+25_10.dat
        97        0.62457        3.72281       -173.397        8.94049        23.6361        17.0098       -2603.43     /gpfs/hpu/EHT2/IHARM/MAD/MAD_a0_384x192x192_IHARM/m_1_1_10/image_a0_0097_163_0_230.e9_6.2e9_1.23416e+25_10.dat
        98       0.422006        3.38333       -90.9006        4.83598          10.93         8.1685       -1505.27     /gpfs/hpu/EHT2/IHARM/MAD/MAD_a0_384x192x192_IHARM/m_1_1_10/image_a0_0098_163_0_230.e9_6.2e9_1.23416e+25_10.dat
        99       0.424667        3.81253       -154.228        8.56118        11.4029        10.0389       -1629.55     /gpfs/hpu/EHT2/IHARM/MAD/MAD_a0_384x192x192_IHARM/m_1_1_10/image_a0_0099_163_0_230.e9_6.2e9_1.23416e+25_10.dat
