   # Index         I (Jy)      M/D (uas)       PA (deg)  VA red. chisq  CP red. chisq     red. chisq     log-liklhd     FileName
         0       0.722799        4.11026       -279.468        15.3459        16.8371          15.99       -2486.62     /gpfs/hpu/EHT2/IHARM/MAD/MAD_a+0.94_384x192x192_IHARM/m_1_1_1/image_a+0.94_0000_163_0_230.e9_6.2e9_3.94933e+24_1.dat
         1       0.564928        3.53474       -166.405         13.737        15.3029        14.4422       -2254.33     /gpfs/hpu/EHT2/IHARM/MAD/MAD_a+0.94_384x192x192_IHARM/m_1_1_1/image_a+0.94_0001_163_0_230.e9_6.2e9_3.94933e+24_1.dat
         2       0.741049        3.76069       -197.426        3.45224        10.5521         7.3612       -1447.08     /gpfs/hpu/EHT2/IHARM/MAD/MAD_a+0.94_384x192x192_IHARM/m_1_1_1/image_a+0.94_0002_163_0_230.e9_6.2e9_3.94933e+24_1.dat
         3       0.944986        3.19126       -252.069        6.88075        12.5077        9.92863       -1817.25     /gpfs/hpu/EHT2/IHARM/MAD/MAD_a+0.94_384x192x192_IHARM/m_1_1_1/image_a+0.94_0003_163_0_230.e9_6.2e9_3.94933e+24_1.dat
         4        0.61195        3.71196       -211.497        14.9313        8.76035        11.3169       -1888.99     /gpfs/hpu/EHT2/IHARM/MAD/MAD_a+0.94_384x192x192_IHARM/m_1_1_1/image_a+0.94_0004_163_0_230.e9_6.2e9_3.94933e+24_1.dat
         5       0.538159        3.66852       -173.802        7.90256        5.57347        6.51094       -1271.09     /gpfs/hpu/EHT2/IHARM/MAD/MAD_a+0.94_384x192x192_IHARM/m_1_1_1/image_a+0.94_0005_163_0_230.e9_6.2e9_3.94933e+24_1.dat
         6       0.815186        4.14911        -190.22         6.1179        5.13443        5.49664       -1218.34     /gpfs/hpu/EHT2/IHARM/MAD/MAD_a+0.94_384x192x192_IHARM/m_1_1_1/image_a+0.94_0006_163_0_230.e9_6.2e9_3.94933e+24_1.dat
         7       0.870515        4.00387        -169.02        12.4564        15.4541        13.9738       -2325.49     /gpfs/hpu/EHT2/IHARM/MAD/MAD_a+0.94_384x192x192_IHARM/m_1_1_1/image_a+0.94_0007_163_0_230.e9_6.2e9_3.94933e+24_1.dat
         8       0.582641        4.16092       -177.818        9.86841        6.83726        8.06235        -1438.7     /gpfs/hpu/EHT2/IHARM/MAD/MAD_a+0.94_384x192x192_IHARM/m_1_1_1/image_a+0.94_0008_163_0_230.e9_6.2e9_3.94933e+24_1.dat
         9       0.364294        3.95751       -203.409        7.79144        9.65802        8.73585       -1483.27     /gpfs/hpu/EHT2/IHARM/MAD/MAD_a+0.94_384x192x192_IHARM/m_1_1_1/image_a+0.94_0009_163_0_230.e9_6.2e9_3.94933e+24_1.dat
        10       0.500444        4.24384       -290.748        4.57668        15.9558        10.8532       -1729.34     /gpfs/hpu/EHT2/IHARM/MAD/MAD_a+0.94_384x192x192_IHARM/m_1_1_1/image_a+0.94_0010_163_0_230.e9_6.2e9_3.94933e+24_1.dat
        11       0.516858        4.35735       -207.233         7.0525        7.57432        7.25755       -1347.62     /gpfs/hpu/EHT2/IHARM/MAD/MAD_a+0.94_384x192x192_IHARM/m_1_1_1/image_a+0.94_0011_163_0_230.e9_6.2e9_3.94933e+24_1.dat
        12       0.416213        4.05852       -290.852        4.78303        7.87422        6.44527       -1191.22     /gpfs/hpu/EHT2/IHARM/MAD/MAD_a+0.94_384x192x192_IHARM/m_1_1_1/image_a+0.94_0012_163_0_230.e9_6.2e9_3.94933e+24_1.dat
        13       0.463681         3.7954       -238.693        3.35654         4.0041        3.67627       -878.557     /gpfs/hpu/EHT2/IHARM/MAD/MAD_a+0.94_384x192x192_IHARM/m_1_1_1/image_a+0.94_0013_163_0_230.e9_6.2e9_3.94933e+24_1.dat
        14       0.442539        3.85152       -193.256        3.93124        5.58701        4.80504       -1034.94     /gpfs/hpu/EHT2/IHARM/MAD/MAD_a+0.94_384x192x192_IHARM/m_1_1_1/image_a+0.94_0014_163_0_230.e9_6.2e9_3.94933e+24_1.dat
        15       0.505106        3.83749       -167.768        5.73461        5.83976        5.72375       -1189.01     /gpfs/hpu/EHT2/IHARM/MAD/MAD_a+0.94_384x192x192_IHARM/m_1_1_1/image_a+0.94_0015_163_0_230.e9_6.2e9_3.94933e+24_1.dat
        16       0.462036        4.21087       -183.289        12.3688        5.54519        8.42217       -1442.79     /gpfs/hpu/EHT2/IHARM/MAD/MAD_a+0.94_384x192x192_IHARM/m_1_1_1/image_a+0.94_0016_163_0_230.e9_6.2e9_3.94933e+24_1.dat
        17       0.468407        3.79105       -189.767        10.0431        4.23337        6.68879       -1284.42     /gpfs/hpu/EHT2/IHARM/MAD/MAD_a+0.94_384x192x192_IHARM/m_1_1_1/image_a+0.94_0017_163_0_230.e9_6.2e9_3.94933e+24_1.dat
        18       0.605816        3.70877       -212.121         11.664        4.77353        7.68869       -1491.98     /gpfs/hpu/EHT2/IHARM/MAD/MAD_a+0.94_384x192x192_IHARM/m_1_1_1/image_a+0.94_0018_163_0_230.e9_6.2e9_3.94933e+24_1.dat
        19       0.382543        3.97413       -213.544        3.72204        4.85097        4.30521       -935.541     /gpfs/hpu/EHT2/IHARM/MAD/MAD_a+0.94_384x192x192_IHARM/m_1_1_1/image_a+0.94_0019_163_0_230.e9_6.2e9_3.94933e+24_1.dat
        20       0.449364        3.98099       -226.655         5.5596        4.87512        5.11146        -1017.4     /gpfs/hpu/EHT2/IHARM/MAD/MAD_a+0.94_384x192x192_IHARM/m_1_1_1/image_a+0.94_0020_163_0_230.e9_6.2e9_3.94933e+24_1.dat
        21       0.511358        4.02854         -203.6        8.69392        5.28395        6.69127       -1288.12     /gpfs/hpu/EHT2/IHARM/MAD/MAD_a+0.94_384x192x192_IHARM/m_1_1_1/image_a+0.94_0021_163_0_230.e9_6.2e9_3.94933e+24_1.dat
        22       0.453098        3.68849       -219.964        10.8774         7.1565        8.67534       -1473.02     /gpfs/hpu/EHT2/IHARM/MAD/MAD_a+0.94_384x192x192_IHARM/m_1_1_1/image_a+0.94_0022_163_0_230.e9_6.2e9_3.94933e+24_1.dat
        23       0.445216        3.62669         -277.8        3.47441        6.33743        5.02551       -1015.53     /gpfs/hpu/EHT2/IHARM/MAD/MAD_a+0.94_384x192x192_IHARM/m_1_1_1/image_a+0.94_0023_163_0_230.e9_6.2e9_3.94933e+24_1.dat
        24        0.60693        4.15004       -291.028        4.61584        12.8571        9.14589        -1553.2     /gpfs/hpu/EHT2/IHARM/MAD/MAD_a+0.94_384x192x192_IHARM/m_1_1_1/image_a+0.94_0024_163_0_230.e9_6.2e9_3.94933e+24_1.dat
        25       0.734251        3.31371       -248.062        5.88675        20.2331        13.7986       -2331.47     /gpfs/hpu/EHT2/IHARM/MAD/MAD_a+0.94_384x192x192_IHARM/m_1_1_1/image_a+0.94_0025_163_0_230.e9_6.2e9_3.94933e+24_1.dat
        26         0.5532        3.57384       -181.665        6.98208        6.91608        6.86089       -1269.28     /gpfs/hpu/EHT2/IHARM/MAD/MAD_a+0.94_384x192x192_IHARM/m_1_1_1/image_a+0.94_0026_163_0_230.e9_6.2e9_3.94933e+24_1.dat
        27       0.810795        3.49604       -219.536        11.9952        13.3112        12.5824       -2082.96     /gpfs/hpu/EHT2/IHARM/MAD/MAD_a+0.94_384x192x192_IHARM/m_1_1_1/image_a+0.94_0027_163_0_230.e9_6.2e9_3.94933e+24_1.dat
        28        1.13686        3.92333       -193.245        14.4775        5.75113        9.44658       -1754.52     /gpfs/hpu/EHT2/IHARM/MAD/MAD_a+0.94_384x192x192_IHARM/m_1_1_1/image_a+0.94_0028_163_0_230.e9_6.2e9_3.94933e+24_1.dat
        29       0.534153        3.76425       -283.142        6.75742        11.9669         9.5745       -1601.65     /gpfs/hpu/EHT2/IHARM/MAD/MAD_a+0.94_384x192x192_IHARM/m_1_1_1/image_a+0.94_0029_163_0_230.e9_6.2e9_3.94933e+24_1.dat
        30       0.670547         3.8505       -183.148        5.56464         12.413         9.3081       -1634.38     /gpfs/hpu/EHT2/IHARM/MAD/MAD_a+0.94_384x192x192_IHARM/m_1_1_1/image_a+0.94_0030_163_0_230.e9_6.2e9_3.94933e+24_1.dat
        31        0.61708        3.78655       -207.237        7.15665        5.25762        6.01336       -1239.97     /gpfs/hpu/EHT2/IHARM/MAD/MAD_a+0.94_384x192x192_IHARM/m_1_1_1/image_a+0.94_0031_163_0_230.e9_6.2e9_3.94933e+24_1.dat
        32       0.817754        3.76998       -157.705        5.98446        11.0739        8.74409       -1690.82     /gpfs/hpu/EHT2/IHARM/MAD/MAD_a+0.94_384x192x192_IHARM/m_1_1_1/image_a+0.94_0032_163_0_230.e9_6.2e9_3.94933e+24_1.dat
        33        1.11734        3.91145       -202.464        19.6717        6.72691        12.2306       -2174.75     /gpfs/hpu/EHT2/IHARM/MAD/MAD_a+0.94_384x192x192_IHARM/m_1_1_1/image_a+0.94_0033_163_0_230.e9_6.2e9_3.94933e+24_1.dat
        34       0.775674         3.8647       -203.374        10.9609        6.15418        8.15358       -1474.92     /gpfs/hpu/EHT2/IHARM/MAD/MAD_a+0.94_384x192x192_IHARM/m_1_1_1/image_a+0.94_0034_163_0_230.e9_6.2e9_3.94933e+24_1.dat
        35       0.477513        4.31137       -195.819        5.06973           4.65        4.77484        -1001.8     /gpfs/hpu/EHT2/IHARM/MAD/MAD_a+0.94_384x192x192_IHARM/m_1_1_1/image_a+0.94_0035_163_0_230.e9_6.2e9_3.94933e+24_1.dat
        36       0.616115        4.08139       -195.777        3.83843        7.26187        5.69698       -1135.36     /gpfs/hpu/EHT2/IHARM/MAD/MAD_a+0.94_384x192x192_IHARM/m_1_1_1/image_a+0.94_0036_163_0_230.e9_6.2e9_3.94933e+24_1.dat
        37       0.560457        3.80682       -179.657        7.00395        6.35017        6.55543       -1299.49     /gpfs/hpu/EHT2/IHARM/MAD/MAD_a+0.94_384x192x192_IHARM/m_1_1_1/image_a+0.94_0037_163_0_230.e9_6.2e9_3.94933e+24_1.dat
        38       0.428209        4.06872       -184.332        4.71795        8.51714        6.77494       -1300.86     /gpfs/hpu/EHT2/IHARM/MAD/MAD_a+0.94_384x192x192_IHARM/m_1_1_1/image_a+0.94_0038_163_0_230.e9_6.2e9_3.94933e+24_1.dat
        39       0.626373        4.27922       -234.321        4.51789        6.02792         5.3035       -1126.66     /gpfs/hpu/EHT2/IHARM/MAD/MAD_a+0.94_384x192x192_IHARM/m_1_1_1/image_a+0.94_0039_163_0_230.e9_6.2e9_3.94933e+24_1.dat
        40        0.78275        4.11226       -318.279        5.22769        27.6791        17.6575       -2747.38     /gpfs/hpu/EHT2/IHARM/MAD/MAD_a+0.94_384x192x192_IHARM/m_1_1_1/image_a+0.94_0040_163_0_230.e9_6.2e9_3.94933e+24_1.dat
        41       0.824098        3.45081       -300.581        20.7326        13.0564        16.2104       -2602.81     /gpfs/hpu/EHT2/IHARM/MAD/MAD_a+0.94_384x192x192_IHARM/m_1_1_1/image_a+0.94_0041_163_0_230.e9_6.2e9_3.94933e+24_1.dat
        42       0.456503        3.90985       -309.145        15.7755        12.9215        13.9966       -2143.01     /gpfs/hpu/EHT2/IHARM/MAD/MAD_a+0.94_384x192x192_IHARM/m_1_1_1/image_a+0.94_0042_163_0_230.e9_6.2e9_3.94933e+24_1.dat
        43       0.604047        4.23059       -280.263        9.53633        13.9387        11.8707       -1904.41     /gpfs/hpu/EHT2/IHARM/MAD/MAD_a+0.94_384x192x192_IHARM/m_1_1_1/image_a+0.94_0043_163_0_230.e9_6.2e9_3.94933e+24_1.dat
        44       0.558484         3.9232       -270.368        2.26102        5.00981        3.76324       -923.698     /gpfs/hpu/EHT2/IHARM/MAD/MAD_a+0.94_384x192x192_IHARM/m_1_1_1/image_a+0.94_0044_163_0_230.e9_6.2e9_3.94933e+24_1.dat
        45       0.654767         3.6833       -263.509        6.45169        29.0978        18.9751       -2828.59     /gpfs/hpu/EHT2/IHARM/MAD/MAD_a+0.94_384x192x192_IHARM/m_1_1_1/image_a+0.94_0045_163_0_230.e9_6.2e9_3.94933e+24_1.dat
        46       0.937793        3.95935       -129.665        6.49888        23.8895        16.0973          -2575     /gpfs/hpu/EHT2/IHARM/MAD/MAD_a+0.94_384x192x192_IHARM/m_1_1_1/image_a+0.94_0046_163_0_230.e9_6.2e9_3.94933e+24_1.dat
        47       0.708288         4.3459        209.011        15.6903        7.65752        11.0306       -1845.99     /gpfs/hpu/EHT2/IHARM/MAD/MAD_a+0.94_384x192x192_IHARM/m_1_1_1/image_a+0.94_0047_163_0_230.e9_6.2e9_3.94933e+24_1.dat
        48       0.745528        4.20753        184.632        17.9292        9.61896        13.0881        -2186.9     /gpfs/hpu/EHT2/IHARM/MAD/MAD_a+0.94_384x192x192_IHARM/m_1_1_1/image_a+0.94_0048_163_0_230.e9_6.2e9_3.94933e+24_1.dat
        49         0.7844        4.19022        191.251        29.3035        11.6055         19.101       -2922.14     /gpfs/hpu/EHT2/IHARM/MAD/MAD_a+0.94_384x192x192_IHARM/m_1_1_1/image_a+0.94_0049_163_0_230.e9_6.2e9_3.94933e+24_1.dat
        50       0.695281        4.34135        175.594        30.0734        9.90091        18.4846       -2902.38     /gpfs/hpu/EHT2/IHARM/MAD/MAD_a+0.94_384x192x192_IHARM/m_1_1_1/image_a+0.94_0050_163_0_230.e9_6.2e9_3.94933e+24_1.dat
        51        0.72219        3.81258        147.223        39.1492        18.4106        27.1356       -3886.07     /gpfs/hpu/EHT2/IHARM/MAD/MAD_a+0.94_384x192x192_IHARM/m_1_1_1/image_a+0.94_0051_163_0_230.e9_6.2e9_3.94933e+24_1.dat
        52       0.904926        4.94778        168.554        31.7864        25.0789        27.6695       -3970.55     /gpfs/hpu/EHT2/IHARM/MAD/MAD_a+0.94_384x192x192_IHARM/m_1_1_1/image_a+0.94_0052_163_0_230.e9_6.2e9_3.94933e+24_1.dat
        53       0.499127        5.11131        139.546        17.7698        8.35168        12.3141       -1934.01     /gpfs/hpu/EHT2/IHARM/MAD/MAD_a+0.94_384x192x192_IHARM/m_1_1_1/image_a+0.94_0053_163_0_230.e9_6.2e9_3.94933e+24_1.dat
        54        0.54674        4.66415        118.863        4.44742        6.23057        5.38586       -1079.11     /gpfs/hpu/EHT2/IHARM/MAD/MAD_a+0.94_384x192x192_IHARM/m_1_1_1/image_a+0.94_0054_163_0_230.e9_6.2e9_3.94933e+24_1.dat
        55        0.49194        4.18788         48.941         3.8512        10.3771        7.43596       -1345.06     /gpfs/hpu/EHT2/IHARM/MAD/MAD_a+0.94_384x192x192_IHARM/m_1_1_1/image_a+0.94_0055_163_0_230.e9_6.2e9_3.94933e+24_1.dat
        56       0.467118        4.41792        72.9851        5.97873        8.67386        7.40612       -1335.56     /gpfs/hpu/EHT2/IHARM/MAD/MAD_a+0.94_384x192x192_IHARM/m_1_1_1/image_a+0.94_0056_163_0_230.e9_6.2e9_3.94933e+24_1.dat
        57       0.369241        4.02567        125.236        7.45673        6.92319        7.06964       -1259.43     /gpfs/hpu/EHT2/IHARM/MAD/MAD_a+0.94_384x192x192_IHARM/m_1_1_1/image_a+0.94_0057_163_0_230.e9_6.2e9_3.94933e+24_1.dat
        58       0.535166        4.18886        181.758        15.9347        6.11134        10.2757       -1761.64     /gpfs/hpu/EHT2/IHARM/MAD/MAD_a+0.94_384x192x192_IHARM/m_1_1_1/image_a+0.94_0058_163_0_230.e9_6.2e9_3.94933e+24_1.dat
        59       0.402812        3.93501        164.149         5.0635        5.60202        5.30191       -1104.87     /gpfs/hpu/EHT2/IHARM/MAD/MAD_a+0.94_384x192x192_IHARM/m_1_1_1/image_a+0.94_0059_163_0_230.e9_6.2e9_3.94933e+24_1.dat
        60       0.372876        4.12572        166.517        4.61111        4.09702        4.26926       -959.258     /gpfs/hpu/EHT2/IHARM/MAD/MAD_a+0.94_384x192x192_IHARM/m_1_1_1/image_a+0.94_0060_163_0_230.e9_6.2e9_3.94933e+24_1.dat
        61       0.425752         4.1024        173.769        9.07169        4.06713        6.17716       -1201.04     /gpfs/hpu/EHT2/IHARM/MAD/MAD_a+0.94_384x192x192_IHARM/m_1_1_1/image_a+0.94_0061_163_0_230.e9_6.2e9_3.94933e+24_1.dat
        62       0.411644        4.03387        63.2266        5.91243        8.30157        7.17035       -1270.11     /gpfs/hpu/EHT2/IHARM/MAD/MAD_a+0.94_384x192x192_IHARM/m_1_1_1/image_a+0.94_0062_163_0_230.e9_6.2e9_3.94933e+24_1.dat
        63       0.478024        3.69145        108.057        3.88138        11.7575        8.21709        -1520.6     /gpfs/hpu/EHT2/IHARM/MAD/MAD_a+0.94_384x192x192_IHARM/m_1_1_1/image_a+0.94_0063_163_0_230.e9_6.2e9_3.94933e+24_1.dat
        64        0.38959        3.91517        132.195        1.83976        3.65066        2.82519       -740.017     /gpfs/hpu/EHT2/IHARM/MAD/MAD_a+0.94_384x192x192_IHARM/m_1_1_1/image_a+0.94_0064_163_0_230.e9_6.2e9_3.94933e+24_1.dat
        65       0.512494        4.01434        174.275        2.81218        10.1991         6.8886       -1325.02     /gpfs/hpu/EHT2/IHARM/MAD/MAD_a+0.94_384x192x192_IHARM/m_1_1_1/image_a+0.94_0065_163_0_230.e9_6.2e9_3.94933e+24_1.dat
        66       0.566513        3.77218        163.118        6.14662        9.36369        7.86241       -1380.84     /gpfs/hpu/EHT2/IHARM/MAD/MAD_a+0.94_384x192x192_IHARM/m_1_1_1/image_a+0.94_0066_163_0_230.e9_6.2e9_3.94933e+24_1.dat
        67       0.711035        4.03865         123.57        6.66973        37.1738        23.5631       -3463.89     /gpfs/hpu/EHT2/IHARM/MAD/MAD_a+0.94_384x192x192_IHARM/m_1_1_1/image_a+0.94_0067_163_0_230.e9_6.2e9_3.94933e+24_1.dat
        68       0.566522        3.33117        -97.722        6.94995        24.8029        16.8002       -2665.97     /gpfs/hpu/EHT2/IHARM/MAD/MAD_a+0.94_384x192x192_IHARM/m_1_1_1/image_a+0.94_0068_163_0_230.e9_6.2e9_3.94933e+24_1.dat
        69       0.525252        3.35056       -224.523        3.04018        4.77858        3.97074       -907.977     /gpfs/hpu/EHT2/IHARM/MAD/MAD_a+0.94_384x192x192_IHARM/m_1_1_1/image_a+0.94_0069_163_0_230.e9_6.2e9_3.94933e+24_1.dat
        70       0.461366        3.41827       -233.335        5.20131        5.52863        5.32053       -1050.25     /gpfs/hpu/EHT2/IHARM/MAD/MAD_a+0.94_384x192x192_IHARM/m_1_1_1/image_a+0.94_0070_163_0_230.e9_6.2e9_3.94933e+24_1.dat
        71       0.598478        3.77392       -215.138        9.97914        4.78115        6.96599       -1257.59     /gpfs/hpu/EHT2/IHARM/MAD/MAD_a+0.94_384x192x192_IHARM/m_1_1_1/image_a+0.94_0071_163_0_230.e9_6.2e9_3.94933e+24_1.dat
        72       0.584935        3.73883       -211.209        13.4381        7.54892        9.99851       -1716.34     /gpfs/hpu/EHT2/IHARM/MAD/MAD_a+0.94_384x192x192_IHARM/m_1_1_1/image_a+0.94_0072_163_0_230.e9_6.2e9_3.94933e+24_1.dat
        73       0.561524        3.68832       -197.678        2.94773         6.6165        4.95357       -1081.83     /gpfs/hpu/EHT2/IHARM/MAD/MAD_a+0.94_384x192x192_IHARM/m_1_1_1/image_a+0.94_0073_163_0_230.e9_6.2e9_3.94933e+24_1.dat
        74       0.499981        3.79878       -248.397        8.84132        11.9585        10.4689       -1730.42     /gpfs/hpu/EHT2/IHARM/MAD/MAD_a+0.94_384x192x192_IHARM/m_1_1_1/image_a+0.94_0074_163_0_230.e9_6.2e9_3.94933e+24_1.dat
        75       0.719996        3.95153       -267.436        14.7446        13.6315        13.9469       -2245.06     /gpfs/hpu/EHT2/IHARM/MAD/MAD_a+0.94_384x192x192_IHARM/m_1_1_1/image_a+0.94_0075_163_0_230.e9_6.2e9_3.94933e+24_1.dat
        76       0.546574        3.42735       -303.971        8.73664        36.1028        23.8589       -3451.47     /gpfs/hpu/EHT2/IHARM/MAD/MAD_a+0.94_384x192x192_IHARM/m_1_1_1/image_a+0.94_0076_163_0_230.e9_6.2e9_3.94933e+24_1.dat
        77       0.643726        3.78167       -194.765        4.43783        9.17171        7.01832       -1286.88     /gpfs/hpu/EHT2/IHARM/MAD/MAD_a+0.94_384x192x192_IHARM/m_1_1_1/image_a+0.94_0077_163_0_230.e9_6.2e9_3.94933e+24_1.dat
        78        0.53237        4.03339       -258.967        3.42798        8.31241        6.10446       -1185.79     /gpfs/hpu/EHT2/IHARM/MAD/MAD_a+0.94_384x192x192_IHARM/m_1_1_1/image_a+0.94_0078_163_0_230.e9_6.2e9_3.94933e+24_1.dat
        79        0.53443        3.80043        -301.74        2.82459        4.84159        3.91278       -920.648     /gpfs/hpu/EHT2/IHARM/MAD/MAD_a+0.94_384x192x192_IHARM/m_1_1_1/image_a+0.94_0079_163_0_230.e9_6.2e9_3.94933e+24_1.dat
        80        1.72764        4.10298        -277.42        4.39012        9.61355         7.2436       -1635.89     /gpfs/hpu/EHT2/IHARM/MAD/MAD_a+0.94_384x192x192_IHARM/m_1_1_1/image_a+0.94_0080_163_0_230.e9_6.2e9_3.94933e+24_1.dat
        81       0.532923        4.15752       -215.014        2.53124        3.40291        2.98566       -804.072     /gpfs/hpu/EHT2/IHARM/MAD/MAD_a+0.94_384x192x192_IHARM/m_1_1_1/image_a+0.94_0081_163_0_230.e9_6.2e9_3.94933e+24_1.dat
        82        0.62252        3.56323       -187.126         5.6073        12.6897         9.4805       -1667.81     /gpfs/hpu/EHT2/IHARM/MAD/MAD_a+0.94_384x192x192_IHARM/m_1_1_1/image_a+0.94_0082_163_0_230.e9_6.2e9_3.94933e+24_1.dat
        83       0.613974        3.76218        -207.94        7.39674        11.1613        9.40207       -1690.87     /gpfs/hpu/EHT2/IHARM/MAD/MAD_a+0.94_384x192x192_IHARM/m_1_1_1/image_a+0.94_0083_163_0_230.e9_6.2e9_3.94933e+24_1.dat
        84       0.466751        3.96793       -239.347        2.87886        5.59776        4.35697       -939.671     /gpfs/hpu/EHT2/IHARM/MAD/MAD_a+0.94_384x192x192_IHARM/m_1_1_1/image_a+0.94_0084_163_0_230.e9_6.2e9_3.94933e+24_1.dat
        85        0.48433        3.54876       -259.643         7.0184        6.36304        6.56882       -1238.98     /gpfs/hpu/EHT2/IHARM/MAD/MAD_a+0.94_384x192x192_IHARM/m_1_1_1/image_a+0.94_0085_163_0_230.e9_6.2e9_3.94933e+24_1.dat
        86       0.737872        3.60036       -298.575        5.15477        22.1285        14.5375        -2376.7     /gpfs/hpu/EHT2/IHARM/MAD/MAD_a+0.94_384x192x192_IHARM/m_1_1_1/image_a+0.94_0086_163_0_230.e9_6.2e9_3.94933e+24_1.dat
        87       0.590899        3.92926       -244.483        3.57558        4.38584         3.9832        -999.07     /gpfs/hpu/EHT2/IHARM/MAD/MAD_a+0.94_384x192x192_IHARM/m_1_1_1/image_a+0.94_0087_163_0_230.e9_6.2e9_3.94933e+24_1.dat
        88       0.611386        3.78344       -247.346        3.06507        3.81365        3.44454       -921.894     /gpfs/hpu/EHT2/IHARM/MAD/MAD_a+0.94_384x192x192_IHARM/m_1_1_1/image_a+0.94_0088_163_0_230.e9_6.2e9_3.94933e+24_1.dat
        89        0.56869        4.37572        53.7887        3.32645        6.29178        4.93628       -990.351     /gpfs/hpu/EHT2/IHARM/MAD/MAD_a+0.94_384x192x192_IHARM/m_1_1_1/image_a+0.94_0089_163_0_230.e9_6.2e9_3.94933e+24_1.dat
        90       0.806695        3.52626        -228.47        8.26615        26.9024        18.5363       -2848.77     /gpfs/hpu/EHT2/IHARM/MAD/MAD_a+0.94_384x192x192_IHARM/m_1_1_1/image_a+0.94_0090_163_0_230.e9_6.2e9_3.94933e+24_1.dat
        91        0.66069        3.48353       -214.008        4.10054        8.32822        6.40344       -1256.23     /gpfs/hpu/EHT2/IHARM/MAD/MAD_a+0.94_384x192x192_IHARM/m_1_1_1/image_a+0.94_0091_163_0_230.e9_6.2e9_3.94933e+24_1.dat
        92       0.674257        3.85352       -147.324        3.23327         5.2878         4.3374       -985.489     /gpfs/hpu/EHT2/IHARM/MAD/MAD_a+0.94_384x192x192_IHARM/m_1_1_1/image_a+0.94_0092_163_0_230.e9_6.2e9_3.94933e+24_1.dat
        93       0.588462        4.20162       -187.961        10.6192        6.81641        8.37468       -1473.63     /gpfs/hpu/EHT2/IHARM/MAD/MAD_a+0.94_384x192x192_IHARM/m_1_1_1/image_a+0.94_0093_163_0_230.e9_6.2e9_3.94933e+24_1.dat
        94       0.493293        3.78625        -219.08        3.36956        3.21489        3.24273       -805.466     /gpfs/hpu/EHT2/IHARM/MAD/MAD_a+0.94_384x192x192_IHARM/m_1_1_1/image_a+0.94_0094_163_0_230.e9_6.2e9_3.94933e+24_1.dat
        95       0.448921        3.81713       -223.567        3.74123        4.41545        4.07114       -886.777     /gpfs/hpu/EHT2/IHARM/MAD/MAD_a+0.94_384x192x192_IHARM/m_1_1_1/image_a+0.94_0095_163_0_230.e9_6.2e9_3.94933e+24_1.dat
        96        0.44211        3.88972       -259.366        2.69333        3.18107        2.93215       -741.898     /gpfs/hpu/EHT2/IHARM/MAD/MAD_a+0.94_384x192x192_IHARM/m_1_1_1/image_a+0.94_0096_163_0_230.e9_6.2e9_3.94933e+24_1.dat
        97       0.435012        3.95406       -190.719        6.11382        7.64726        6.89315       -1268.93     /gpfs/hpu/EHT2/IHARM/MAD/MAD_a+0.94_384x192x192_IHARM/m_1_1_1/image_a+0.94_0097_163_0_230.e9_6.2e9_3.94933e+24_1.dat
        98       0.480309        3.78458       -216.175        4.18477        2.91975        3.43023       -819.391     /gpfs/hpu/EHT2/IHARM/MAD/MAD_a+0.94_384x192x192_IHARM/m_1_1_1/image_a+0.94_0098_163_0_230.e9_6.2e9_3.94933e+24_1.dat
        99       0.564669        3.83889       -172.855        10.2487        5.10349        7.26166       -1391.87     /gpfs/hpu/EHT2/IHARM/MAD/MAD_a+0.94_384x192x192_IHARM/m_1_1_1/image_a+0.94_0099_163_0_230.e9_6.2e9_3.94933e+24_1.dat
