   # Index         I (Jy)      M/D (uas)       PA (deg)  VA red. chisq  CP red. chisq     red. chisq     log-liklhd     FileName
         0       0.981382        3.53293        113.586        3.45751        9.98361        7.04714        -1458.4     /gpfs/hpu/EHT2/IHARM/MAD/MAD_a-0.5_384x192x192_IHARM/m_1_1_80/image_a-0.5_0000_17_0_230.e9_6.2e9_3.16368e+25_80.dat
         1        1.15986        3.41651        60.4232        6.07251        67.3805         40.114       -6810.35     /gpfs/hpu/EHT2/IHARM/MAD/MAD_a-0.5_384x192x192_IHARM/m_1_1_80/image_a-0.5_0001_17_0_230.e9_6.2e9_3.16368e+25_80.dat
         2       0.705896        3.47966        137.601        6.09427        26.9047        17.6005        -2847.4     /gpfs/hpu/EHT2/IHARM/MAD/MAD_a-0.5_384x192x192_IHARM/m_1_1_80/image_a-0.5_0002_17_0_230.e9_6.2e9_3.16368e+25_80.dat
         3       0.911118        3.14058        128.757        12.8842        73.6295        46.5301       -6472.34     /gpfs/hpu/EHT2/IHARM/MAD/MAD_a-0.5_384x192x192_IHARM/m_1_1_80/image_a-0.5_0003_17_0_230.e9_6.2e9_3.16368e+25_80.dat
         4       0.835933         3.5947        270.114        11.1855        20.1478        16.0373       -2517.96     /gpfs/hpu/EHT2/IHARM/MAD/MAD_a-0.5_384x192x192_IHARM/m_1_1_80/image_a-0.5_0004_17_0_230.e9_6.2e9_3.16368e+25_80.dat
         5       0.740126        3.69734        310.784        7.01881        34.8008        22.3932       -3197.02     /gpfs/hpu/EHT2/IHARM/MAD/MAD_a-0.5_384x192x192_IHARM/m_1_1_80/image_a-0.5_0005_17_0_230.e9_6.2e9_3.16368e+25_80.dat
         6       0.734557        3.78177        240.802        14.1856        58.4898        38.6671       -5226.66     /gpfs/hpu/EHT2/IHARM/MAD/MAD_a-0.5_384x192x192_IHARM/m_1_1_80/image_a-0.5_0006_17_0_230.e9_6.2e9_3.16368e+25_80.dat
         7        0.76405        2.95466         115.87        18.4102        103.075        65.2993       -10170.9     /gpfs/hpu/EHT2/IHARM/MAD/MAD_a-0.5_384x192x192_IHARM/m_1_1_80/image_a-0.5_0007_17_0_230.e9_6.2e9_3.16368e+25_80.dat
         8       0.777065        3.10167        146.695        7.01788        162.233        93.3028       -14606.7     /gpfs/hpu/EHT2/IHARM/MAD/MAD_a-0.5_384x192x192_IHARM/m_1_1_80/image_a-0.5_0008_17_0_230.e9_6.2e9_3.16368e+25_80.dat
         9       0.892733        3.80978         278.11        4.55775        6.41297        5.53496       -1189.14     /gpfs/hpu/EHT2/IHARM/MAD/MAD_a-0.5_384x192x192_IHARM/m_1_1_80/image_a-0.5_0009_17_0_230.e9_6.2e9_3.16368e+25_80.dat
        10       0.832971        3.84885        311.974        7.13755        7.72256        7.37674       -1455.33     /gpfs/hpu/EHT2/IHARM/MAD/MAD_a-0.5_384x192x192_IHARM/m_1_1_80/image_a-0.5_0010_17_0_230.e9_6.2e9_3.16368e+25_80.dat
        11       0.540105        3.98976         349.69        3.48558        17.8744        11.4501       -1821.25     /gpfs/hpu/EHT2/IHARM/MAD/MAD_a-0.5_384x192x192_IHARM/m_1_1_80/image_a-0.5_0011_17_0_230.e9_6.2e9_3.16368e+25_80.dat
        12       0.624048         3.5611        359.653        4.53405        6.57072        5.61251       -1177.62     /gpfs/hpu/EHT2/IHARM/MAD/MAD_a-0.5_384x192x192_IHARM/m_1_1_80/image_a-0.5_0012_17_0_230.e9_6.2e9_3.16368e+25_80.dat
        13        1.36714        3.40663        302.798        17.2202         17.483        17.1581       -3622.45     /gpfs/hpu/EHT2/IHARM/MAD/MAD_a-0.5_384x192x192_IHARM/m_1_1_80/image_a-0.5_0013_17_0_230.e9_6.2e9_3.16368e+25_80.dat
        14       0.505344        3.47026        326.173        3.74106        8.12642        6.13604       -1189.98     /gpfs/hpu/EHT2/IHARM/MAD/MAD_a-0.5_384x192x192_IHARM/m_1_1_80/image_a-0.5_0014_17_0_230.e9_6.2e9_3.16368e+25_80.dat
        15        1.02699        3.21371        316.401          4.574        12.5945        8.98168       -1760.24     /gpfs/hpu/EHT2/IHARM/MAD/MAD_a-0.5_384x192x192_IHARM/m_1_1_80/image_a-0.5_0015_17_0_230.e9_6.2e9_3.16368e+25_80.dat
        16       0.683659        3.05658        328.687        4.30314        7.80655        6.20056       -1286.94     /gpfs/hpu/EHT2/IHARM/MAD/MAD_a-0.5_384x192x192_IHARM/m_1_1_80/image_a-0.5_0016_17_0_230.e9_6.2e9_3.16368e+25_80.dat
        17       0.458855         3.2578        310.286        20.9172          37.31         29.786       -4150.62     /gpfs/hpu/EHT2/IHARM/MAD/MAD_a-0.5_384x192x192_IHARM/m_1_1_80/image_a-0.5_0017_17_0_230.e9_6.2e9_3.16368e+25_80.dat
        18        0.56056        3.11991        350.632        14.7156          12.47         13.288       -2169.39     /gpfs/hpu/EHT2/IHARM/MAD/MAD_a-0.5_384x192x192_IHARM/m_1_1_80/image_a-0.5_0018_17_0_230.e9_6.2e9_3.16368e+25_80.dat
        19       0.436118        3.29452        359.978        5.33507        6.08321        5.68684       -1088.89     /gpfs/hpu/EHT2/IHARM/MAD/MAD_a-0.5_384x192x192_IHARM/m_1_1_80/image_a-0.5_0019_17_0_230.e9_6.2e9_3.16368e+25_80.dat
        20       0.411054        3.23012        317.255         21.852        28.5114        25.2933        -3528.5     /gpfs/hpu/EHT2/IHARM/MAD/MAD_a-0.5_384x192x192_IHARM/m_1_1_80/image_a-0.5_0020_17_0_230.e9_6.2e9_3.16368e+25_80.dat
        21       0.544673        3.22198         355.54        4.03523        5.08319        4.56956       -1052.34     /gpfs/hpu/EHT2/IHARM/MAD/MAD_a-0.5_384x192x192_IHARM/m_1_1_80/image_a-0.5_0021_17_0_230.e9_6.2e9_3.16368e+25_80.dat
        22       0.468262        3.17729        337.692        2.81219        8.85099        6.13847       -1156.11     /gpfs/hpu/EHT2/IHARM/MAD/MAD_a-0.5_384x192x192_IHARM/m_1_1_80/image_a-0.5_0022_17_0_230.e9_6.2e9_3.16368e+25_80.dat
        23       0.915536        3.03142        357.887        10.0616        9.35219        9.54512       -1841.53     /gpfs/hpu/EHT2/IHARM/MAD/MAD_a-0.5_384x192x192_IHARM/m_1_1_80/image_a-0.5_0023_17_0_230.e9_6.2e9_3.16368e+25_80.dat
        24       0.458557        3.22119        331.179        18.2169        25.9537        22.3017       -3263.36     /gpfs/hpu/EHT2/IHARM/MAD/MAD_a-0.5_384x192x192_IHARM/m_1_1_80/image_a-0.5_0024_17_0_230.e9_6.2e9_3.16368e+25_80.dat
        25       0.422166        3.09246        359.717        3.55683        6.49078        5.14641       -1029.58     /gpfs/hpu/EHT2/IHARM/MAD/MAD_a-0.5_384x192x192_IHARM/m_1_1_80/image_a-0.5_0025_17_0_230.e9_6.2e9_3.16368e+25_80.dat
        26       0.399251        3.48987       -315.714        7.65504        8.94396        8.27966       -1490.86     /gpfs/hpu/EHT2/IHARM/MAD/MAD_a-0.5_384x192x192_IHARM/m_1_1_80/image_a-0.5_0026_17_0_230.e9_6.2e9_3.16368e+25_80.dat
        27       0.500355        3.49366        -318.97        4.24773        10.6773        7.77411        -1392.1     /gpfs/hpu/EHT2/IHARM/MAD/MAD_a-0.5_384x192x192_IHARM/m_1_1_80/image_a-0.5_0027_17_0_230.e9_6.2e9_3.16368e+25_80.dat
        28       0.381124        3.58904       -272.712        11.5434        55.2914        35.7474        -4831.7     /gpfs/hpu/EHT2/IHARM/MAD/MAD_a-0.5_384x192x192_IHARM/m_1_1_80/image_a-0.5_0028_17_0_230.e9_6.2e9_3.16368e+25_80.dat
        29       0.576358        3.21756       -164.886        10.8424        14.4664        12.7278       -2070.12     /gpfs/hpu/EHT2/IHARM/MAD/MAD_a-0.5_384x192x192_IHARM/m_1_1_80/image_a-0.5_0029_17_0_230.e9_6.2e9_3.16368e+25_80.dat
        30       0.819311        3.32853       -167.708        4.69212        29.0875        18.2102       -2856.51     /gpfs/hpu/EHT2/IHARM/MAD/MAD_a-0.5_384x192x192_IHARM/m_1_1_80/image_a-0.5_0030_17_0_230.e9_6.2e9_3.16368e+25_80.dat
        31       0.832887         3.2064       -170.656        5.57525        11.8108        8.97758       -1828.02     /gpfs/hpu/EHT2/IHARM/MAD/MAD_a-0.5_384x192x192_IHARM/m_1_1_80/image_a-0.5_0031_17_0_230.e9_6.2e9_3.16368e+25_80.dat
        32       0.578063        3.67226       -125.202        6.51149        9.68369         8.1979       -1508.03     /gpfs/hpu/EHT2/IHARM/MAD/MAD_a-0.5_384x192x192_IHARM/m_1_1_80/image_a-0.5_0032_17_0_230.e9_6.2e9_3.16368e+25_80.dat
        33       0.744538        3.82948       -104.892        3.11906        12.9822        8.56971        -1599.5     /gpfs/hpu/EHT2/IHARM/MAD/MAD_a-0.5_384x192x192_IHARM/m_1_1_80/image_a-0.5_0033_17_0_230.e9_6.2e9_3.16368e+25_80.dat
        34       0.450711        3.48247       -110.636        2.38558         4.6245        3.60257       -842.572     /gpfs/hpu/EHT2/IHARM/MAD/MAD_a-0.5_384x192x192_IHARM/m_1_1_80/image_a-0.5_0034_17_0_230.e9_6.2e9_3.16368e+25_80.dat
        35       0.563184        3.52169       -84.3191        2.39281        4.34855        3.45214        -887.16     /gpfs/hpu/EHT2/IHARM/MAD/MAD_a-0.5_384x192x192_IHARM/m_1_1_80/image_a-0.5_0035_17_0_230.e9_6.2e9_3.16368e+25_80.dat
        36        0.64022        3.26629       -88.5072        6.80014        6.13218         6.3462        -1291.3     /gpfs/hpu/EHT2/IHARM/MAD/MAD_a-0.5_384x192x192_IHARM/m_1_1_80/image_a-0.5_0036_17_0_230.e9_6.2e9_3.16368e+25_80.dat
        37       0.531873        3.50293       -61.5191         7.3295        7.62241        7.40383       -1338.76     /gpfs/hpu/EHT2/IHARM/MAD/MAD_a-0.5_384x192x192_IHARM/m_1_1_80/image_a-0.5_0037_17_0_230.e9_6.2e9_3.16368e+25_80.dat
        38        0.56506        3.65607       -61.3816        3.50456        5.31336        4.46868       -957.262     /gpfs/hpu/EHT2/IHARM/MAD/MAD_a-0.5_384x192x192_IHARM/m_1_1_80/image_a-0.5_0038_17_0_230.e9_6.2e9_3.16368e+25_80.dat
        39       0.557033        3.34109       -124.697        3.32272         6.4224        5.00735       -1066.46     /gpfs/hpu/EHT2/IHARM/MAD/MAD_a-0.5_384x192x192_IHARM/m_1_1_80/image_a-0.5_0039_17_0_230.e9_6.2e9_3.16368e+25_80.dat
        40       0.560783        3.33042       -123.708        5.84461        12.4494        9.44914       -1641.38     /gpfs/hpu/EHT2/IHARM/MAD/MAD_a-0.5_384x192x192_IHARM/m_1_1_80/image_a-0.5_0040_17_0_230.e9_6.2e9_3.16368e+25_80.dat
        41        0.74118        3.34981       -86.8535        5.57937         18.232        12.5525       -2253.03     /gpfs/hpu/EHT2/IHARM/MAD/MAD_a-0.5_384x192x192_IHARM/m_1_1_80/image_a-0.5_0041_17_0_230.e9_6.2e9_3.16368e+25_80.dat
        42       0.754563        3.67473        -75.203        15.8719        55.5809        37.7761       -5446.86     /gpfs/hpu/EHT2/IHARM/MAD/MAD_a-0.5_384x192x192_IHARM/m_1_1_80/image_a-0.5_0042_17_0_230.e9_6.2e9_3.16368e+25_80.dat
        43        1.09024        3.69696       -64.9853        8.32204        25.7469        17.9175       -2799.61     /gpfs/hpu/EHT2/IHARM/MAD/MAD_a-0.5_384x192x192_IHARM/m_1_1_80/image_a-0.5_0043_17_0_230.e9_6.2e9_3.16368e+25_80.dat
        44        0.62698        3.67162       -61.0022        5.03298        9.82404        7.63809       -1367.38     /gpfs/hpu/EHT2/IHARM/MAD/MAD_a-0.5_384x192x192_IHARM/m_1_1_80/image_a-0.5_0044_17_0_230.e9_6.2e9_3.16368e+25_80.dat
        45       0.649852        3.77928        -46.069         1.6944        7.36443          4.829          -1088     /gpfs/hpu/EHT2/IHARM/MAD/MAD_a-0.5_384x192x192_IHARM/m_1_1_80/image_a-0.5_0045_17_0_230.e9_6.2e9_3.16368e+25_80.dat
        46       0.697549        3.65581        1.69148        2.49756        5.73066        4.26641       -999.876     /gpfs/hpu/EHT2/IHARM/MAD/MAD_a-0.5_384x192x192_IHARM/m_1_1_80/image_a-0.5_0046_17_0_230.e9_6.2e9_3.16368e+25_80.dat
        47       0.461691        3.17549        33.2184        12.2956         14.251        13.2349       -2112.41     /gpfs/hpu/EHT2/IHARM/MAD/MAD_a-0.5_384x192x192_IHARM/m_1_1_80/image_a-0.5_0047_17_0_230.e9_6.2e9_3.16368e+25_80.dat
        48       0.659711        3.57973        26.9868        6.82772        11.3076        9.23797       -1609.81     /gpfs/hpu/EHT2/IHARM/MAD/MAD_a-0.5_384x192x192_IHARM/m_1_1_80/image_a-0.5_0048_17_0_230.e9_6.2e9_3.16368e+25_80.dat
        49       0.670468        3.49509        36.4287        4.68685        8.26152        6.61928       -1275.42     /gpfs/hpu/EHT2/IHARM/MAD/MAD_a-0.5_384x192x192_IHARM/m_1_1_80/image_a-0.5_0049_17_0_230.e9_6.2e9_3.16368e+25_80.dat
        50       0.740374        3.49169         71.816        6.88337        33.8894        21.8276       -3323.15     /gpfs/hpu/EHT2/IHARM/MAD/MAD_a-0.5_384x192x192_IHARM/m_1_1_80/image_a-0.5_0050_17_0_230.e9_6.2e9_3.16368e+25_80.dat
        51       0.749705         3.7736        102.286        4.41449        15.9048        10.7549       -1885.66     /gpfs/hpu/EHT2/IHARM/MAD/MAD_a-0.5_384x192x192_IHARM/m_1_1_80/image_a-0.5_0051_17_0_230.e9_6.2e9_3.16368e+25_80.dat
        52        1.06921        3.97755        88.4174        6.34333         44.129        27.2925       -4067.21     /gpfs/hpu/EHT2/IHARM/MAD/MAD_a-0.5_384x192x192_IHARM/m_1_1_80/image_a-0.5_0052_17_0_230.e9_6.2e9_3.16368e+25_80.dat
        53       0.719416        3.53539        70.9854        3.56315        40.6873        24.1778       -3544.04     /gpfs/hpu/EHT2/IHARM/MAD/MAD_a-0.5_384x192x192_IHARM/m_1_1_80/image_a-0.5_0053_17_0_230.e9_6.2e9_3.16368e+25_80.dat
        54       0.917854        4.37683        66.0882        7.74239        128.306        74.7366       -9776.15     /gpfs/hpu/EHT2/IHARM/MAD/MAD_a-0.5_384x192x192_IHARM/m_1_1_80/image_a-0.5_0054_17_0_230.e9_6.2e9_3.16368e+25_80.dat
        55       0.610225        3.38448        -31.135         5.0638        8.98923        7.18686       -1379.22     /gpfs/hpu/EHT2/IHARM/MAD/MAD_a-0.5_384x192x192_IHARM/m_1_1_80/image_a-0.5_0055_17_0_230.e9_6.2e9_3.16368e+25_80.dat
        56       0.451647         3.2963       -7.44038        2.76943        9.16673        6.29572       -1245.98     /gpfs/hpu/EHT2/IHARM/MAD/MAD_a-0.5_384x192x192_IHARM/m_1_1_80/image_a-0.5_0056_17_0_230.e9_6.2e9_3.16368e+25_80.dat
        57       0.833217        3.21226       -22.5649        4.49926        8.95193        6.92253       -1466.71     /gpfs/hpu/EHT2/IHARM/MAD/MAD_a-0.5_384x192x192_IHARM/m_1_1_80/image_a-0.5_0057_17_0_230.e9_6.2e9_3.16368e+25_80.dat
        58       0.415545        3.51295        13.8078        8.31807        17.6647        13.4184       -2452.61     /gpfs/hpu/EHT2/IHARM/MAD/MAD_a-0.5_384x192x192_IHARM/m_1_1_80/image_a-0.5_0058_17_0_230.e9_6.2e9_3.16368e+25_80.dat
        59       0.322981         3.5263       -48.8018        11.4868        13.6458        12.5492       -2016.42     /gpfs/hpu/EHT2/IHARM/MAD/MAD_a-0.5_384x192x192_IHARM/m_1_1_80/image_a-0.5_0059_17_0_230.e9_6.2e9_3.16368e+25_80.dat
        60       0.495963        3.61439       -64.9069        6.93655        10.5519        8.86442        -1521.1     /gpfs/hpu/EHT2/IHARM/MAD/MAD_a-0.5_384x192x192_IHARM/m_1_1_80/image_a-0.5_0060_17_0_230.e9_6.2e9_3.16368e+25_80.dat
        61       0.388933         3.4625       -48.7344        22.8952        55.6497        40.8446       -5480.36     /gpfs/hpu/EHT2/IHARM/MAD/MAD_a-0.5_384x192x192_IHARM/m_1_1_80/image_a-0.5_0061_17_0_230.e9_6.2e9_3.16368e+25_80.dat
        62       0.502767        3.87807        73.7167        12.9911        26.1129        20.1356       -2990.64     /gpfs/hpu/EHT2/IHARM/MAD/MAD_a-0.5_384x192x192_IHARM/m_1_1_80/image_a-0.5_0062_17_0_230.e9_6.2e9_3.16368e+25_80.dat
        63       0.719709        3.64218        85.0039        19.0978        16.5532        17.4509       -3521.28     /gpfs/hpu/EHT2/IHARM/MAD/MAD_a-0.5_384x192x192_IHARM/m_1_1_80/image_a-0.5_0063_17_0_230.e9_6.2e9_3.16368e+25_80.dat
        64       0.626831        3.85689        33.5945        7.55136        30.8912        20.4475       -2973.16     /gpfs/hpu/EHT2/IHARM/MAD/MAD_a-0.5_384x192x192_IHARM/m_1_1_80/image_a-0.5_0064_17_0_230.e9_6.2e9_3.16368e+25_80.dat
        65       0.549721        3.24033       -250.748        5.62648        9.56866        7.75205       -1556.04     /gpfs/hpu/EHT2/IHARM/MAD/MAD_a-0.5_384x192x192_IHARM/m_1_1_80/image_a-0.5_0065_17_0_230.e9_6.2e9_3.16368e+25_80.dat
        66        0.79899        3.75817       -149.937        8.86334        33.0523        22.2161       -3327.79     /gpfs/hpu/EHT2/IHARM/MAD/MAD_a-0.5_384x192x192_IHARM/m_1_1_80/image_a-0.5_0066_17_0_230.e9_6.2e9_3.16368e+25_80.dat
        67       0.698757        3.79913       -99.5081         6.0317         9.6792         7.9884       -1474.81     /gpfs/hpu/EHT2/IHARM/MAD/MAD_a-0.5_384x192x192_IHARM/m_1_1_80/image_a-0.5_0067_17_0_230.e9_6.2e9_3.16368e+25_80.dat
        68       0.550491        3.52158       -82.4072         2.4393        6.01166        4.39763       -1001.86     /gpfs/hpu/EHT2/IHARM/MAD/MAD_a-0.5_384x192x192_IHARM/m_1_1_80/image_a-0.5_0068_17_0_230.e9_6.2e9_3.16368e+25_80.dat
        69       0.589673        3.67575       -53.9104        3.08314        5.11717        4.17768       -1044.82     /gpfs/hpu/EHT2/IHARM/MAD/MAD_a-0.5_384x192x192_IHARM/m_1_1_80/image_a-0.5_0069_17_0_230.e9_6.2e9_3.16368e+25_80.dat
        70       0.574273        3.38714       -36.3987        9.63249        13.6389        11.7453       -1876.59     /gpfs/hpu/EHT2/IHARM/MAD/MAD_a-0.5_384x192x192_IHARM/m_1_1_80/image_a-0.5_0070_17_0_230.e9_6.2e9_3.16368e+25_80.dat
        71       0.470093        3.42532       -76.1177        5.87503        6.67607         6.2497       -1179.23     /gpfs/hpu/EHT2/IHARM/MAD/MAD_a-0.5_384x192x192_IHARM/m_1_1_80/image_a-0.5_0071_17_0_230.e9_6.2e9_3.16368e+25_80.dat
        72       0.519782        3.36639       0.512637         6.1569        14.0469        10.4729       -1918.26     /gpfs/hpu/EHT2/IHARM/MAD/MAD_a-0.5_384x192x192_IHARM/m_1_1_80/image_a-0.5_0072_17_0_230.e9_6.2e9_3.16368e+25_80.dat
        73       0.730163        3.65239        23.7812        8.89712        12.6018         10.851        -1928.5     /gpfs/hpu/EHT2/IHARM/MAD/MAD_a-0.5_384x192x192_IHARM/m_1_1_80/image_a-0.5_0073_17_0_230.e9_6.2e9_3.16368e+25_80.dat
        74       0.579388         3.4827        11.9441        3.11458        3.65981         3.3803       -913.914     /gpfs/hpu/EHT2/IHARM/MAD/MAD_a-0.5_384x192x192_IHARM/m_1_1_80/image_a-0.5_0074_17_0_230.e9_6.2e9_3.16368e+25_80.dat
        75       0.485812        3.36641       -49.0546        2.29491        5.23553        3.90346       -888.184     /gpfs/hpu/EHT2/IHARM/MAD/MAD_a-0.5_384x192x192_IHARM/m_1_1_80/image_a-0.5_0075_17_0_230.e9_6.2e9_3.16368e+25_80.dat
        76       0.732792        3.23939       -99.3757        9.80461        9.86186        9.71786       -1715.35     /gpfs/hpu/EHT2/IHARM/MAD/MAD_a-0.5_384x192x192_IHARM/m_1_1_80/image_a-0.5_0076_17_0_230.e9_6.2e9_3.16368e+25_80.dat
        77       0.530717        3.43381       -88.9409        7.19839        21.7244        15.1943       -2311.87     /gpfs/hpu/EHT2/IHARM/MAD/MAD_a-0.5_384x192x192_IHARM/m_1_1_80/image_a-0.5_0077_17_0_230.e9_6.2e9_3.16368e+25_80.dat
        78       0.716744        3.90665       -28.9037        7.98917        31.4674         20.957        -3282.5     /gpfs/hpu/EHT2/IHARM/MAD/MAD_a-0.5_384x192x192_IHARM/m_1_1_80/image_a-0.5_0078_17_0_230.e9_6.2e9_3.16368e+25_80.dat
        79       0.616514        3.19176        74.7995        6.82128        28.4118        18.7529        -2928.4     /gpfs/hpu/EHT2/IHARM/MAD/MAD_a-0.5_384x192x192_IHARM/m_1_1_80/image_a-0.5_0079_17_0_230.e9_6.2e9_3.16368e+25_80.dat
        80       0.589159        3.15768        83.1209         6.5189        25.2401        16.8575       -2623.51     /gpfs/hpu/EHT2/IHARM/MAD/MAD_a-0.5_384x192x192_IHARM/m_1_1_80/image_a-0.5_0080_17_0_230.e9_6.2e9_3.16368e+25_80.dat
        81       0.405818        3.25484        90.1503        8.05725        23.7844        16.7112       -2504.37     /gpfs/hpu/EHT2/IHARM/MAD/MAD_a-0.5_384x192x192_IHARM/m_1_1_80/image_a-0.5_0081_17_0_230.e9_6.2e9_3.16368e+25_80.dat
        82        0.95004        3.91734        26.4866        7.13854        20.1867        14.3128        -2323.5     /gpfs/hpu/EHT2/IHARM/MAD/MAD_a-0.5_384x192x192_IHARM/m_1_1_80/image_a-0.5_0082_17_0_230.e9_6.2e9_3.16368e+25_80.dat
        83       0.684031        3.35657        14.3556        11.7668        32.9801        23.4287       -3557.56     /gpfs/hpu/EHT2/IHARM/MAD/MAD_a-0.5_384x192x192_IHARM/m_1_1_80/image_a-0.5_0083_17_0_230.e9_6.2e9_3.16368e+25_80.dat
        84       0.650779        3.62756       -83.0196        8.04763        26.2931         18.103       -2742.67     /gpfs/hpu/EHT2/IHARM/MAD/MAD_a-0.5_384x192x192_IHARM/m_1_1_80/image_a-0.5_0084_17_0_230.e9_6.2e9_3.16368e+25_80.dat
        85       0.800582        3.41095        31.3796        10.5005        24.8188        18.3409       -3086.76     /gpfs/hpu/EHT2/IHARM/MAD/MAD_a-0.5_384x192x192_IHARM/m_1_1_80/image_a-0.5_0085_17_0_230.e9_6.2e9_3.16368e+25_80.dat
        86       0.700781        3.63816       -62.7422        7.80401        37.9089        24.4615       -3539.97     /gpfs/hpu/EHT2/IHARM/MAD/MAD_a-0.5_384x192x192_IHARM/m_1_1_80/image_a-0.5_0086_17_0_230.e9_6.2e9_3.16368e+25_80.dat
        87       0.646054        3.37671        53.4219        13.0794         31.633        23.2454       -3435.33     /gpfs/hpu/EHT2/IHARM/MAD/MAD_a-0.5_384x192x192_IHARM/m_1_1_80/image_a-0.5_0087_17_0_230.e9_6.2e9_3.16368e+25_80.dat
        88       0.911427        3.60019       -55.1723        10.2964         32.893        22.7457       -3511.09     /gpfs/hpu/EHT2/IHARM/MAD/MAD_a-0.5_384x192x192_IHARM/m_1_1_80/image_a-0.5_0088_17_0_230.e9_6.2e9_3.16368e+25_80.dat
        89       0.543489         3.1042        21.1379        5.92792        14.3655        10.5513       -1785.58     /gpfs/hpu/EHT2/IHARM/MAD/MAD_a-0.5_384x192x192_IHARM/m_1_1_80/image_a-0.5_0089_17_0_230.e9_6.2e9_3.16368e+25_80.dat
        90       0.477564        3.45662        23.3069        3.25691        6.54984        5.04987       -1040.77     /gpfs/hpu/EHT2/IHARM/MAD/MAD_a-0.5_384x192x192_IHARM/m_1_1_80/image_a-0.5_0090_17_0_230.e9_6.2e9_3.16368e+25_80.dat
        91       0.751224        3.37458        36.1212        6.69525        15.3388         11.424       -2108.16     /gpfs/hpu/EHT2/IHARM/MAD/MAD_a-0.5_384x192x192_IHARM/m_1_1_80/image_a-0.5_0091_17_0_230.e9_6.2e9_3.16368e+25_80.dat
        92       0.581781        3.81289        61.8894        6.13143        10.7794        8.64365       -1601.93     /gpfs/hpu/EHT2/IHARM/MAD/MAD_a-0.5_384x192x192_IHARM/m_1_1_80/image_a-0.5_0092_17_0_230.e9_6.2e9_3.16368e+25_80.dat
        93        0.62932        3.48193        54.8341         6.2508        12.8598        9.85278       -1766.15     /gpfs/hpu/EHT2/IHARM/MAD/MAD_a-0.5_384x192x192_IHARM/m_1_1_80/image_a-0.5_0093_17_0_230.e9_6.2e9_3.16368e+25_80.dat
        94       0.523096        3.39941        61.8207        4.49116        13.3219        9.35072       -1642.24     /gpfs/hpu/EHT2/IHARM/MAD/MAD_a-0.5_384x192x192_IHARM/m_1_1_80/image_a-0.5_0094_17_0_230.e9_6.2e9_3.16368e+25_80.dat
        95       0.534954        3.41711        74.4553        5.34651        24.1136        15.7248       -2668.63     /gpfs/hpu/EHT2/IHARM/MAD/MAD_a-0.5_384x192x192_IHARM/m_1_1_80/image_a-0.5_0095_17_0_230.e9_6.2e9_3.16368e+25_80.dat
        96        0.38789        3.87733         114.75        8.35499        18.0506         13.649       -2097.66     /gpfs/hpu/EHT2/IHARM/MAD/MAD_a-0.5_384x192x192_IHARM/m_1_1_80/image_a-0.5_0096_17_0_230.e9_6.2e9_3.16368e+25_80.dat
        97       0.669788        3.87824        182.818        4.43619        8.41433        6.59617       -1328.45     /gpfs/hpu/EHT2/IHARM/MAD/MAD_a-0.5_384x192x192_IHARM/m_1_1_80/image_a-0.5_0097_17_0_230.e9_6.2e9_3.16368e+25_80.dat
        98       0.584916        3.46476        168.351        9.99788        62.8191        39.2694       -5599.24     /gpfs/hpu/EHT2/IHARM/MAD/MAD_a-0.5_384x192x192_IHARM/m_1_1_80/image_a-0.5_0098_17_0_230.e9_6.2e9_3.16368e+25_80.dat
        99         0.7804        3.81836        295.773        3.40907        12.9488        8.67624       -1681.39     /gpfs/hpu/EHT2/IHARM/MAD/MAD_a-0.5_384x192x192_IHARM/m_1_1_80/image_a-0.5_0099_17_0_230.e9_6.2e9_3.16368e+25_80.dat
