   # Index         I (Jy)      M/D (uas)       PA (deg)  VA red. chisq  CP red. chisq     red. chisq     log-liklhd     FileName
         0       0.406745        3.47072       -82.9003        5.24415        7.45488        6.41088       -1185.34     /gpfs/hpu/EHT2/IHARM/SANE/SANE_a-0.94_288x128x128_IHARM/m_1_1_160/image_a-0.94_1200_17_0_230.e9_6.2e9_1.65703e+29_160.dat
         1       0.737583        3.55205       -62.6934        10.1506        11.8094        10.9509       -1840.74     /gpfs/hpu/EHT2/IHARM/SANE/SANE_a-0.94_288x128x128_IHARM/m_1_1_160/image_a-0.94_1206_17_0_230.e9_6.2e9_1.65703e+29_160.dat
         2       0.573242        3.39294       -35.5103        7.20018        11.0314        9.24497       -1569.54     /gpfs/hpu/EHT2/IHARM/SANE/SANE_a-0.94_288x128x128_IHARM/m_1_1_160/image_a-0.94_1212_17_0_230.e9_6.2e9_1.65703e+29_160.dat
         3        0.64445        3.23262       -62.5408        10.4357        6.51005        8.12504        -1504.3     /gpfs/hpu/EHT2/IHARM/SANE/SANE_a-0.94_288x128x128_IHARM/m_1_1_160/image_a-0.94_1218_17_0_230.e9_6.2e9_1.65703e+29_160.dat
         4       0.697592        3.37196       -38.5449        3.10253        8.17828        5.88941       -1264.41     /gpfs/hpu/EHT2/IHARM/SANE/SANE_a-0.94_288x128x128_IHARM/m_1_1_160/image_a-0.94_1224_17_0_230.e9_6.2e9_1.65703e+29_160.dat
         5       0.694115        3.54276       -100.725        6.67902        22.0156        15.1323       -2463.49     /gpfs/hpu/EHT2/IHARM/SANE/SANE_a-0.94_288x128x128_IHARM/m_1_1_160/image_a-0.94_1230_17_0_230.e9_6.2e9_1.65703e+29_160.dat
         6        0.62205        3.38852       -26.6493        13.9449        26.3504        20.6793       -3214.59     /gpfs/hpu/EHT2/IHARM/SANE/SANE_a-0.94_288x128x128_IHARM/m_1_1_160/image_a-0.94_1236_17_0_230.e9_6.2e9_1.65703e+29_160.dat
         7       0.659445         3.6499       -37.9642        2.20692         6.1956        4.39973       -1027.03     /gpfs/hpu/EHT2/IHARM/SANE/SANE_a-0.94_288x128x128_IHARM/m_1_1_160/image_a-0.94_1242_17_0_230.e9_6.2e9_1.65703e+29_160.dat
         8       0.694581        3.91874        -38.439         4.9262        13.9219         9.8723       -1770.35     /gpfs/hpu/EHT2/IHARM/SANE/SANE_a-0.94_288x128x128_IHARM/m_1_1_160/image_a-0.94_1248_17_0_230.e9_6.2e9_1.65703e+29_160.dat
         9       0.747972        3.59672       -23.6378        6.58245        10.8558        8.88073       -1662.08     /gpfs/hpu/EHT2/IHARM/SANE/SANE_a-0.94_288x128x128_IHARM/m_1_1_160/image_a-0.94_1254_17_0_230.e9_6.2e9_1.65703e+29_160.dat
        10       0.584699        3.47308       -9.64696        5.51809        13.5022        9.89412       -1711.32     /gpfs/hpu/EHT2/IHARM/SANE/SANE_a-0.94_288x128x128_IHARM/m_1_1_160/image_a-0.94_1260_17_0_230.e9_6.2e9_1.65703e+29_160.dat
        11       0.581739        3.63337       -66.4182        9.97259        5.28672         7.2445       -1377.44     /gpfs/hpu/EHT2/IHARM/SANE/SANE_a-0.94_288x128x128_IHARM/m_1_1_160/image_a-0.94_1266_17_0_230.e9_6.2e9_1.65703e+29_160.dat
        12       0.625872        3.69772       -49.2537        3.53207        5.95101        4.83537       -1039.31     /gpfs/hpu/EHT2/IHARM/SANE/SANE_a-0.94_288x128x128_IHARM/m_1_1_160/image_a-0.94_1272_17_0_230.e9_6.2e9_1.65703e+29_160.dat
        13       0.477407        3.30347       -44.4139        5.93708        10.3019        8.29409       -1498.89     /gpfs/hpu/EHT2/IHARM/SANE/SANE_a-0.94_288x128x128_IHARM/m_1_1_160/image_a-0.94_1278_17_0_230.e9_6.2e9_1.65703e+29_160.dat
        14       0.618987        3.76044       -85.3736        3.27625        6.59616        5.08399       -1093.19     /gpfs/hpu/EHT2/IHARM/SANE/SANE_a-0.94_288x128x128_IHARM/m_1_1_160/image_a-0.94_1284_17_0_230.e9_6.2e9_1.65703e+29_160.dat
        15       0.546991        3.62554        -66.413        2.52471        3.85385        3.23377       -862.289     /gpfs/hpu/EHT2/IHARM/SANE/SANE_a-0.94_288x128x128_IHARM/m_1_1_160/image_a-0.94_1290_17_0_230.e9_6.2e9_1.65703e+29_160.dat
        16       0.622562        3.46454       -72.1697        8.42174        12.1283        10.3824       -1778.51     /gpfs/hpu/EHT2/IHARM/SANE/SANE_a-0.94_288x128x128_IHARM/m_1_1_160/image_a-0.94_1296_17_0_230.e9_6.2e9_1.65703e+29_160.dat
        17       0.538789        3.46203       -81.2525        6.43322         8.1089        7.28783       -1364.03     /gpfs/hpu/EHT2/IHARM/SANE/SANE_a-0.94_288x128x128_IHARM/m_1_1_160/image_a-0.94_1302_17_0_230.e9_6.2e9_1.65703e+29_160.dat
        18       0.327871        3.60024       -50.7545        7.92003        12.4213         10.329       -1678.49     /gpfs/hpu/EHT2/IHARM/SANE/SANE_a-0.94_288x128x128_IHARM/m_1_1_160/image_a-0.94_1308_17_0_230.e9_6.2e9_1.65703e+29_160.dat
        19        0.58114        3.98953       -61.5933        2.20757        6.18844        4.39602       -996.839     /gpfs/hpu/EHT2/IHARM/SANE/SANE_a-0.94_288x128x128_IHARM/m_1_1_160/image_a-0.94_1314_17_0_230.e9_6.2e9_1.65703e+29_160.dat
        20        0.50369        3.92285       -32.3679        2.59692         11.061        7.27535       -1305.44     /gpfs/hpu/EHT2/IHARM/SANE/SANE_a-0.94_288x128x128_IHARM/m_1_1_160/image_a-0.94_1320_17_0_230.e9_6.2e9_1.65703e+29_160.dat
        21       0.700817        3.56961        3.78742        7.81736        10.0202        8.94856       -1595.98     /gpfs/hpu/EHT2/IHARM/SANE/SANE_a-0.94_288x128x128_IHARM/m_1_1_160/image_a-0.94_1326_17_0_230.e9_6.2e9_1.65703e+29_160.dat
        22       0.487518        3.62168        5.44778        3.30476        6.85996        5.24308       -1078.85     /gpfs/hpu/EHT2/IHARM/SANE/SANE_a-0.94_288x128x128_IHARM/m_1_1_160/image_a-0.94_1332_17_0_230.e9_6.2e9_1.65703e+29_160.dat
        23       0.802602        3.47699       -36.5195        7.98449        12.9442        10.6478       -2046.73     /gpfs/hpu/EHT2/IHARM/SANE/SANE_a-0.94_288x128x128_IHARM/m_1_1_160/image_a-0.94_1338_17_0_230.e9_6.2e9_1.65703e+29_160.dat
        24       0.481197        3.52598       -44.5762        9.18405        8.25198         8.5543       -1493.37     /gpfs/hpu/EHT2/IHARM/SANE/SANE_a-0.94_288x128x128_IHARM/m_1_1_160/image_a-0.94_1344_17_0_230.e9_6.2e9_1.65703e+29_160.dat
        25       0.984481         3.2965       -68.5958        12.3695        12.8439        12.4839       -2255.19     /gpfs/hpu/EHT2/IHARM/SANE/SANE_a-0.94_288x128x128_IHARM/m_1_1_160/image_a-0.94_1350_17_0_230.e9_6.2e9_1.65703e+29_160.dat
        26       0.437067        3.23892       -34.1995        8.20234        9.16281        8.63757       -1512.08     /gpfs/hpu/EHT2/IHARM/SANE/SANE_a-0.94_288x128x128_IHARM/m_1_1_160/image_a-0.94_1356_17_0_230.e9_6.2e9_1.65703e+29_160.dat
        27       0.524977        3.70381       -34.7858          4.057        4.02694         3.9912         -915.8     /gpfs/hpu/EHT2/IHARM/SANE/SANE_a-0.94_288x128x128_IHARM/m_1_1_160/image_a-0.94_1362_17_0_230.e9_6.2e9_1.65703e+29_160.dat
        28        0.47257        3.49238       -28.2824        5.84502        11.8556        9.11893       -1586.52     /gpfs/hpu/EHT2/IHARM/SANE/SANE_a-0.94_288x128x128_IHARM/m_1_1_160/image_a-0.94_1368_17_0_230.e9_6.2e9_1.65703e+29_160.dat
        29       0.439125        3.56525       -71.5231        9.25093        9.41516        9.23041       -1531.11     /gpfs/hpu/EHT2/IHARM/SANE/SANE_a-0.94_288x128x128_IHARM/m_1_1_160/image_a-0.94_1374_17_0_230.e9_6.2e9_1.65703e+29_160.dat
        30       0.538821        3.41229       -71.7093        4.05065        9.57728        7.07695       -1325.95     /gpfs/hpu/EHT2/IHARM/SANE/SANE_a-0.94_288x128x128_IHARM/m_1_1_160/image_a-0.94_1380_17_0_230.e9_6.2e9_1.65703e+29_160.dat
        31       0.501964        3.26777        -28.036        5.56811        5.22259        5.30849        -1106.6     /gpfs/hpu/EHT2/IHARM/SANE/SANE_a-0.94_288x128x128_IHARM/m_1_1_160/image_a-0.94_1386_17_0_230.e9_6.2e9_1.65703e+29_160.dat
        32       0.755189        3.58684       -40.1944        10.7914        36.2887        24.8489       -3939.51     /gpfs/hpu/EHT2/IHARM/SANE/SANE_a-0.94_288x128x128_IHARM/m_1_1_160/image_a-0.94_1392_17_0_230.e9_6.2e9_1.65703e+29_160.dat
        33        1.01369        3.50729       -65.3703        5.54523         6.4221        5.96609       -1364.21     /gpfs/hpu/EHT2/IHARM/SANE/SANE_a-0.94_288x128x128_IHARM/m_1_1_160/image_a-0.94_1398_17_0_230.e9_6.2e9_1.65703e+29_160.dat
        34       0.688744        3.39219       -36.7589        5.28334        10.2808        8.00027       -1463.08     /gpfs/hpu/EHT2/IHARM/SANE/SANE_a-0.94_288x128x128_IHARM/m_1_1_160/image_a-0.94_1404_17_0_230.e9_6.2e9_1.65703e+29_160.dat
        35       0.787893        3.71212       -133.761         10.462        21.0876         16.248       -2560.48     /gpfs/hpu/EHT2/IHARM/SANE/SANE_a-0.94_288x128x128_IHARM/m_1_1_160/image_a-0.94_1410_17_0_230.e9_6.2e9_1.65703e+29_160.dat
        36         0.5619        3.72174       -126.257        3.07347        12.4423        8.24959        -1450.1     /gpfs/hpu/EHT2/IHARM/SANE/SANE_a-0.94_288x128x128_IHARM/m_1_1_160/image_a-0.94_1416_17_0_230.e9_6.2e9_1.65703e+29_160.dat
        37       0.585427        3.47877       -26.1364        4.40556        6.61509        5.58177       -1209.69     /gpfs/hpu/EHT2/IHARM/SANE/SANE_a-0.94_288x128x128_IHARM/m_1_1_160/image_a-0.94_1422_17_0_230.e9_6.2e9_1.65703e+29_160.dat
        38       0.659937        3.61272       -62.3287        17.1496        10.0976         13.018       -2085.86     /gpfs/hpu/EHT2/IHARM/SANE/SANE_a-0.94_288x128x128_IHARM/m_1_1_160/image_a-0.94_1428_17_0_230.e9_6.2e9_1.65703e+29_160.dat
        39       0.841656        3.26797        14.0565        7.18125        11.3231        9.39911       -1924.25     /gpfs/hpu/EHT2/IHARM/SANE/SANE_a-0.94_288x128x128_IHARM/m_1_1_160/image_a-0.94_1434_17_0_230.e9_6.2e9_1.65703e+29_160.dat
        40       0.470059        3.54943        -41.529        2.22637        6.46369         4.5573       -996.441     /gpfs/hpu/EHT2/IHARM/SANE/SANE_a-0.94_288x128x128_IHARM/m_1_1_160/image_a-0.94_1440_17_0_230.e9_6.2e9_1.65703e+29_160.dat
        41       0.782023        3.36032       -24.3587         28.908         34.856        31.8681       -4738.13     /gpfs/hpu/EHT2/IHARM/SANE/SANE_a-0.94_288x128x128_IHARM/m_1_1_160/image_a-0.94_1446_17_0_230.e9_6.2e9_1.65703e+29_160.dat
        42        0.39963         3.5038       -25.5418        9.18177        6.26359        7.44688       -1301.51     /gpfs/hpu/EHT2/IHARM/SANE/SANE_a-0.94_288x128x128_IHARM/m_1_1_160/image_a-0.94_1452_17_0_230.e9_6.2e9_1.65703e+29_160.dat
        43       0.733903         3.5602       -50.3763        9.58095        4.68312        6.73965       -1263.28     /gpfs/hpu/EHT2/IHARM/SANE/SANE_a-0.94_288x128x128_IHARM/m_1_1_160/image_a-0.94_1458_17_0_230.e9_6.2e9_1.65703e+29_160.dat
        44        0.68998        3.60737       -41.2318          5.337         7.4932        6.47226       -1334.32     /gpfs/hpu/EHT2/IHARM/SANE/SANE_a-0.94_288x128x128_IHARM/m_1_1_160/image_a-0.94_1464_17_0_230.e9_6.2e9_1.65703e+29_160.dat
        45       0.378846        3.65629       -43.3764        4.23934        3.23362        3.62842       -845.446     /gpfs/hpu/EHT2/IHARM/SANE/SANE_a-0.94_288x128x128_IHARM/m_1_1_160/image_a-0.94_1470_17_0_230.e9_6.2e9_1.65703e+29_160.dat
        46        0.50126        3.68421        45.2028         3.5498         9.3215        6.71853       -1341.38     /gpfs/hpu/EHT2/IHARM/SANE/SANE_a-0.94_288x128x128_IHARM/m_1_1_160/image_a-0.94_1476_17_0_230.e9_6.2e9_1.65703e+29_160.dat
        47       0.849839        3.87688        64.6528        7.33661        30.0058        19.8621       -3100.22     /gpfs/hpu/EHT2/IHARM/SANE/SANE_a-0.94_288x128x128_IHARM/m_1_1_160/image_a-0.94_1482_17_0_230.e9_6.2e9_1.65703e+29_160.dat
        48       0.634025        3.18594        -30.425        7.77778        10.1142        8.98383       -1578.32     /gpfs/hpu/EHT2/IHARM/SANE/SANE_a-0.94_288x128x128_IHARM/m_1_1_160/image_a-0.94_1488_17_0_230.e9_6.2e9_1.65703e+29_160.dat
        49       0.426816        3.62861        -50.041        5.12101         8.1156        6.72541       -1221.99     /gpfs/hpu/EHT2/IHARM/SANE/SANE_a-0.94_288x128x128_IHARM/m_1_1_160/image_a-0.94_1494_17_0_230.e9_6.2e9_1.65703e+29_160.dat
        50       0.494766        3.59249       -21.7402         3.1713        6.97311        5.24846       -1056.73     /gpfs/hpu/EHT2/IHARM/SANE/SANE_a-0.94_288x128x128_IHARM/m_1_1_160/image_a-0.94_1500_17_0_230.e9_6.2e9_1.65703e+29_160.dat
        51       0.408499        3.52549       -28.9208        11.3405        9.47582        10.1657       -1658.66     /gpfs/hpu/EHT2/IHARM/SANE/SANE_a-0.94_288x128x128_IHARM/m_1_1_160/image_a-0.94_1506_17_0_230.e9_6.2e9_1.65703e+29_160.dat
        52       0.952123        3.64959       -72.5769        8.53607        39.3878        25.6003        -3709.7     /gpfs/hpu/EHT2/IHARM/SANE/SANE_a-0.94_288x128x128_IHARM/m_1_1_160/image_a-0.94_1512_17_0_230.e9_6.2e9_1.65703e+29_160.dat
        53       0.492409        3.49475       0.925746        4.83266        7.62552        6.32829       -1249.15     /gpfs/hpu/EHT2/IHARM/SANE/SANE_a-0.94_288x128x128_IHARM/m_1_1_160/image_a-0.94_1518_17_0_230.e9_6.2e9_1.65703e+29_160.dat
        54       0.444563        3.63361       -55.6696        14.1535        28.6353        22.0407       -3162.92     /gpfs/hpu/EHT2/IHARM/SANE/SANE_a-0.94_288x128x128_IHARM/m_1_1_160/image_a-0.94_1524_17_0_230.e9_6.2e9_1.65703e+29_160.dat
        55       0.603269         3.7702       -53.6027        7.96252        9.87368        8.92967       -1500.59     /gpfs/hpu/EHT2/IHARM/SANE/SANE_a-0.94_288x128x128_IHARM/m_1_1_160/image_a-0.94_1530_17_0_230.e9_6.2e9_1.65703e+29_160.dat
        56        0.66921        3.36329       -70.7777         5.0156         17.499        11.9013       -2023.44     /gpfs/hpu/EHT2/IHARM/SANE/SANE_a-0.94_288x128x128_IHARM/m_1_1_160/image_a-0.94_1536_17_0_230.e9_6.2e9_1.65703e+29_160.dat
        57       0.672982         3.3497       -33.1037        4.44904        13.8367        9.61898       -1770.74     /gpfs/hpu/EHT2/IHARM/SANE/SANE_a-0.94_288x128x128_IHARM/m_1_1_160/image_a-0.94_1542_17_0_230.e9_6.2e9_1.65703e+29_160.dat
        58       0.687533        3.52542       -79.7414        7.57269        18.3602        13.4838       -2206.69     /gpfs/hpu/EHT2/IHARM/SANE/SANE_a-0.94_288x128x128_IHARM/m_1_1_160/image_a-0.94_1548_17_0_230.e9_6.2e9_1.65703e+29_160.dat
        59       0.598099        3.75241       -74.6073        2.62096        11.0399        7.27399       -1399.25     /gpfs/hpu/EHT2/IHARM/SANE/SANE_a-0.94_288x128x128_IHARM/m_1_1_160/image_a-0.94_1554_17_0_230.e9_6.2e9_1.65703e+29_160.dat
        60       0.838805        4.05143        -53.978        13.4241         7.8274        10.1474       -1750.71     /gpfs/hpu/EHT2/IHARM/SANE/SANE_a-0.94_288x128x128_IHARM/m_1_1_160/image_a-0.94_1560_17_0_230.e9_6.2e9_1.65703e+29_160.dat
        61       0.491559        3.48782       -25.5608        10.8688        11.5685        11.1267       -1792.34     /gpfs/hpu/EHT2/IHARM/SANE/SANE_a-0.94_288x128x128_IHARM/m_1_1_160/image_a-0.94_1566_17_0_230.e9_6.2e9_1.65703e+29_160.dat
        62       0.574455        3.67234       -63.8957        3.28133        4.72162        4.04309       -962.951     /gpfs/hpu/EHT2/IHARM/SANE/SANE_a-0.94_288x128x128_IHARM/m_1_1_160/image_a-0.94_1572_17_0_230.e9_6.2e9_1.65703e+29_160.dat
        63        0.64915        3.60328       -43.9323        3.69481        7.37643        5.69876       -1186.33     /gpfs/hpu/EHT2/IHARM/SANE/SANE_a-0.94_288x128x128_IHARM/m_1_1_160/image_a-0.94_1578_17_0_230.e9_6.2e9_1.65703e+29_160.dat
        64       0.499369        3.58946       -45.1816        4.56076        5.28015        4.90589       -1051.63     /gpfs/hpu/EHT2/IHARM/SANE/SANE_a-0.94_288x128x128_IHARM/m_1_1_160/image_a-0.94_1584_17_0_230.e9_6.2e9_1.65703e+29_160.dat
        65       0.599218        3.75164       -91.6776         7.2455        11.6685        9.61903       -1708.72     /gpfs/hpu/EHT2/IHARM/SANE/SANE_a-0.94_288x128x128_IHARM/m_1_1_160/image_a-0.94_1590_17_0_230.e9_6.2e9_1.65703e+29_160.dat
        66       0.621727        3.78281       -82.9365         8.1228        16.7138         12.805       -2114.65     /gpfs/hpu/EHT2/IHARM/SANE/SANE_a-0.94_288x128x128_IHARM/m_1_1_160/image_a-0.94_1596_17_0_230.e9_6.2e9_1.65703e+29_160.dat
        67       0.537981        3.22679       -30.2274        6.35301        14.1836        10.6335        -1805.7     /gpfs/hpu/EHT2/IHARM/SANE/SANE_a-0.94_288x128x128_IHARM/m_1_1_160/image_a-0.94_1602_17_0_230.e9_6.2e9_1.65703e+29_160.dat
        68       0.673137        3.85996       -89.4817        18.9858        9.80883        13.6496       -2163.87     /gpfs/hpu/EHT2/IHARM/SANE/SANE_a-0.94_288x128x128_IHARM/m_1_1_160/image_a-0.94_1608_17_0_230.e9_6.2e9_1.65703e+29_160.dat
        69       0.531036        3.87645       -119.349        5.27629        9.66153        7.65264       -1333.26     /gpfs/hpu/EHT2/IHARM/SANE/SANE_a-0.94_288x128x128_IHARM/m_1_1_160/image_a-0.94_1614_17_0_230.e9_6.2e9_1.65703e+29_160.dat
        70       0.620003        3.64137       -45.6416        3.09212        3.58896        3.33118       -880.864     /gpfs/hpu/EHT2/IHARM/SANE/SANE_a-0.94_288x128x128_IHARM/m_1_1_160/image_a-0.94_1620_17_0_230.e9_6.2e9_1.65703e+29_160.dat
        71       0.491777        3.79807       -86.9953        2.29874        4.03353        3.23626       -791.139     /gpfs/hpu/EHT2/IHARM/SANE/SANE_a-0.94_288x128x128_IHARM/m_1_1_160/image_a-0.94_1626_17_0_230.e9_6.2e9_1.65703e+29_160.dat
        72       0.684742        3.46294       -54.7024        4.91147        5.22351         5.0257       -1088.33     /gpfs/hpu/EHT2/IHARM/SANE/SANE_a-0.94_288x128x128_IHARM/m_1_1_160/image_a-0.94_1632_17_0_230.e9_6.2e9_1.65703e+29_160.dat
        73       0.770316        3.31452       -64.6532        7.79315        11.6707        9.85652       -1747.33     /gpfs/hpu/EHT2/IHARM/SANE/SANE_a-0.94_288x128x128_IHARM/m_1_1_160/image_a-0.94_1638_17_0_230.e9_6.2e9_1.65703e+29_160.dat
        74       0.507981        3.78589        -68.477        4.15855         20.827        13.3834       -2062.12     /gpfs/hpu/EHT2/IHARM/SANE/SANE_a-0.94_288x128x128_IHARM/m_1_1_160/image_a-0.94_1644_17_0_230.e9_6.2e9_1.65703e+29_160.dat
        75       0.389935        3.65459       -90.8504        6.86087        9.79804        8.41227       -1449.73     /gpfs/hpu/EHT2/IHARM/SANE/SANE_a-0.94_288x128x128_IHARM/m_1_1_160/image_a-0.94_1650_17_0_230.e9_6.2e9_1.65703e+29_160.dat
        76       0.444855        3.47334        -42.788        12.0217        13.7507        12.8384        -1981.7     /gpfs/hpu/EHT2/IHARM/SANE/SANE_a-0.94_288x128x128_IHARM/m_1_1_160/image_a-0.94_1656_17_0_230.e9_6.2e9_1.65703e+29_160.dat
        77       0.688832        3.80035        -27.668        2.12792        4.75978        3.56668       -909.868     /gpfs/hpu/EHT2/IHARM/SANE/SANE_a-0.94_288x128x128_IHARM/m_1_1_160/image_a-0.94_1662_17_0_230.e9_6.2e9_1.65703e+29_160.dat
        78       0.693286        3.71101       -53.8027        5.40805        6.77065        6.10085       -1213.57     /gpfs/hpu/EHT2/IHARM/SANE/SANE_a-0.94_288x128x128_IHARM/m_1_1_160/image_a-0.94_1668_17_0_230.e9_6.2e9_1.65703e+29_160.dat
        79       0.419716        3.58605       -23.5821        15.1615        24.5553        20.2053       -2968.13     /gpfs/hpu/EHT2/IHARM/SANE/SANE_a-0.94_288x128x128_IHARM/m_1_1_160/image_a-0.94_1674_17_0_230.e9_6.2e9_1.65703e+29_160.dat
        80       0.564118        3.94663       -45.2061        4.03925        8.54574        6.49804       -1231.63     /gpfs/hpu/EHT2/IHARM/SANE/SANE_a-0.94_288x128x128_IHARM/m_1_1_160/image_a-0.94_1680_17_0_230.e9_6.2e9_1.65703e+29_160.dat
        81       0.531356         4.0163        -17.712        3.96377        8.34031        6.35116       -1190.95     /gpfs/hpu/EHT2/IHARM/SANE/SANE_a-0.94_288x128x128_IHARM/m_1_1_160/image_a-0.94_1686_17_0_230.e9_6.2e9_1.65703e+29_160.dat
        82       0.904624        3.17724       -56.8381        13.9628        9.37352        11.2402       -2020.76     /gpfs/hpu/EHT2/IHARM/SANE/SANE_a-0.94_288x128x128_IHARM/m_1_1_160/image_a-0.94_1692_17_0_230.e9_6.2e9_1.65703e+29_160.dat
        83       0.644942         3.2733       -32.3665        4.49025        43.4664        26.1243       -4062.58     /gpfs/hpu/EHT2/IHARM/SANE/SANE_a-0.94_288x128x128_IHARM/m_1_1_160/image_a-0.94_1698_17_0_230.e9_6.2e9_1.65703e+29_160.dat
        84       0.673694        3.30215       -34.3988        7.50426        25.8511        17.6226       -2770.25     /gpfs/hpu/EHT2/IHARM/SANE/SANE_a-0.94_288x128x128_IHARM/m_1_1_160/image_a-0.94_1704_17_0_230.e9_6.2e9_1.65703e+29_160.dat
        85       0.554655        3.24527       -27.1863        9.89509         21.008        15.9592        -2519.7     /gpfs/hpu/EHT2/IHARM/SANE/SANE_a-0.94_288x128x128_IHARM/m_1_1_160/image_a-0.94_1710_17_0_230.e9_6.2e9_1.65703e+29_160.dat
        86       0.578255        3.76275       -62.4915        4.55967        25.7145        16.2762       -2412.13     /gpfs/hpu/EHT2/IHARM/SANE/SANE_a-0.94_288x128x128_IHARM/m_1_1_160/image_a-0.94_1716_17_0_230.e9_6.2e9_1.65703e+29_160.dat
        87        0.76187        3.59894        11.3295        6.15752        26.3218        17.3035       -2784.56     /gpfs/hpu/EHT2/IHARM/SANE/SANE_a-0.94_288x128x128_IHARM/m_1_1_160/image_a-0.94_1722_17_0_230.e9_6.2e9_1.65703e+29_160.dat
        88       0.609093        4.04739       -18.1688        8.71983        24.2049         17.231       -2627.93     /gpfs/hpu/EHT2/IHARM/SANE/SANE_a-0.94_288x128x128_IHARM/m_1_1_160/image_a-0.94_1728_17_0_230.e9_6.2e9_1.65703e+29_160.dat
        89       0.602409        3.91483       -22.7692        5.02676        8.43278        6.86124       -1310.85     /gpfs/hpu/EHT2/IHARM/SANE/SANE_a-0.94_288x128x128_IHARM/m_1_1_160/image_a-0.94_1734_17_0_230.e9_6.2e9_1.65703e+29_160.dat
        90       0.430323        3.81117       -94.7107        4.34786        15.8884         10.717        -1730.8     /gpfs/hpu/EHT2/IHARM/SANE/SANE_a-0.94_288x128x128_IHARM/m_1_1_160/image_a-0.94_1740_17_0_230.e9_6.2e9_1.65703e+29_160.dat
        91       0.457555        3.74006       -27.7681        4.70939        7.94511        6.45294       -1232.49     /gpfs/hpu/EHT2/IHARM/SANE/SANE_a-0.94_288x128x128_IHARM/m_1_1_160/image_a-0.94_1746_17_0_230.e9_6.2e9_1.65703e+29_160.dat
        92       0.808252        3.54997       -51.5264        3.68632        19.4359        12.4056       -2092.92     /gpfs/hpu/EHT2/IHARM/SANE/SANE_a-0.94_288x128x128_IHARM/m_1_1_160/image_a-0.94_1752_17_0_230.e9_6.2e9_1.65703e+29_160.dat
        93       0.687158        3.50033        13.5704        4.52807        13.6566        9.55288       -1691.27     /gpfs/hpu/EHT2/IHARM/SANE/SANE_a-0.94_288x128x128_IHARM/m_1_1_160/image_a-0.94_1758_17_0_230.e9_6.2e9_1.65703e+29_160.dat
        94       0.550526        3.47069       -65.8023        8.71612        6.38289        7.31235       -1434.91     /gpfs/hpu/EHT2/IHARM/SANE/SANE_a-0.94_288x128x128_IHARM/m_1_1_160/image_a-0.94_1764_17_0_230.e9_6.2e9_1.65703e+29_160.dat
        95       0.452564        3.55194       -40.1921        5.15486        10.8686        8.27191       -1467.27     /gpfs/hpu/EHT2/IHARM/SANE/SANE_a-0.94_288x128x128_IHARM/m_1_1_160/image_a-0.94_1770_17_0_230.e9_6.2e9_1.65703e+29_160.dat
        96       0.524891        3.76747       -95.8456        9.25577        19.2451        14.7024       -2260.59     /gpfs/hpu/EHT2/IHARM/SANE/SANE_a-0.94_288x128x128_IHARM/m_1_1_160/image_a-0.94_1776_17_0_230.e9_6.2e9_1.65703e+29_160.dat
        97       0.471449        3.70804       -69.6407        10.2852        7.10241        8.38972       -1439.82     /gpfs/hpu/EHT2/IHARM/SANE/SANE_a-0.94_288x128x128_IHARM/m_1_1_160/image_a-0.94_1782_17_0_230.e9_6.2e9_1.65703e+29_160.dat
        98        0.66657        3.53068       -98.2605        5.15128        4.96894         4.9875       -1117.27     /gpfs/hpu/EHT2/IHARM/SANE/SANE_a-0.94_288x128x128_IHARM/m_1_1_160/image_a-0.94_1788_17_0_230.e9_6.2e9_1.65703e+29_160.dat
        99        1.13223        3.76416       -94.1035         8.5965        24.5312        17.3594       -2819.32     /gpfs/hpu/EHT2/IHARM/SANE/SANE_a-0.94_288x128x128_IHARM/m_1_1_160/image_a-0.94_1794_17_0_230.e9_6.2e9_1.65703e+29_160.dat
