   # Index         I (Jy)      M/D (uas)       PA (deg)  VA red. chisq  CP red. chisq     red. chisq     log-liklhd     FileName
         0       0.531909        3.78496        177.303        17.4635        11.3481        13.8493       -2169.37     /gpfs/hpu/EHT2/IHARM/MAD/MAD_a+0.75_384x192x192_IHARM/m_1_1_1/image_a+0.75_0000_163_0_230.e9_6.2e9_4.27927e+24_1.dat
         1       0.510001        3.76543        173.792        5.67494        7.57945        6.66606       -1309.66     /gpfs/hpu/EHT2/IHARM/MAD/MAD_a+0.75_384x192x192_IHARM/m_1_1_1/image_a+0.75_0001_163_0_230.e9_6.2e9_4.27927e+24_1.dat
         2        0.38566        3.69643          118.5        6.85238        17.0899        12.4662       -1969.04     /gpfs/hpu/EHT2/IHARM/MAD/MAD_a+0.75_384x192x192_IHARM/m_1_1_1/image_a+0.75_0002_163_0_230.e9_6.2e9_4.27927e+24_1.dat
         3        1.43744        4.96822        114.913        8.41805        17.3615        13.2928       -2205.33     /gpfs/hpu/EHT2/IHARM/MAD/MAD_a+0.75_384x192x192_IHARM/m_1_1_1/image_a+0.75_0003_163_0_230.e9_6.2e9_4.27927e+24_1.dat
         4        0.53189        4.25028        153.119        12.2381        6.47978        8.88582       -1566.11     /gpfs/hpu/EHT2/IHARM/MAD/MAD_a+0.75_384x192x192_IHARM/m_1_1_1/image_a+0.75_0004_163_0_230.e9_6.2e9_4.27927e+24_1.dat
         5       0.634318        3.94146        121.197        9.35871         7.8323        8.39613        -1436.1     /gpfs/hpu/EHT2/IHARM/MAD/MAD_a+0.75_384x192x192_IHARM/m_1_1_1/image_a+0.75_0005_163_0_230.e9_6.2e9_4.27927e+24_1.dat
         6       0.465682        3.51021        99.2729        4.25892        7.61493        6.07486       -1161.59     /gpfs/hpu/EHT2/IHARM/MAD/MAD_a+0.75_384x192x192_IHARM/m_1_1_1/image_a+0.75_0006_163_0_230.e9_6.2e9_4.27927e+24_1.dat
         7       0.750711        4.26528        110.542        30.4121        20.2688           24.4        -3452.3     /gpfs/hpu/EHT2/IHARM/MAD/MAD_a+0.75_384x192x192_IHARM/m_1_1_1/image_a+0.75_0007_163_0_230.e9_6.2e9_4.27927e+24_1.dat
         8       0.820132        4.06449         168.53        5.80928        13.7697        10.1686       -1805.65     /gpfs/hpu/EHT2/IHARM/MAD/MAD_a+0.75_384x192x192_IHARM/m_1_1_1/image_a+0.75_0008_163_0_230.e9_6.2e9_4.27927e+24_1.dat
         9       0.632282        4.05339        127.113        3.59223        14.6389        9.69574       -1734.73     /gpfs/hpu/EHT2/IHARM/MAD/MAD_a+0.75_384x192x192_IHARM/m_1_1_1/image_a+0.75_0009_163_0_230.e9_6.2e9_4.27927e+24_1.dat
        10       0.699882         3.8197         128.67        5.20238        14.3219         10.214       -1778.14     /gpfs/hpu/EHT2/IHARM/MAD/MAD_a+0.75_384x192x192_IHARM/m_1_1_1/image_a+0.75_0010_163_0_230.e9_6.2e9_4.27927e+24_1.dat
        11        0.63891        3.49276        155.053         7.6465        18.3068        13.4859       -2181.66     /gpfs/hpu/EHT2/IHARM/MAD/MAD_a+0.75_384x192x192_IHARM/m_1_1_1/image_a+0.75_0011_163_0_230.e9_6.2e9_4.27927e+24_1.dat
        12        1.20566        4.38304        224.669        10.9092        38.2992        26.0185       -4422.66     /gpfs/hpu/EHT2/IHARM/MAD/MAD_a+0.75_384x192x192_IHARM/m_1_1_1/image_a+0.75_0012_163_0_230.e9_6.2e9_4.27927e+24_1.dat
        13       0.673172        3.78299        170.978        30.5397        18.6212        23.5382       -3477.25     /gpfs/hpu/EHT2/IHARM/MAD/MAD_a+0.75_384x192x192_IHARM/m_1_1_1/image_a+0.75_0013_163_0_230.e9_6.2e9_4.27927e+24_1.dat
        14       0.484379        3.64871        165.266        6.34355        7.35783        6.83121       -1247.82     /gpfs/hpu/EHT2/IHARM/MAD/MAD_a+0.75_384x192x192_IHARM/m_1_1_1/image_a+0.75_0014_163_0_230.e9_6.2e9_4.27927e+24_1.dat
        15       0.613304        4.19579        207.283        4.44185        8.84618        6.83892       -1301.73     /gpfs/hpu/EHT2/IHARM/MAD/MAD_a+0.75_384x192x192_IHARM/m_1_1_1/image_a+0.75_0015_163_0_230.e9_6.2e9_4.27927e+24_1.dat
        16       0.510343        4.00132        222.076        3.47384        9.30127         6.6745       -1389.58     /gpfs/hpu/EHT2/IHARM/MAD/MAD_a+0.75_384x192x192_IHARM/m_1_1_1/image_a+0.75_0016_163_0_230.e9_6.2e9_4.27927e+24_1.dat
        17       0.644372        3.79455        128.475         3.8571        18.1589        11.7687       -2052.97     /gpfs/hpu/EHT2/IHARM/MAD/MAD_a+0.75_384x192x192_IHARM/m_1_1_1/image_a+0.75_0017_163_0_230.e9_6.2e9_4.27927e+24_1.dat
        18       0.688669        4.28463       -189.987        8.16079        14.0673        11.3488       -1865.18     /gpfs/hpu/EHT2/IHARM/MAD/MAD_a+0.75_384x192x192_IHARM/m_1_1_1/image_a+0.75_0018_163_0_230.e9_6.2e9_4.27927e+24_1.dat
        19       0.417559        4.04893       -251.425        6.04431         5.8325        5.85333        -1108.3     /gpfs/hpu/EHT2/IHARM/MAD/MAD_a+0.75_384x192x192_IHARM/m_1_1_1/image_a+0.75_0019_163_0_230.e9_6.2e9_4.27927e+24_1.dat
        20       0.448177         3.9446       -277.303        3.14702        7.92748        5.76905       -1121.07     /gpfs/hpu/EHT2/IHARM/MAD/MAD_a+0.75_384x192x192_IHARM/m_1_1_1/image_a+0.75_0020_163_0_230.e9_6.2e9_4.27927e+24_1.dat
        21       0.460156        3.60045       -259.266        15.6066        22.7486         19.392       -2845.63     /gpfs/hpu/EHT2/IHARM/MAD/MAD_a+0.75_384x192x192_IHARM/m_1_1_1/image_a+0.75_0021_163_0_230.e9_6.2e9_4.27927e+24_1.dat
        22       0.556126        3.92251        -189.89        18.8412        40.3762        30.5965       -4244.95     /gpfs/hpu/EHT2/IHARM/MAD/MAD_a+0.75_384x192x192_IHARM/m_1_1_1/image_a+0.75_0022_163_0_230.e9_6.2e9_4.27927e+24_1.dat
        23       0.675342        4.00328       -206.005        11.6917        7.88569        9.43241       -1663.57     /gpfs/hpu/EHT2/IHARM/MAD/MAD_a+0.75_384x192x192_IHARM/m_1_1_1/image_a+0.75_0023_163_0_230.e9_6.2e9_4.27927e+24_1.dat
        24       0.628478         3.7713       -281.104        30.4679        23.7671        26.3707       -3700.42     /gpfs/hpu/EHT2/IHARM/MAD/MAD_a+0.75_384x192x192_IHARM/m_1_1_1/image_a+0.75_0024_163_0_230.e9_6.2e9_4.27927e+24_1.dat
        25       0.683309        3.94611        -195.68        12.3935        13.3313        12.7654       -2055.21     /gpfs/hpu/EHT2/IHARM/MAD/MAD_a+0.75_384x192x192_IHARM/m_1_1_1/image_a+0.75_0025_163_0_230.e9_6.2e9_4.27927e+24_1.dat
        26       0.909052        3.78262       -246.711        12.0352        12.0661        11.9068       -1970.06     /gpfs/hpu/EHT2/IHARM/MAD/MAD_a+0.75_384x192x192_IHARM/m_1_1_1/image_a+0.75_0026_163_0_230.e9_6.2e9_4.27927e+24_1.dat
        27       0.782968        3.49687       -359.889        10.0819        64.3197        40.1406       -6761.89     /gpfs/hpu/EHT2/IHARM/MAD/MAD_a+0.75_384x192x192_IHARM/m_1_1_1/image_a+0.75_0027_163_0_230.e9_6.2e9_4.27927e+24_1.dat
        28       0.901189        3.43868       -157.155        8.86033        14.1758        11.7109       -2037.78     /gpfs/hpu/EHT2/IHARM/MAD/MAD_a+0.75_384x192x192_IHARM/m_1_1_1/image_a+0.75_0028_163_0_230.e9_6.2e9_4.27927e+24_1.dat
        29        0.63422        3.59408        118.637         11.631        24.4832        18.6419       -2963.41     /gpfs/hpu/EHT2/IHARM/MAD/MAD_a+0.75_384x192x192_IHARM/m_1_1_1/image_a+0.75_0029_163_0_230.e9_6.2e9_4.27927e+24_1.dat
        30       0.516203        4.29025        177.065        5.85284        8.29955        7.14352       -1311.75     /gpfs/hpu/EHT2/IHARM/MAD/MAD_a+0.75_384x192x192_IHARM/m_1_1_1/image_a+0.75_0030_163_0_230.e9_6.2e9_4.27927e+24_1.dat
        31       0.446184        4.04599        103.808        2.10202        4.38353        3.34614       -813.056     /gpfs/hpu/EHT2/IHARM/MAD/MAD_a+0.75_384x192x192_IHARM/m_1_1_1/image_a+0.75_0031_163_0_230.e9_6.2e9_4.27927e+24_1.dat
        32       0.684617        4.27774         124.09        8.82224        13.6966        11.4278       -1851.83     /gpfs/hpu/EHT2/IHARM/MAD/MAD_a+0.75_384x192x192_IHARM/m_1_1_1/image_a+0.75_0032_163_0_230.e9_6.2e9_4.27927e+24_1.dat
        33       0.636918        3.41659        184.582        6.72846        13.2332        10.2666       -1813.14     /gpfs/hpu/EHT2/IHARM/MAD/MAD_a+0.75_384x192x192_IHARM/m_1_1_1/image_a+0.75_0033_163_0_230.e9_6.2e9_4.27927e+24_1.dat
        34       0.567672        3.86877        212.182        11.0024        11.2229         10.992       -1873.81     /gpfs/hpu/EHT2/IHARM/MAD/MAD_a+0.75_384x192x192_IHARM/m_1_1_1/image_a+0.75_0034_163_0_230.e9_6.2e9_4.27927e+24_1.dat
        35       0.603943         3.9656        197.299        13.1503        9.95053        11.2107       -1896.64     /gpfs/hpu/EHT2/IHARM/MAD/MAD_a+0.75_384x192x192_IHARM/m_1_1_1/image_a+0.75_0035_163_0_230.e9_6.2e9_4.27927e+24_1.dat
        36        0.45977        3.96759        165.914        2.99486        7.09085        5.23785       -1128.26     /gpfs/hpu/EHT2/IHARM/MAD/MAD_a+0.75_384x192x192_IHARM/m_1_1_1/image_a+0.75_0036_163_0_230.e9_6.2e9_4.27927e+24_1.dat
        37        0.55395        3.97128        144.523        5.74656        7.47467        6.63866       -1283.17     /gpfs/hpu/EHT2/IHARM/MAD/MAD_a+0.75_384x192x192_IHARM/m_1_1_1/image_a+0.75_0037_163_0_230.e9_6.2e9_4.27927e+24_1.dat
        38       0.517091        3.72286        106.132        4.94888        4.27123        4.51193       -955.953     /gpfs/hpu/EHT2/IHARM/MAD/MAD_a+0.75_384x192x192_IHARM/m_1_1_1/image_a+0.75_0038_163_0_230.e9_6.2e9_4.27927e+24_1.dat
        39       0.533559        3.66323        135.215        7.92094        20.3908         14.764       -2362.55     /gpfs/hpu/EHT2/IHARM/MAD/MAD_a+0.75_384x192x192_IHARM/m_1_1_1/image_a+0.75_0039_163_0_230.e9_6.2e9_4.27927e+24_1.dat
        40       0.462012        4.02844        90.8024        2.96692        6.40003        4.84139       -1025.05     /gpfs/hpu/EHT2/IHARM/MAD/MAD_a+0.75_384x192x192_IHARM/m_1_1_1/image_a+0.75_0040_163_0_230.e9_6.2e9_4.27927e+24_1.dat
        41       0.456727        3.96181        143.243        3.55385        4.66921         4.1315       -937.743     /gpfs/hpu/EHT2/IHARM/MAD/MAD_a+0.75_384x192x192_IHARM/m_1_1_1/image_a+0.75_0041_163_0_230.e9_6.2e9_4.27927e+24_1.dat
        42       0.519127        4.14945        183.412        9.46784        6.88682         7.9171       -1468.79     /gpfs/hpu/EHT2/IHARM/MAD/MAD_a+0.75_384x192x192_IHARM/m_1_1_1/image_a+0.75_0042_163_0_230.e9_6.2e9_4.27927e+24_1.dat
        43       0.420503        3.87195        158.469        15.4258        8.33746        11.2949       -1858.91     /gpfs/hpu/EHT2/IHARM/MAD/MAD_a+0.75_384x192x192_IHARM/m_1_1_1/image_a+0.75_0043_163_0_230.e9_6.2e9_4.27927e+24_1.dat
        44       0.445263        3.84377         153.62        11.4977        4.62761        7.53575       -1369.61     /gpfs/hpu/EHT2/IHARM/MAD/MAD_a+0.75_384x192x192_IHARM/m_1_1_1/image_a+0.75_0044_163_0_230.e9_6.2e9_4.27927e+24_1.dat
        45       0.402231        3.96517        112.594        5.85552        15.0852        10.9205        -1766.6     /gpfs/hpu/EHT2/IHARM/MAD/MAD_a+0.75_384x192x192_IHARM/m_1_1_1/image_a+0.75_0045_163_0_230.e9_6.2e9_4.27927e+24_1.dat
        46       0.475015        4.51069        179.904        9.19581        6.16008        7.39534       -1346.42     /gpfs/hpu/EHT2/IHARM/MAD/MAD_a+0.75_384x192x192_IHARM/m_1_1_1/image_a+0.75_0046_163_0_230.e9_6.2e9_4.27927e+24_1.dat
        47       0.370359        3.91888        114.051        4.03481        4.83994        4.43402       -923.343     /gpfs/hpu/EHT2/IHARM/MAD/MAD_a+0.75_384x192x192_IHARM/m_1_1_1/image_a+0.75_0047_163_0_230.e9_6.2e9_4.27927e+24_1.dat
        48       0.360384        3.87389        150.001        3.61675        4.91924        4.29777       -948.357     /gpfs/hpu/EHT2/IHARM/MAD/MAD_a+0.75_384x192x192_IHARM/m_1_1_1/image_a+0.75_0048_163_0_230.e9_6.2e9_4.27927e+24_1.dat
        49       0.451837        4.35598        73.1158        8.72418        39.9435        25.9907       -3677.59     /gpfs/hpu/EHT2/IHARM/MAD/MAD_a+0.75_384x192x192_IHARM/m_1_1_1/image_a+0.75_0049_163_0_230.e9_6.2e9_4.27927e+24_1.dat
        50       0.423355        4.32227        -148.69        8.48265        9.59149        8.99706       -1506.72     /gpfs/hpu/EHT2/IHARM/MAD/MAD_a+0.75_384x192x192_IHARM/m_1_1_1/image_a+0.75_0050_163_0_230.e9_6.2e9_4.27927e+24_1.dat
        51       0.458469        4.17657       -232.339        3.49505        4.33597         3.9207       -887.425     /gpfs/hpu/EHT2/IHARM/MAD/MAD_a+0.75_384x192x192_IHARM/m_1_1_1/image_a+0.75_0051_163_0_230.e9_6.2e9_4.27927e+24_1.dat
        52       0.639389        4.04182       -260.523        16.1898        14.7153        15.1734       -2424.86     /gpfs/hpu/EHT2/IHARM/MAD/MAD_a+0.75_384x192x192_IHARM/m_1_1_1/image_a+0.75_0052_163_0_230.e9_6.2e9_4.27927e+24_1.dat
        53       0.706232        3.80156       -182.725        9.29857        10.3774        9.78642       -1767.63     /gpfs/hpu/EHT2/IHARM/MAD/MAD_a+0.75_384x192x192_IHARM/m_1_1_1/image_a+0.75_0053_163_0_230.e9_6.2e9_4.27927e+24_1.dat
        54       0.444334        3.84661        -184.66        6.73836        3.81976        5.03279       -1041.62     /gpfs/hpu/EHT2/IHARM/MAD/MAD_a+0.75_384x192x192_IHARM/m_1_1_1/image_a+0.75_0054_163_0_230.e9_6.2e9_4.27927e+24_1.dat
        55       0.466694        3.94749       -267.481        3.31832        6.13151        4.84358       -996.384     /gpfs/hpu/EHT2/IHARM/MAD/MAD_a+0.75_384x192x192_IHARM/m_1_1_1/image_a+0.75_0055_163_0_230.e9_6.2e9_4.27927e+24_1.dat
        56       0.391552        3.94951       -276.096        3.50983        7.56233        5.72239       -1109.18     /gpfs/hpu/EHT2/IHARM/MAD/MAD_a+0.75_384x192x192_IHARM/m_1_1_1/image_a+0.75_0056_163_0_230.e9_6.2e9_4.27927e+24_1.dat
        57       0.549648        3.75571       -200.042        5.27551        11.2218        8.52052       -1555.06     /gpfs/hpu/EHT2/IHARM/MAD/MAD_a+0.75_384x192x192_IHARM/m_1_1_1/image_a+0.75_0057_163_0_230.e9_6.2e9_4.27927e+24_1.dat
        58       0.407436        3.64907       -196.893        3.79755        9.98908         7.1969       -1291.73     /gpfs/hpu/EHT2/IHARM/MAD/MAD_a+0.75_384x192x192_IHARM/m_1_1_1/image_a+0.75_0058_163_0_230.e9_6.2e9_4.27927e+24_1.dat
        59       0.496994        3.76377       -165.476        3.55627        4.55338        4.06809       -930.454     /gpfs/hpu/EHT2/IHARM/MAD/MAD_a+0.75_384x192x192_IHARM/m_1_1_1/image_a+0.75_0059_163_0_230.e9_6.2e9_4.27927e+24_1.dat
        60       0.446732        3.94765       -195.108         4.0475        4.35451        4.16938       -922.533     /gpfs/hpu/EHT2/IHARM/MAD/MAD_a+0.75_384x192x192_IHARM/m_1_1_1/image_a+0.75_0060_163_0_230.e9_6.2e9_4.27927e+24_1.dat
        61       0.497917        3.87572       -219.483        5.90965        12.3824        9.43996        -1589.8     /gpfs/hpu/EHT2/IHARM/MAD/MAD_a+0.75_384x192x192_IHARM/m_1_1_1/image_a+0.75_0061_163_0_230.e9_6.2e9_4.27927e+24_1.dat
        62       0.471274        3.75126       -229.299        2.07344        5.91726        4.18726       -908.071     /gpfs/hpu/EHT2/IHARM/MAD/MAD_a+0.75_384x192x192_IHARM/m_1_1_1/image_a+0.75_0062_163_0_230.e9_6.2e9_4.27927e+24_1.dat
        63       0.529548        3.94506       -272.609        5.73994        29.9306        19.1315       -2798.31     /gpfs/hpu/EHT2/IHARM/MAD/MAD_a+0.75_384x192x192_IHARM/m_1_1_1/image_a+0.75_0063_163_0_230.e9_6.2e9_4.27927e+24_1.dat
        64       0.521975        3.83305        -199.82        7.45552        10.6703        9.15421       -1575.15     /gpfs/hpu/EHT2/IHARM/MAD/MAD_a+0.75_384x192x192_IHARM/m_1_1_1/image_a+0.75_0064_163_0_230.e9_6.2e9_4.27927e+24_1.dat
        65       0.690399        3.83602       -275.736         24.031        19.6763        21.3171       -3129.27     /gpfs/hpu/EHT2/IHARM/MAD/MAD_a+0.75_384x192x192_IHARM/m_1_1_1/image_a+0.75_0065_163_0_230.e9_6.2e9_4.27927e+24_1.dat
        66       0.940714        4.18982       -357.748        10.4864        35.4763        24.2652       -3488.45     /gpfs/hpu/EHT2/IHARM/MAD/MAD_a+0.75_384x192x192_IHARM/m_1_1_1/image_a+0.75_0066_163_0_230.e9_6.2e9_4.27927e+24_1.dat
        67       0.775124        4.16501       -249.575        27.3334        36.2402         31.959       -4554.06     /gpfs/hpu/EHT2/IHARM/MAD/MAD_a+0.75_384x192x192_IHARM/m_1_1_1/image_a+0.75_0067_163_0_230.e9_6.2e9_4.27927e+24_1.dat
        68       0.577082        4.27217       -296.026        5.90286        9.27614        7.70852       -1347.32     /gpfs/hpu/EHT2/IHARM/MAD/MAD_a+0.75_384x192x192_IHARM/m_1_1_1/image_a+0.75_0068_163_0_230.e9_6.2e9_4.27927e+24_1.dat
        69       0.714583        3.87381       -199.239         6.5397        13.8831        10.5468       -1810.68     /gpfs/hpu/EHT2/IHARM/MAD/MAD_a+0.75_384x192x192_IHARM/m_1_1_1/image_a+0.75_0069_163_0_230.e9_6.2e9_4.27927e+24_1.dat
        70       0.509127        3.67422       -184.048        8.73121        5.92737        7.06539        -1303.5     /gpfs/hpu/EHT2/IHARM/MAD/MAD_a+0.75_384x192x192_IHARM/m_1_1_1/image_a+0.75_0070_163_0_230.e9_6.2e9_4.27927e+24_1.dat
        71       0.455981        3.93019       -166.034        6.35711        6.58912        6.40931       -1236.59     /gpfs/hpu/EHT2/IHARM/MAD/MAD_a+0.75_384x192x192_IHARM/m_1_1_1/image_a+0.75_0071_163_0_230.e9_6.2e9_4.27927e+24_1.dat
        72       0.432709        4.08875       -168.181        7.22151        4.43703        5.58472       -1117.06     /gpfs/hpu/EHT2/IHARM/MAD/MAD_a+0.75_384x192x192_IHARM/m_1_1_1/image_a+0.75_0072_163_0_230.e9_6.2e9_4.27927e+24_1.dat
        73       0.467774        4.08613       -207.634        2.71391        4.24976        3.53571       -857.544     /gpfs/hpu/EHT2/IHARM/MAD/MAD_a+0.75_384x192x192_IHARM/m_1_1_1/image_a+0.75_0073_163_0_230.e9_6.2e9_4.27927e+24_1.dat
        74       0.386847        4.04343        -210.68        1.78774         2.2708        2.03491       -629.408     /gpfs/hpu/EHT2/IHARM/MAD/MAD_a+0.75_384x192x192_IHARM/m_1_1_1/image_a+0.75_0074_163_0_230.e9_6.2e9_4.27927e+24_1.dat
        75        0.35605        3.78845       -217.976        3.16649        4.26327        3.73849       -846.659     /gpfs/hpu/EHT2/IHARM/MAD/MAD_a+0.75_384x192x192_IHARM/m_1_1_1/image_a+0.75_0075_163_0_230.e9_6.2e9_4.27927e+24_1.dat
        76        0.38222        4.06973       -221.441         7.3814        5.56014        6.27866       -1161.69     /gpfs/hpu/EHT2/IHARM/MAD/MAD_a+0.75_384x192x192_IHARM/m_1_1_1/image_a+0.75_0076_163_0_230.e9_6.2e9_4.27927e+24_1.dat
        77       0.424922        3.88809       -212.289        11.3545        9.99763        10.4621       -1732.51     /gpfs/hpu/EHT2/IHARM/MAD/MAD_a+0.75_384x192x192_IHARM/m_1_1_1/image_a+0.75_0077_163_0_230.e9_6.2e9_4.27927e+24_1.dat
        78       0.479977        3.73836       -228.048        14.5069        6.64062         9.9542       -1683.76     /gpfs/hpu/EHT2/IHARM/MAD/MAD_a+0.75_384x192x192_IHARM/m_1_1_1/image_a+0.75_0078_163_0_230.e9_6.2e9_4.27927e+24_1.dat
        79       0.469753        3.85198       -233.822          4.323        3.26261        3.68065       -851.703     /gpfs/hpu/EHT2/IHARM/MAD/MAD_a+0.75_384x192x192_IHARM/m_1_1_1/image_a+0.75_0079_163_0_230.e9_6.2e9_4.27927e+24_1.dat
        80       0.613974        3.73219       -264.757        6.47486        3.05377        4.49286       -979.342     /gpfs/hpu/EHT2/IHARM/MAD/MAD_a+0.75_384x192x192_IHARM/m_1_1_1/image_a+0.75_0080_163_0_230.e9_6.2e9_4.27927e+24_1.dat
        81       0.559607        3.39131       -175.784        5.12273        20.6392        13.6949       -2230.25     /gpfs/hpu/EHT2/IHARM/MAD/MAD_a+0.75_384x192x192_IHARM/m_1_1_1/image_a+0.75_0081_163_0_230.e9_6.2e9_4.27927e+24_1.dat
        82       0.714669         4.0054       -168.764        3.72266        4.57871        4.15398       -1006.39     /gpfs/hpu/EHT2/IHARM/MAD/MAD_a+0.75_384x192x192_IHARM/m_1_1_1/image_a+0.75_0082_163_0_230.e9_6.2e9_4.27927e+24_1.dat
        83       0.614578        3.27596       -167.889        3.97874        8.54453        6.47125        -1342.1     /gpfs/hpu/EHT2/IHARM/MAD/MAD_a+0.75_384x192x192_IHARM/m_1_1_1/image_a+0.75_0083_163_0_230.e9_6.2e9_4.27927e+24_1.dat
        84       0.552532        3.86096       -290.164         21.044        13.5928        16.6432       -2516.34     /gpfs/hpu/EHT2/IHARM/MAD/MAD_a+0.75_384x192x192_IHARM/m_1_1_1/image_a+0.75_0084_163_0_230.e9_6.2e9_4.27927e+24_1.dat
        85       0.658886        3.79731       -216.322        8.98402        8.75649        8.74873       -1542.74     /gpfs/hpu/EHT2/IHARM/MAD/MAD_a+0.75_384x192x192_IHARM/m_1_1_1/image_a+0.75_0085_163_0_230.e9_6.2e9_4.27927e+24_1.dat
        86       0.485604         3.8773       -272.321        9.02709        8.35643        8.54471       -1454.23     /gpfs/hpu/EHT2/IHARM/MAD/MAD_a+0.75_384x192x192_IHARM/m_1_1_1/image_a+0.75_0086_163_0_230.e9_6.2e9_4.27927e+24_1.dat
        87       0.508944        3.79573       -198.823        6.22051        4.08196        4.95527       -1048.58     /gpfs/hpu/EHT2/IHARM/MAD/MAD_a+0.75_384x192x192_IHARM/m_1_1_1/image_a+0.75_0087_163_0_230.e9_6.2e9_4.27927e+24_1.dat
        88       0.406097        3.76712       -222.173        2.31156        4.75833        3.64511       -843.062     /gpfs/hpu/EHT2/IHARM/MAD/MAD_a+0.75_384x192x192_IHARM/m_1_1_1/image_a+0.75_0088_163_0_230.e9_6.2e9_4.27927e+24_1.dat
        89       0.406921        3.80325       -178.738        7.35854        6.17155        6.60902       -1234.12     /gpfs/hpu/EHT2/IHARM/MAD/MAD_a+0.75_384x192x192_IHARM/m_1_1_1/image_a+0.75_0089_163_0_230.e9_6.2e9_4.27927e+24_1.dat
        90       0.489207        3.79833       -170.737         11.485        7.56305         9.1637        -1627.2     /gpfs/hpu/EHT2/IHARM/MAD/MAD_a+0.75_384x192x192_IHARM/m_1_1_1/image_a+0.75_0090_163_0_230.e9_6.2e9_4.27927e+24_1.dat
        91       0.525795         4.0777       -198.176        15.0048        5.74876        9.67273       -1669.33     /gpfs/hpu/EHT2/IHARM/MAD/MAD_a+0.75_384x192x192_IHARM/m_1_1_1/image_a+0.75_0091_163_0_230.e9_6.2e9_4.27927e+24_1.dat
        92        0.43875        3.85364       -208.889        6.51889        3.73305        4.88985       -1035.15     /gpfs/hpu/EHT2/IHARM/MAD/MAD_a+0.75_384x192x192_IHARM/m_1_1_1/image_a+0.75_0092_163_0_230.e9_6.2e9_4.27927e+24_1.dat
        93       0.372272        3.94316       -218.866        2.80258        3.31173        3.05199       -758.553     /gpfs/hpu/EHT2/IHARM/MAD/MAD_a+0.75_384x192x192_IHARM/m_1_1_1/image_a+0.75_0093_163_0_230.e9_6.2e9_4.27927e+24_1.dat
        94       0.455037        3.73902       -189.026        4.50737        3.24497        3.75038       -903.733     /gpfs/hpu/EHT2/IHARM/MAD/MAD_a+0.75_384x192x192_IHARM/m_1_1_1/image_a+0.75_0094_163_0_230.e9_6.2e9_4.27927e+24_1.dat
        95       0.458259        3.51839        -208.28        6.02455         4.3684        5.03011       -1039.28     /gpfs/hpu/EHT2/IHARM/MAD/MAD_a+0.75_384x192x192_IHARM/m_1_1_1/image_a+0.75_0095_163_0_230.e9_6.2e9_4.27927e+24_1.dat
        96       0.370612        3.67442       -186.904         2.0833        2.76431        2.43705       -683.463     /gpfs/hpu/EHT2/IHARM/MAD/MAD_a+0.75_384x192x192_IHARM/m_1_1_1/image_a+0.75_0096_163_0_230.e9_6.2e9_4.27927e+24_1.dat
        97       0.468636        3.56542        -178.83          5.283        8.39771        6.95228       -1325.97     /gpfs/hpu/EHT2/IHARM/MAD/MAD_a+0.75_384x192x192_IHARM/m_1_1_1/image_a+0.75_0097_163_0_230.e9_6.2e9_4.27927e+24_1.dat
        98       0.551889        3.08562       -262.061        5.07412        12.1769        8.96511       -1573.84     /gpfs/hpu/EHT2/IHARM/MAD/MAD_a+0.75_384x192x192_IHARM/m_1_1_1/image_a+0.75_0098_163_0_230.e9_6.2e9_4.27927e+24_1.dat
        99       0.441317         3.2934       -293.902        8.88228        8.93663        8.80508       -1468.58     /gpfs/hpu/EHT2/IHARM/MAD/MAD_a+0.75_384x192x192_IHARM/m_1_1_1/image_a+0.75_0099_163_0_230.e9_6.2e9_4.27927e+24_1.dat
