   # Index         I (Jy)      M/D (uas)       PA (deg)  VA red. chisq  CP red. chisq     red. chisq     log-liklhd     FileName
         0       0.432928        3.60198        273.803        3.93194        5.04306        4.50266       -937.501     /gpfs/hpu/EHT2020/sc_4/Sa-0.94/m_1_1_40/image_Sa-0.94_1200_17_0_230.e9_6.2e9_9.74619e+28_40_4.dat
         1        0.85128        3.86694         336.59        3.50892         5.7052         4.6886       -1115.83     /gpfs/hpu/EHT2020/sc_4/Sa-0.94/m_1_1_40/image_Sa-0.94_1206_17_0_230.e9_6.2e9_9.74619e+28_40_4.dat
         2       0.506721        3.43639        322.097        4.58511        6.61769        5.66068       -1098.63     /gpfs/hpu/EHT2020/sc_4/Sa-0.94/m_1_1_40/image_Sa-0.94_1212_17_0_230.e9_6.2e9_9.74619e+28_40_4.dat
         3       0.673032        3.46513        302.934         7.8807        3.03182         5.0872       -1110.58     /gpfs/hpu/EHT2020/sc_4/Sa-0.94/m_1_1_40/image_Sa-0.94_1218_17_0_230.e9_6.2e9_9.74619e+28_40_4.dat
         4       0.713844        3.45162        315.155        4.06667        11.4908        8.14863       -1539.12     /gpfs/hpu/EHT2020/sc_4/Sa-0.94/m_1_1_40/image_Sa-0.94_1224_17_0_230.e9_6.2e9_9.74619e+28_40_4.dat
         5       0.753622        3.48829        317.084        4.92354         15.861        10.9501       -1915.12     /gpfs/hpu/EHT2020/sc_4/Sa-0.94/m_1_1_40/image_Sa-0.94_1230_17_0_230.e9_6.2e9_9.74619e+28_40_4.dat
         6       0.556595        3.43882        324.366         9.2794        13.4208        11.4716       -1962.29     /gpfs/hpu/EHT2020/sc_4/Sa-0.94/m_1_1_40/image_Sa-0.94_1236_17_0_230.e9_6.2e9_9.74619e+28_40_4.dat
         7       0.601691        3.56073        320.315        2.73419        8.10987        5.69242        -1170.9     /gpfs/hpu/EHT2020/sc_4/Sa-0.94/m_1_1_40/image_Sa-0.94_1242_17_0_230.e9_6.2e9_9.74619e+28_40_4.dat
         8       0.527085        3.90604        321.256        3.77118        6.47551        5.23039       -1058.22     /gpfs/hpu/EHT2020/sc_4/Sa-0.94/m_1_1_40/image_Sa-0.94_1248_17_0_230.e9_6.2e9_9.74619e+28_40_4.dat
         9       0.629563        3.66791        320.532        2.68749         7.3354        5.24132       -1128.53     /gpfs/hpu/EHT2020/sc_4/Sa-0.94/m_1_1_40/image_Sa-0.94_1254_17_0_230.e9_6.2e9_9.74619e+28_40_4.dat
        10       0.777929        3.52911        354.161        3.83556        13.7116         9.2847       -1709.98     /gpfs/hpu/EHT2020/sc_4/Sa-0.94/m_1_1_40/image_Sa-0.94_1260_17_0_230.e9_6.2e9_9.74619e+28_40_4.dat
        11       0.572417         3.4796        307.951        6.64235        4.93446        5.61164       -1141.28     /gpfs/hpu/EHT2020/sc_4/Sa-0.94/m_1_1_40/image_Sa-0.94_1266_17_0_230.e9_6.2e9_9.74619e+28_40_4.dat
        12       0.491226        3.68125        333.024        4.54604        4.54683        4.49149        -957.29     /gpfs/hpu/EHT2020/sc_4/Sa-0.94/m_1_1_40/image_Sa-0.94_1272_17_0_230.e9_6.2e9_9.74619e+28_40_4.dat
        13       0.536701        3.44831        325.171        4.05916        5.64239        4.89105       -1070.33     /gpfs/hpu/EHT2020/sc_4/Sa-0.94/m_1_1_40/image_Sa-0.94_1278_17_0_230.e9_6.2e9_9.74619e+28_40_4.dat
        14       0.566195        3.65945        285.661        3.67509        9.92493        7.10836        -1334.6     /gpfs/hpu/EHT2020/sc_4/Sa-0.94/m_1_1_40/image_Sa-0.94_1284_17_0_230.e9_6.2e9_9.74619e+28_40_4.dat
        15       0.561161        3.61936        287.564        2.35723        4.12598        3.31294       -830.784     /gpfs/hpu/EHT2020/sc_4/Sa-0.94/m_1_1_40/image_Sa-0.94_1290_17_0_230.e9_6.2e9_9.74619e+28_40_4.dat
        16       0.500016        3.43453        325.398        6.34298        7.93486        7.15205        -1351.4     /gpfs/hpu/EHT2020/sc_4/Sa-0.94/m_1_1_40/image_Sa-0.94_1296_17_0_230.e9_6.2e9_9.74619e+28_40_4.dat
        17       0.709059        3.51357        329.735        5.51812        4.46668        4.86629       -1077.85     /gpfs/hpu/EHT2020/sc_4/Sa-0.94/m_1_1_40/image_Sa-0.94_1302_17_0_230.e9_6.2e9_9.74619e+28_40_4.dat
        18       0.410394        3.57221        295.295        6.40823        6.70708        6.49701       -1216.57     /gpfs/hpu/EHT2020/sc_4/Sa-0.94/m_1_1_40/image_Sa-0.94_1308_17_0_230.e9_6.2e9_9.74619e+28_40_4.dat
        19       0.654983        3.99574        303.581        2.46501        3.54223        3.03461       -837.649     /gpfs/hpu/EHT2020/sc_4/Sa-0.94/m_1_1_40/image_Sa-0.94_1314_17_0_230.e9_6.2e9_9.74619e+28_40_4.dat
        20       0.595116        4.00321        315.782         2.7617         4.2602        3.56214       -856.807     /gpfs/hpu/EHT2020/sc_4/Sa-0.94/m_1_1_40/image_Sa-0.94_1320_17_0_230.e9_6.2e9_9.74619e+28_40_4.dat
        21       0.664742        3.80573        350.267        4.94381        7.92486        6.54282       -1343.97     /gpfs/hpu/EHT2020/sc_4/Sa-0.94/m_1_1_40/image_Sa-0.94_1326_17_0_230.e9_6.2e9_9.74619e+28_40_4.dat
        22       0.869308         3.7045         327.77        1.80854         5.9699        4.10226       -1089.72     /gpfs/hpu/EHT2020/sc_4/Sa-0.94/m_1_1_40/image_Sa-0.94_1332_17_0_230.e9_6.2e9_9.74619e+28_40_4.dat
        23       0.617383        3.59754         318.66         4.8238        6.18745        5.52425       -1194.87     /gpfs/hpu/EHT2020/sc_4/Sa-0.94/m_1_1_40/image_Sa-0.94_1338_17_0_230.e9_6.2e9_9.74619e+28_40_4.dat
        24       0.485253        3.92254        349.924         4.4677        4.25756        4.29672       -947.412     /gpfs/hpu/EHT2020/sc_4/Sa-0.94/m_1_1_40/image_Sa-0.94_1344_17_0_230.e9_6.2e9_9.74619e+28_40_4.dat
        25        0.56001        3.44894        327.338        3.11416        7.27794        5.39343       -1178.31     /gpfs/hpu/EHT2020/sc_4/Sa-0.94/m_1_1_40/image_Sa-0.94_1350_17_0_230.e9_6.2e9_9.74619e+28_40_4.dat
        26       0.546134        3.59504        288.604        10.3648        9.32034        9.65823       -1656.22     /gpfs/hpu/EHT2020/sc_4/Sa-0.94/m_1_1_40/image_Sa-0.94_1356_17_0_230.e9_6.2e9_9.74619e+28_40_4.dat
        27       0.531537        3.67204        323.319        3.96766        2.27238        2.97632       -770.585     /gpfs/hpu/EHT2020/sc_4/Sa-0.94/m_1_1_40/image_Sa-0.94_1362_17_0_230.e9_6.2e9_9.74619e+28_40_4.dat
        28       0.496622        3.50309        326.571        4.24244        7.44844         5.9751        -1168.4     /gpfs/hpu/EHT2020/sc_4/Sa-0.94/m_1_1_40/image_Sa-0.94_1368_17_0_230.e9_6.2e9_9.74619e+28_40_4.dat
        29       0.580347        3.72468        279.044        6.62923        7.46398        7.01353       -1326.15     /gpfs/hpu/EHT2020/sc_4/Sa-0.94/m_1_1_40/image_Sa-0.94_1374_17_0_230.e9_6.2e9_9.74619e+28_40_4.dat
        30        0.56462          3.448         293.84        5.32125        5.87213        5.56342       -1127.13     /gpfs/hpu/EHT2020/sc_4/Sa-0.94/m_1_1_40/image_Sa-0.94_1380_17_0_230.e9_6.2e9_9.74619e+28_40_4.dat
        31        0.54936        3.74332        251.315        3.59751        9.26771        6.70918       -1212.95     /gpfs/hpu/EHT2020/sc_4/Sa-0.94/m_1_1_40/image_Sa-0.94_1386_17_0_230.e9_6.2e9_9.74619e+28_40_4.dat
        32       0.617024        3.62003         316.32        10.8624        12.1182        11.4298       -1865.35     /gpfs/hpu/EHT2020/sc_4/Sa-0.94/m_1_1_40/image_Sa-0.94_1392_17_0_230.e9_6.2e9_9.74619e+28_40_4.dat
        33       0.729272          3.591        308.745        5.20432        13.7603        9.90234       -1721.66     /gpfs/hpu/EHT2020/sc_4/Sa-0.94/m_1_1_40/image_Sa-0.94_1398_17_0_230.e9_6.2e9_9.74619e+28_40_4.dat
        34       0.605156        3.42261        313.988        5.66412        7.17587        6.43682       -1219.31     /gpfs/hpu/EHT2020/sc_4/Sa-0.94/m_1_1_40/image_Sa-0.94_1404_17_0_230.e9_6.2e9_9.74619e+28_40_4.dat
        35       0.761829        3.42027        305.027         10.494         23.208        17.4418        -2685.5     /gpfs/hpu/EHT2020/sc_4/Sa-0.94/m_1_1_40/image_Sa-0.94_1410_17_0_230.e9_6.2e9_9.74619e+28_40_4.dat
        36       0.552066        3.87629        232.016        5.55453        13.4738          9.894       -1658.98     /gpfs/hpu/EHT2020/sc_4/Sa-0.94/m_1_1_40/image_Sa-0.94_1416_17_0_230.e9_6.2e9_9.74619e+28_40_4.dat
        37       0.649451        3.58624        328.313        4.31104        7.41957        5.98864       -1262.95     /gpfs/hpu/EHT2020/sc_4/Sa-0.94/m_1_1_40/image_Sa-0.94_1422_17_0_230.e9_6.2e9_9.74619e+28_40_4.dat
        38        0.60313         3.7889        291.831        9.11973        14.0933         11.777       -1892.48     /gpfs/hpu/EHT2020/sc_4/Sa-0.94/m_1_1_40/image_Sa-0.94_1428_17_0_230.e9_6.2e9_9.74619e+28_40_4.dat
        39        0.54352        3.78986        303.807        6.02804        9.19135        7.71535       -1372.15     /gpfs/hpu/EHT2020/sc_4/Sa-0.94/m_1_1_40/image_Sa-0.94_1434_17_0_230.e9_6.2e9_9.74619e+28_40_4.dat
        40       0.477912        3.65401        313.375        3.88752        4.01347        3.91058       -873.437     /gpfs/hpu/EHT2020/sc_4/Sa-0.94/m_1_1_40/image_Sa-0.94_1440_17_0_230.e9_6.2e9_9.74619e+28_40_4.dat
        41       0.588648        4.23695        280.324        8.28549        25.5426         17.788       -2643.72     /gpfs/hpu/EHT2020/sc_4/Sa-0.94/m_1_1_40/image_Sa-0.94_1446_17_0_230.e9_6.2e9_9.74619e+28_40_4.dat
        42       0.464438        3.63588        333.667        7.01688        4.45899        5.50865       -1057.68     /gpfs/hpu/EHT2020/sc_4/Sa-0.94/m_1_1_40/image_Sa-0.94_1452_17_0_230.e9_6.2e9_9.74619e+28_40_4.dat
        43       0.614344        3.56063        317.933        3.59693        3.33029        3.40505        -840.63     /gpfs/hpu/EHT2020/sc_4/Sa-0.94/m_1_1_40/image_Sa-0.94_1458_17_0_230.e9_6.2e9_9.74619e+28_40_4.dat
        44       0.674781        3.62249         316.55        5.29088        8.61783        7.07817       -1380.69     /gpfs/hpu/EHT2020/sc_4/Sa-0.94/m_1_1_40/image_Sa-0.94_1464_17_0_230.e9_6.2e9_9.74619e+28_40_4.dat
        45       0.457153        3.73512        309.045        2.02872        2.24046          2.122       -668.983     /gpfs/hpu/EHT2020/sc_4/Sa-0.94/m_1_1_40/image_Sa-0.94_1470_17_0_230.e9_6.2e9_9.74619e+28_40_4.dat
        46       0.490279        3.57962         331.02        4.38946        6.26237        5.37855       -1107.74     /gpfs/hpu/EHT2020/sc_4/Sa-0.94/m_1_1_40/image_Sa-0.94_1476_17_0_230.e9_6.2e9_9.74619e+28_40_4.dat
        47       0.508003        3.35398        330.845        7.01639        5.43334        6.05062       -1193.91     /gpfs/hpu/EHT2020/sc_4/Sa-0.94/m_1_1_40/image_Sa-0.94_1482_17_0_230.e9_6.2e9_9.74619e+28_40_4.dat
        48       0.628411        3.24844        326.281        7.62183        10.1216        8.92064       -1579.53     /gpfs/hpu/EHT2020/sc_4/Sa-0.94/m_1_1_40/image_Sa-0.94_1488_17_0_230.e9_6.2e9_9.74619e+28_40_4.dat
        49       0.428168        3.62685        335.158        6.56966        4.81568        5.51419       -1089.52     /gpfs/hpu/EHT2020/sc_4/Sa-0.94/m_1_1_40/image_Sa-0.94_1494_17_0_230.e9_6.2e9_9.74619e+28_40_4.dat
        50       0.531513        3.66078        330.503        3.85487        5.72556        4.84919       -1008.81     /gpfs/hpu/EHT2020/sc_4/Sa-0.94/m_1_1_40/image_Sa-0.94_1500_17_0_230.e9_6.2e9_9.74619e+28_40_4.dat
        51       0.384074        3.60806        330.155        11.2444        13.5095        12.3688       -1945.69     /gpfs/hpu/EHT2020/sc_4/Sa-0.94/m_1_1_40/image_Sa-0.94_1506_17_0_230.e9_6.2e9_9.74619e+28_40_4.dat
        52       0.503207        3.41545        327.588         7.7404        11.9604        9.99497       -1713.35     /gpfs/hpu/EHT2020/sc_4/Sa-0.94/m_1_1_40/image_Sa-0.94_1512_17_0_230.e9_6.2e9_9.74619e+28_40_4.dat
        53        0.53366        3.55477        358.076        4.92572        6.42758        5.70185       -1194.69     /gpfs/hpu/EHT2020/sc_4/Sa-0.94/m_1_1_40/image_Sa-0.94_1518_17_0_230.e9_6.2e9_9.74619e+28_40_4.dat
        54       0.477478        3.59181        297.883        9.91843        14.6844        12.4505       -1960.25     /gpfs/hpu/EHT2020/sc_4/Sa-0.94/m_1_1_40/image_Sa-0.94_1524_17_0_230.e9_6.2e9_9.74619e+28_40_4.dat
        55       0.549138        3.73906        303.336        4.68686        7.50928        6.20071       -1156.98     /gpfs/hpu/EHT2020/sc_4/Sa-0.94/m_1_1_40/image_Sa-0.94_1530_17_0_230.e9_6.2e9_9.74619e+28_40_4.dat
        56       0.544714        3.65275        324.423        6.39513        12.4337        9.67794       -1657.42     /gpfs/hpu/EHT2020/sc_4/Sa-0.94/m_1_1_40/image_Sa-0.94_1536_17_0_230.e9_6.2e9_9.74619e+28_40_4.dat
        57       0.555358        3.50196        320.942        4.18504        8.65522        6.62185       -1330.73     /gpfs/hpu/EHT2020/sc_4/Sa-0.94/m_1_1_40/image_Sa-0.94_1542_17_0_230.e9_6.2e9_9.74619e+28_40_4.dat
        58       0.654288        3.60829        294.819        7.78454        12.4388        10.2802       -1742.03     /gpfs/hpu/EHT2020/sc_4/Sa-0.94/m_1_1_40/image_Sa-0.94_1548_17_0_230.e9_6.2e9_9.74619e+28_40_4.dat
        59       0.717886        3.97439        283.177        3.40688        7.88825        5.85933       -1199.93     /gpfs/hpu/EHT2020/sc_4/Sa-0.94/m_1_1_40/image_Sa-0.94_1554_17_0_230.e9_6.2e9_9.74619e+28_40_4.dat
        60       0.564528        3.70049        325.896        7.83569        8.18691        7.93634       -1386.23     /gpfs/hpu/EHT2020/sc_4/Sa-0.94/m_1_1_40/image_Sa-0.94_1560_17_0_230.e9_6.2e9_9.74619e+28_40_4.dat
        61        0.53475        3.54544        344.387        6.05718        11.9047        9.23775       -1598.09     /gpfs/hpu/EHT2020/sc_4/Sa-0.94/m_1_1_40/image_Sa-0.94_1566_17_0_230.e9_6.2e9_9.74619e+28_40_4.dat
        62       0.601677        3.78469        293.032         2.1589        3.35905        2.80061       -802.058     /gpfs/hpu/EHT2020/sc_4/Sa-0.94/m_1_1_40/image_Sa-0.94_1572_17_0_230.e9_6.2e9_9.74619e+28_40_4.dat
        63       0.671114        3.67829        309.516        2.79045        3.93892        3.39576       -863.167     /gpfs/hpu/EHT2020/sc_4/Sa-0.94/m_1_1_40/image_Sa-0.94_1578_17_0_230.e9_6.2e9_9.74619e+28_40_4.dat
        64       0.489306         3.6134        317.447         6.2441        7.78123         7.0239       -1344.76     /gpfs/hpu/EHT2020/sc_4/Sa-0.94/m_1_1_40/image_Sa-0.94_1584_17_0_230.e9_6.2e9_9.74619e+28_40_4.dat
        65       0.557414        3.74953        264.046         7.7467         16.008          12.25        -2007.8     /gpfs/hpu/EHT2020/sc_4/Sa-0.94/m_1_1_40/image_Sa-0.94_1590_17_0_230.e9_6.2e9_9.74619e+28_40_4.dat
        66       0.527858        3.67665        287.973        8.82903        15.8507        12.6294       -2056.89     /gpfs/hpu/EHT2020/sc_4/Sa-0.94/m_1_1_40/image_Sa-0.94_1596_17_0_230.e9_6.2e9_9.74619e+28_40_4.dat
        67       0.611143        3.30822        322.654        5.27007        9.63215        7.63361          -1450     /gpfs/hpu/EHT2020/sc_4/Sa-0.94/m_1_1_40/image_Sa-0.94_1602_17_0_230.e9_6.2e9_9.74619e+28_40_4.dat
        68         0.6788        3.85174        268.035        10.8331        7.32102        8.74774       -1533.21     /gpfs/hpu/EHT2020/sc_4/Sa-0.94/m_1_1_40/image_Sa-0.94_1608_17_0_230.e9_6.2e9_9.74619e+28_40_4.dat
        69       0.533181        3.86855        241.155        5.37669        10.9143        8.39308       -1426.22     /gpfs/hpu/EHT2020/sc_4/Sa-0.94/m_1_1_40/image_Sa-0.94_1614_17_0_230.e9_6.2e9_9.74619e+28_40_4.dat
        70        0.52847        3.84124         274.43        5.78923        5.76756        5.70714       -1104.89     /gpfs/hpu/EHT2020/sc_4/Sa-0.94/m_1_1_40/image_Sa-0.94_1620_17_0_230.e9_6.2e9_9.74619e+28_40_4.dat
        71       0.536511        3.95168        289.553        3.72995        5.31448        4.56654       -954.732     /gpfs/hpu/EHT2020/sc_4/Sa-0.94/m_1_1_40/image_Sa-0.94_1626_17_0_230.e9_6.2e9_9.74619e+28_40_4.dat
        72       0.563039        3.44592        301.315         4.9917        5.54281        5.23798       -1078.72     /gpfs/hpu/EHT2020/sc_4/Sa-0.94/m_1_1_40/image_Sa-0.94_1632_17_0_230.e9_6.2e9_9.74619e+28_40_4.dat
        73       0.548527        3.63667        313.733        2.73203        6.07343        4.55831       -1020.99     /gpfs/hpu/EHT2020/sc_4/Sa-0.94/m_1_1_40/image_Sa-0.94_1638_17_0_230.e9_6.2e9_9.74619e+28_40_4.dat
        74       0.566358        3.61482        335.046        5.38677        8.16793        6.86919       -1326.63     /gpfs/hpu/EHT2020/sc_4/Sa-0.94/m_1_1_40/image_Sa-0.94_1644_17_0_230.e9_6.2e9_9.74619e+28_40_4.dat
        75       0.515274        3.78051        353.357        4.97786        5.43758        5.17345       -1074.15     /gpfs/hpu/EHT2020/sc_4/Sa-0.94/m_1_1_40/image_Sa-0.94_1650_17_0_230.e9_6.2e9_9.74619e+28_40_4.dat
        76       0.596863        3.89365        295.046        2.79794        5.40666        4.21572       -960.519     /gpfs/hpu/EHT2020/sc_4/Sa-0.94/m_1_1_40/image_Sa-0.94_1656_17_0_230.e9_6.2e9_9.74619e+28_40_4.dat
        77       0.461014        3.57184        278.295        3.47588        8.87108          6.436       -1180.21     /gpfs/hpu/EHT2020/sc_4/Sa-0.94/m_1_1_40/image_Sa-0.94_1662_17_0_230.e9_6.2e9_9.74619e+28_40_4.dat
        78       0.531467        3.74948        302.362        6.48005        7.81789        7.14611          -1279     /gpfs/hpu/EHT2020/sc_4/Sa-0.94/m_1_1_40/image_Sa-0.94_1668_17_0_230.e9_6.2e9_9.74619e+28_40_4.dat
        79       0.568572        3.58329        322.808        12.1844        9.95617        10.7971        -1747.6     /gpfs/hpu/EHT2020/sc_4/Sa-0.94/m_1_1_40/image_Sa-0.94_1674_17_0_230.e9_6.2e9_9.74619e+28_40_4.dat
        80       0.447279         3.8798        309.002         1.9004        2.32324         2.1127       -640.483     /gpfs/hpu/EHT2020/sc_4/Sa-0.94/m_1_1_40/image_Sa-0.94_1680_17_0_230.e9_6.2e9_9.74619e+28_40_4.dat
        81       0.561823        3.96124        332.227        2.43528        3.55566        3.02926        -766.56     /gpfs/hpu/EHT2020/sc_4/Sa-0.94/m_1_1_40/image_Sa-0.94_1686_17_0_230.e9_6.2e9_9.74619e+28_40_4.dat
        82        0.51132        3.48981        305.845        2.60356        6.79304        4.90331        -1057.4     /gpfs/hpu/EHT2020/sc_4/Sa-0.94/m_1_1_40/image_Sa-0.94_1692_17_0_230.e9_6.2e9_9.74619e+28_40_4.dat
        83        0.82797        3.46078        339.232        3.82372        15.2955        10.1609        -1887.8     /gpfs/hpu/EHT2020/sc_4/Sa-0.94/m_1_1_40/image_Sa-0.94_1698_17_0_230.e9_6.2e9_9.74619e+28_40_4.dat
        84       0.562362        3.45556        308.821        10.5183        30.9101        21.7381       -3159.34     /gpfs/hpu/EHT2020/sc_4/Sa-0.94/m_1_1_40/image_Sa-0.94_1704_17_0_230.e9_6.2e9_9.74619e+28_40_4.dat
        85       0.757893        3.37725         341.82        8.43565         10.263        9.35046       -1694.48     /gpfs/hpu/EHT2020/sc_4/Sa-0.94/m_1_1_40/image_Sa-0.94_1710_17_0_230.e9_6.2e9_9.74619e+28_40_4.dat
        86       0.519824        3.84241        294.342         3.5516        18.3685        11.7535       -1847.14     /gpfs/hpu/EHT2020/sc_4/Sa-0.94/m_1_1_40/image_Sa-0.94_1716_17_0_230.e9_6.2e9_9.74619e+28_40_4.dat
        87       0.553666        3.66231        307.496        3.65688        9.02791        6.60136       -1228.88     /gpfs/hpu/EHT2020/sc_4/Sa-0.94/m_1_1_40/image_Sa-0.94_1722_17_0_230.e9_6.2e9_9.74619e+28_40_4.dat
        88       0.696178        4.03918        300.537        5.87148        5.19295        5.42289       -1161.38     /gpfs/hpu/EHT2020/sc_4/Sa-0.94/m_1_1_40/image_Sa-0.94_1728_17_0_230.e9_6.2e9_9.74619e+28_40_4.dat
        89       0.586187        3.81482        338.599        2.28423        4.47627        3.47636       -868.102     /gpfs/hpu/EHT2020/sc_4/Sa-0.94/m_1_1_40/image_Sa-0.94_1734_17_0_230.e9_6.2e9_9.74619e+28_40_4.dat
        90       0.483981        3.74097        271.248        5.46482        9.39424        7.58525       -1333.94     /gpfs/hpu/EHT2020/sc_4/Sa-0.94/m_1_1_40/image_Sa-0.94_1740_17_0_230.e9_6.2e9_9.74619e+28_40_4.dat
        91       0.514593        3.71947        329.511        3.58488        4.42489        4.00894       -904.668     /gpfs/hpu/EHT2020/sc_4/Sa-0.94/m_1_1_40/image_Sa-0.94_1746_17_0_230.e9_6.2e9_9.74619e+28_40_4.dat
        92       0.714537         3.5918        308.837        7.29072        7.72846        7.44611       -1356.48     /gpfs/hpu/EHT2020/sc_4/Sa-0.94/m_1_1_40/image_Sa-0.94_1752_17_0_230.e9_6.2e9_9.74619e+28_40_4.dat
        93       0.540129        3.52772         301.74        10.0529        19.1643        15.0014       -2304.49     /gpfs/hpu/EHT2020/sc_4/Sa-0.94/m_1_1_40/image_Sa-0.94_1758_17_0_230.e9_6.2e9_9.74619e+28_40_4.dat
        94       0.527712        3.60669        297.539        11.8224        5.95375        8.41376       -1560.61     /gpfs/hpu/EHT2020/sc_4/Sa-0.94/m_1_1_40/image_Sa-0.94_1764_17_0_230.e9_6.2e9_9.74619e+28_40_4.dat
        95       0.427684        3.61311        324.951        5.74033        8.73872        7.33935       -1333.02     /gpfs/hpu/EHT2020/sc_4/Sa-0.94/m_1_1_40/image_Sa-0.94_1770_17_0_230.e9_6.2e9_9.74619e+28_40_4.dat
        96       0.533943        3.96342        275.976        9.13309        11.9014         10.563       -1721.68     /gpfs/hpu/EHT2020/sc_4/Sa-0.94/m_1_1_40/image_Sa-0.94_1776_17_0_230.e9_6.2e9_9.74619e+28_40_4.dat
        97       0.478361        3.82445        290.925        9.45876        6.85751        7.89687       -1370.27     /gpfs/hpu/EHT2020/sc_4/Sa-0.94/m_1_1_40/image_Sa-0.94_1782_17_0_230.e9_6.2e9_9.74619e+28_40_4.dat
        98       0.492039        3.73087        253.721        5.66308         4.5297         4.9639       -1015.74     /gpfs/hpu/EHT2020/sc_4/Sa-0.94/m_1_1_40/image_Sa-0.94_1788_17_0_230.e9_6.2e9_9.74619e+28_40_4.dat
        99        1.01009        3.57943        310.978        9.17557        5.95924        7.27484        -1472.6     /gpfs/hpu/EHT2020/sc_4/Sa-0.94/m_1_1_40/image_Sa-0.94_1794_17_0_230.e9_6.2e9_9.74619e+28_40_4.dat
