   # Index         I (Jy)      M/D (uas)       PA (deg)  VA red. chisq  CP red. chisq     red. chisq     log-liklhd     FileName
         0       0.404875        3.36806       -185.117        9.34699        6.24525        7.50795       -1366.19     /gpfs/hpu/EHT2/IHARM/SANE/SANE_a+0.5_288x128x128_IHARM/m_1_1_10/image_a+0.5_0600_163_0_230.e9_6.2e9_4.81158e+27_10.dat
         1       0.464231         3.3687       -241.997        9.26379        12.5917        11.0036       -1798.93     /gpfs/hpu/EHT2/IHARM/SANE/SANE_a+0.5_288x128x128_IHARM/m_1_1_10/image_a+0.5_0605_163_0_230.e9_6.2e9_4.81158e+27_10.dat
         2       0.737768        3.44897       -241.486        23.2599        24.6487        23.7513       -3526.13     /gpfs/hpu/EHT2/IHARM/SANE/SANE_a+0.5_288x128x128_IHARM/m_1_1_10/image_a+0.5_0610_163_0_230.e9_6.2e9_4.81158e+27_10.dat
         3       0.595276        3.40578       -244.652        10.5974        13.0257        11.8204       -1924.86     /gpfs/hpu/EHT2/IHARM/SANE/SANE_a+0.5_288x128x128_IHARM/m_1_1_10/image_a+0.5_0615_163_0_230.e9_6.2e9_4.81158e+27_10.dat
         4         1.2782        3.80975       -235.065        15.5566        44.1092        31.2566       -4640.53     /gpfs/hpu/EHT2/IHARM/SANE/SANE_a+0.5_288x128x128_IHARM/m_1_1_10/image_a+0.5_0620_163_0_230.e9_6.2e9_4.81158e+27_10.dat
         5        1.08215        3.38772       -179.646         42.469         28.679        34.2818       -4823.85     /gpfs/hpu/EHT2/IHARM/SANE/SANE_a+0.5_288x128x128_IHARM/m_1_1_10/image_a+0.5_0625_163_0_230.e9_6.2e9_4.81158e+27_10.dat
         6       0.566317        2.62168       -258.987        16.0719        23.6574        20.0984       -3058.99     /gpfs/hpu/EHT2/IHARM/SANE/SANE_a+0.5_288x128x128_IHARM/m_1_1_10/image_a+0.5_0630_163_0_230.e9_6.2e9_4.81158e+27_10.dat
         7       0.453032        2.67226       -184.777        31.6313        17.2073        23.2224       -3306.86     /gpfs/hpu/EHT2/IHARM/SANE/SANE_a+0.5_288x128x128_IHARM/m_1_1_10/image_a+0.5_0635_163_0_230.e9_6.2e9_4.81158e+27_10.dat
         8       0.691947        2.67266       -160.301        18.9866        9.93887        13.7223       -2168.32     /gpfs/hpu/EHT2/IHARM/SANE/SANE_a+0.5_288x128x128_IHARM/m_1_1_10/image_a+0.5_0640_163_0_230.e9_6.2e9_4.81158e+27_10.dat
         9       0.467688         2.7695       -171.716        19.3985        10.6348        14.2873       -2212.41     /gpfs/hpu/EHT2/IHARM/SANE/SANE_a+0.5_288x128x128_IHARM/m_1_1_10/image_a+0.5_0645_163_0_230.e9_6.2e9_4.81158e+27_10.dat
        10       0.584581        3.16019       -165.973         24.298         10.987        16.5972       -2559.76     /gpfs/hpu/EHT2/IHARM/SANE/SANE_a+0.5_288x128x128_IHARM/m_1_1_10/image_a+0.5_0650_163_0_230.e9_6.2e9_4.81158e+27_10.dat
        11       0.637376        3.05796       -163.857        19.8643        9.86209        14.0583       -2291.84     /gpfs/hpu/EHT2/IHARM/SANE/SANE_a+0.5_288x128x128_IHARM/m_1_1_10/image_a+0.5_0655_163_0_230.e9_6.2e9_4.81158e+27_10.dat
        12       0.507677        3.28555       -186.616          35.89        12.6008        22.4966       -3242.22     /gpfs/hpu/EHT2/IHARM/SANE/SANE_a+0.5_288x128x128_IHARM/m_1_1_10/image_a+0.5_0660_163_0_230.e9_6.2e9_4.81158e+27_10.dat
        13       0.875882        3.51535       -188.543        18.5004        9.01457        12.9982       -2254.95     /gpfs/hpu/EHT2/IHARM/SANE/SANE_a+0.5_288x128x128_IHARM/m_1_1_10/image_a+0.5_0665_163_0_230.e9_6.2e9_4.81158e+27_10.dat
        14       0.621285        2.82199       -188.853         17.122        13.5098        14.9048       -2527.24     /gpfs/hpu/EHT2/IHARM/SANE/SANE_a+0.5_288x128x128_IHARM/m_1_1_10/image_a+0.5_0670_163_0_230.e9_6.2e9_4.81158e+27_10.dat
        15       0.692957        3.89504       -181.206          33.81        18.9011         25.105       -3631.37     /gpfs/hpu/EHT2/IHARM/SANE/SANE_a+0.5_288x128x128_IHARM/m_1_1_10/image_a+0.5_0675_163_0_230.e9_6.2e9_4.81158e+27_10.dat
        16        0.52336        3.35617       -304.301        15.3214        23.3133        19.5832       -2841.79     /gpfs/hpu/EHT2/IHARM/SANE/SANE_a+0.5_288x128x128_IHARM/m_1_1_10/image_a+0.5_0680_163_0_230.e9_6.2e9_4.81158e+27_10.dat
        17       0.591368        3.23756       -202.954        17.2024        6.13421        10.8354       -1790.39     /gpfs/hpu/EHT2/IHARM/SANE/SANE_a+0.5_288x128x128_IHARM/m_1_1_10/image_a+0.5_0685_163_0_230.e9_6.2e9_4.81158e+27_10.dat
        18       0.483609        3.31507       -172.301         12.404        5.78476        8.57065       -1497.68     /gpfs/hpu/EHT2/IHARM/SANE/SANE_a+0.5_288x128x128_IHARM/m_1_1_10/image_a+0.5_0690_163_0_230.e9_6.2e9_4.81158e+27_10.dat
        19       0.428277        3.21514       -188.377        24.4172        8.69501        15.3732       -2322.44     /gpfs/hpu/EHT2/IHARM/SANE/SANE_a+0.5_288x128x128_IHARM/m_1_1_10/image_a+0.5_0695_163_0_230.e9_6.2e9_4.81158e+27_10.dat
        20       0.379903        3.16172       -212.305        13.3532        10.6951        11.7126       -1866.46     /gpfs/hpu/EHT2/IHARM/SANE/SANE_a+0.5_288x128x128_IHARM/m_1_1_10/image_a+0.5_0700_163_0_230.e9_6.2e9_4.81158e+27_10.dat
        21       0.483257        3.40148       -263.918        8.08512         10.202        9.16527       -1555.09     /gpfs/hpu/EHT2/IHARM/SANE/SANE_a+0.5_288x128x128_IHARM/m_1_1_10/image_a+0.5_0705_163_0_230.e9_6.2e9_4.81158e+27_10.dat
        22       0.564071        3.01895       -238.543        9.12792        6.74769        7.69302       -1427.05     /gpfs/hpu/EHT2/IHARM/SANE/SANE_a+0.5_288x128x128_IHARM/m_1_1_10/image_a+0.5_0710_163_0_230.e9_6.2e9_4.81158e+27_10.dat
        23        0.54041        3.04388       -193.194        23.3353        11.2073        16.3044       -2488.45     /gpfs/hpu/EHT2/IHARM/SANE/SANE_a+0.5_288x128x128_IHARM/m_1_1_10/image_a+0.5_0715_163_0_230.e9_6.2e9_4.81158e+27_10.dat
        24       0.481443        3.50051       -298.817        5.83451        32.5445        20.6268       -2956.56     /gpfs/hpu/EHT2/IHARM/SANE/SANE_a+0.5_288x128x128_IHARM/m_1_1_10/image_a+0.5_0720_163_0_230.e9_6.2e9_4.81158e+27_10.dat
        25       0.641679        3.04684       -219.054        31.6082        7.74057        17.9447       -2691.95     /gpfs/hpu/EHT2/IHARM/SANE/SANE_a+0.5_288x128x128_IHARM/m_1_1_10/image_a+0.5_0725_163_0_230.e9_6.2e9_4.81158e+27_10.dat
        26       0.795543        3.18023       -167.829        19.4645        9.38695        13.6214       -2290.36     /gpfs/hpu/EHT2/IHARM/SANE/SANE_a+0.5_288x128x128_IHARM/m_1_1_10/image_a+0.5_0730_163_0_230.e9_6.2e9_4.81158e+27_10.dat
        27       0.440849        3.22029       -220.268        50.0861        21.4556        33.5487       -4611.06     /gpfs/hpu/EHT2/IHARM/SANE/SANE_a+0.5_288x128x128_IHARM/m_1_1_10/image_a+0.5_0735_163_0_230.e9_6.2e9_4.81158e+27_10.dat
        28        1.05207        3.42027       -324.056        4.86876        10.3732        7.87283       -1597.67     /gpfs/hpu/EHT2/IHARM/SANE/SANE_a+0.5_288x128x128_IHARM/m_1_1_10/image_a+0.5_0740_163_0_230.e9_6.2e9_4.81158e+27_10.dat
        29       0.545089        3.21513       -78.8896        6.05935        8.21273         7.1843       -1412.26     /gpfs/hpu/EHT2/IHARM/SANE/SANE_a+0.5_288x128x128_IHARM/m_1_1_10/image_a+0.5_0745_163_0_230.e9_6.2e9_4.81158e+27_10.dat
        30       0.509301         3.3921       -156.607        7.66746        12.6287        10.3354       -1792.52     /gpfs/hpu/EHT2/IHARM/SANE/SANE_a+0.5_288x128x128_IHARM/m_1_1_10/image_a+0.5_0750_163_0_230.e9_6.2e9_4.81158e+27_10.dat
        31       0.530264        3.32242        125.999        21.2467        6.93801        13.0276       -2051.24     /gpfs/hpu/EHT2/IHARM/SANE/SANE_a+0.5_288x128x128_IHARM/m_1_1_10/image_a+0.5_0755_163_0_230.e9_6.2e9_4.81158e+27_10.dat
        32       0.379557        3.62517        143.885        12.0358         28.938        21.2954       -3074.84     /gpfs/hpu/EHT2/IHARM/SANE/SANE_a+0.5_288x128x128_IHARM/m_1_1_10/image_a+0.5_0760_163_0_230.e9_6.2e9_4.81158e+27_10.dat
        33       0.414756        3.77418        181.956        3.24148        4.21603        3.74456       -849.638     /gpfs/hpu/EHT2/IHARM/SANE/SANE_a+0.5_288x128x128_IHARM/m_1_1_10/image_a+0.5_0765_163_0_230.e9_6.2e9_4.81158e+27_10.dat
        34       0.470765        4.28952        161.016        4.93197        13.2165        9.48226       -1617.61     /gpfs/hpu/EHT2/IHARM/SANE/SANE_a+0.5_288x128x128_IHARM/m_1_1_10/image_a+0.5_0770_163_0_230.e9_6.2e9_4.81158e+27_10.dat
        35        0.37439        3.58246        159.257        8.97636        6.74134         7.6241       -1371.47     /gpfs/hpu/EHT2/IHARM/SANE/SANE_a+0.5_288x128x128_IHARM/m_1_1_10/image_a+0.5_0775_163_0_230.e9_6.2e9_4.81158e+27_10.dat
        36       0.429466        3.48505        177.222        11.6658        14.4352        13.0657       -2089.27     /gpfs/hpu/EHT2/IHARM/SANE/SANE_a+0.5_288x128x128_IHARM/m_1_1_10/image_a+0.5_0780_163_0_230.e9_6.2e9_4.81158e+27_10.dat
        37       0.344042        3.44417        171.893         15.291        7.89689        10.9916       -1789.03     /gpfs/hpu/EHT2/IHARM/SANE/SANE_a+0.5_288x128x128_IHARM/m_1_1_10/image_a+0.5_0785_163_0_230.e9_6.2e9_4.81158e+27_10.dat
        38       0.347565        3.63667        165.608        3.89642        8.09605        6.18618       -1176.79     /gpfs/hpu/EHT2/IHARM/SANE/SANE_a+0.5_288x128x128_IHARM/m_1_1_10/image_a+0.5_0790_163_0_230.e9_6.2e9_4.81158e+27_10.dat
        39       0.515934        4.06523        213.847        30.6033        9.77431        18.6428       -2871.85     /gpfs/hpu/EHT2/IHARM/SANE/SANE_a+0.5_288x128x128_IHARM/m_1_1_10/image_a+0.5_0795_163_0_230.e9_6.2e9_4.81158e+27_10.dat
        40       0.434151        3.38957        194.305        15.0674        9.99321        12.0616       -2007.47     /gpfs/hpu/EHT2/IHARM/SANE/SANE_a+0.5_288x128x128_IHARM/m_1_1_10/image_a+0.5_0800_163_0_230.e9_6.2e9_4.81158e+27_10.dat
        41       0.854616        4.56814        217.853          38.93        18.3209        26.9911       -4046.49     /gpfs/hpu/EHT2/IHARM/SANE/SANE_a+0.5_288x128x128_IHARM/m_1_1_10/image_a+0.5_0805_163_0_230.e9_6.2e9_4.81158e+27_10.dat
        42       0.596163        4.14851        200.505        32.3879        11.8703         20.579       -3120.14     /gpfs/hpu/EHT2/IHARM/SANE/SANE_a+0.5_288x128x128_IHARM/m_1_1_10/image_a+0.5_0810_163_0_230.e9_6.2e9_4.81158e+27_10.dat
        43        0.35394        3.37411        196.786        22.5894        30.9007        26.9409       -3794.61     /gpfs/hpu/EHT2/IHARM/SANE/SANE_a+0.5_288x128x128_IHARM/m_1_1_10/image_a+0.5_0815_163_0_230.e9_6.2e9_4.81158e+27_10.dat
        44       0.337256        3.76509        172.449        42.5754         28.189        34.0551       -4636.59     /gpfs/hpu/EHT2/IHARM/SANE/SANE_a+0.5_288x128x128_IHARM/m_1_1_10/image_a+0.5_0820_163_0_230.e9_6.2e9_4.81158e+27_10.dat
        45       0.345375        3.91894        188.167        17.1623        11.8277        13.9862       -2167.91     /gpfs/hpu/EHT2/IHARM/SANE/SANE_a+0.5_288x128x128_IHARM/m_1_1_10/image_a+0.5_0825_163_0_230.e9_6.2e9_4.81158e+27_10.dat
        46       0.432538        3.47149        184.937        14.8355        13.1762        13.7327       -2193.45     /gpfs/hpu/EHT2/IHARM/SANE/SANE_a+0.5_288x128x128_IHARM/m_1_1_10/image_a+0.5_0830_163_0_230.e9_6.2e9_4.81158e+27_10.dat
        47       0.439587        3.81204        179.104         45.788        26.8694        34.7068       -4756.34     /gpfs/hpu/EHT2/IHARM/SANE/SANE_a+0.5_288x128x128_IHARM/m_1_1_10/image_a+0.5_0835_163_0_230.e9_6.2e9_4.81158e+27_10.dat
        48       0.390574        3.60854        180.227        24.1579         10.442        16.2335       -2410.19     /gpfs/hpu/EHT2/IHARM/SANE/SANE_a+0.5_288x128x128_IHARM/m_1_1_10/image_a+0.5_0840_163_0_230.e9_6.2e9_4.81158e+27_10.dat
        49        0.99673        4.40378        170.654        4.91373        13.6129        9.69495       -1789.66     /gpfs/hpu/EHT2/IHARM/SANE/SANE_a+0.5_288x128x128_IHARM/m_1_1_10/image_a+0.5_0845_163_0_230.e9_6.2e9_4.81158e+27_10.dat
        50       0.515954        3.53642        234.261        16.1226         11.971        13.6174       -2282.87     /gpfs/hpu/EHT2/IHARM/SANE/SANE_a+0.5_288x128x128_IHARM/m_1_1_10/image_a+0.5_0850_163_0_230.e9_6.2e9_4.81158e+27_10.dat
        51       0.651292        4.12519        207.645        50.0594        27.7193        37.0226       -5215.16     /gpfs/hpu/EHT2/IHARM/SANE/SANE_a+0.5_288x128x128_IHARM/m_1_1_10/image_a+0.5_0855_163_0_230.e9_6.2e9_4.81158e+27_10.dat
        52       0.544375        3.76946        184.776        23.8858        20.0826        21.4805       -3275.45     /gpfs/hpu/EHT2/IHARM/SANE/SANE_a+0.5_288x128x128_IHARM/m_1_1_10/image_a+0.5_0860_163_0_230.e9_6.2e9_4.81158e+27_10.dat
        53       0.582092        5.09175         194.19        48.6535          26.84        35.9268       -5198.28     /gpfs/hpu/EHT2/IHARM/SANE/SANE_a+0.5_288x128x128_IHARM/m_1_1_10/image_a+0.5_0865_163_0_230.e9_6.2e9_4.81158e+27_10.dat
        54       0.558743        4.18702        174.359        34.9112        15.2806        23.5654       -3493.44     /gpfs/hpu/EHT2/IHARM/SANE/SANE_a+0.5_288x128x128_IHARM/m_1_1_10/image_a+0.5_0870_163_0_230.e9_6.2e9_4.81158e+27_10.dat
        55       0.784805        3.54486        173.344        15.7729         17.787        16.7028       -2833.98     /gpfs/hpu/EHT2/IHARM/SANE/SANE_a+0.5_288x128x128_IHARM/m_1_1_10/image_a+0.5_0875_163_0_230.e9_6.2e9_4.81158e+27_10.dat
        56       0.587017        4.17764        198.848         39.595        17.2397        26.6764          -3805     /gpfs/hpu/EHT2/IHARM/SANE/SANE_a+0.5_288x128x128_IHARM/m_1_1_10/image_a+0.5_0880_163_0_230.e9_6.2e9_4.81158e+27_10.dat
        57       0.719076        4.80439         179.12        38.4964        14.1624          24.49       -3686.12     /gpfs/hpu/EHT2/IHARM/SANE/SANE_a+0.5_288x128x128_IHARM/m_1_1_10/image_a+0.5_0885_163_0_230.e9_6.2e9_4.81158e+27_10.dat
        58       0.606813        4.18823        182.517        25.4666        8.65754        15.8051       -2621.13     /gpfs/hpu/EHT2/IHARM/SANE/SANE_a+0.5_288x128x128_IHARM/m_1_1_10/image_a+0.5_0890_163_0_230.e9_6.2e9_4.81158e+27_10.dat
        59       0.697254        4.65267        184.271        42.3208        19.4685        29.0927       -4243.41     /gpfs/hpu/EHT2/IHARM/SANE/SANE_a+0.5_288x128x128_IHARM/m_1_1_10/image_a+0.5_0895_163_0_230.e9_6.2e9_4.81158e+27_10.dat
        60       0.565202        4.26757        170.829         39.806          15.56        25.8327        -3714.1     /gpfs/hpu/EHT2/IHARM/SANE/SANE_a+0.5_288x128x128_IHARM/m_1_1_10/image_a+0.5_0900_163_0_230.e9_6.2e9_4.81158e+27_10.dat
        61       0.522985        3.51971        161.465        9.41342        9.14766        9.15167       -1638.63     /gpfs/hpu/EHT2/IHARM/SANE/SANE_a+0.5_288x128x128_IHARM/m_1_1_10/image_a+0.5_0905_163_0_230.e9_6.2e9_4.81158e+27_10.dat
        62       0.689292        4.02186        201.798        22.4453        14.4558         17.728       -2738.29     /gpfs/hpu/EHT2/IHARM/SANE/SANE_a+0.5_288x128x128_IHARM/m_1_1_10/image_a+0.5_0910_163_0_230.e9_6.2e9_4.81158e+27_10.dat
        63       0.460125        3.61319        184.928        17.6881        8.38175        12.2956       -2022.45     /gpfs/hpu/EHT2/IHARM/SANE/SANE_a+0.5_288x128x128_IHARM/m_1_1_10/image_a+0.5_0915_163_0_230.e9_6.2e9_4.81158e+27_10.dat
        64       0.603225        4.31061        200.101        28.7736        16.4839        21.5869       -3388.35     /gpfs/hpu/EHT2/IHARM/SANE/SANE_a+0.5_288x128x128_IHARM/m_1_1_10/image_a+0.5_0920_163_0_230.e9_6.2e9_4.81158e+27_10.dat
        65       0.512798        3.58868        190.143        17.9575        28.4295        23.5674       -3532.74     /gpfs/hpu/EHT2/IHARM/SANE/SANE_a+0.5_288x128x128_IHARM/m_1_1_10/image_a+0.5_0925_163_0_230.e9_6.2e9_4.81158e+27_10.dat
        66       0.450772        3.43244        174.637        39.1908        12.2939        23.7499       -3410.21     /gpfs/hpu/EHT2/IHARM/SANE/SANE_a+0.5_288x128x128_IHARM/m_1_1_10/image_a+0.5_0930_163_0_230.e9_6.2e9_4.81158e+27_10.dat
        67       0.372179        3.70378        108.547        14.3935         12.004        12.8898       -2037.97     /gpfs/hpu/EHT2/IHARM/SANE/SANE_a+0.5_288x128x128_IHARM/m_1_1_10/image_a+0.5_0935_163_0_230.e9_6.2e9_4.81158e+27_10.dat
        68       0.385194        3.46404         135.85        2.72493         3.8799        3.33465       -891.138     /gpfs/hpu/EHT2/IHARM/SANE/SANE_a+0.5_288x128x128_IHARM/m_1_1_10/image_a+0.5_0940_163_0_230.e9_6.2e9_4.81158e+27_10.dat
        69       0.712581        3.95435         77.049        25.3731        33.5442         29.613       -4393.95     /gpfs/hpu/EHT2/IHARM/SANE/SANE_a+0.5_288x128x128_IHARM/m_1_1_10/image_a+0.5_0945_163_0_230.e9_6.2e9_4.81158e+27_10.dat
        70       0.382714        3.68387        85.8561        4.62835        19.7208        12.9706       -2030.12     /gpfs/hpu/EHT2/IHARM/SANE/SANE_a+0.5_288x128x128_IHARM/m_1_1_10/image_a+0.5_0950_163_0_230.e9_6.2e9_4.81158e+27_10.dat
        71       0.531664        3.22905        94.1631        25.5242        39.4008        32.9371       -4552.66     /gpfs/hpu/EHT2/IHARM/SANE/SANE_a+0.5_288x128x128_IHARM/m_1_1_10/image_a+0.5_0955_163_0_230.e9_6.2e9_4.81158e+27_10.dat
        72       0.395017        3.23909        158.808        8.60223        8.60431        8.49933       -1467.84     /gpfs/hpu/EHT2/IHARM/SANE/SANE_a+0.5_288x128x128_IHARM/m_1_1_10/image_a+0.5_0960_163_0_230.e9_6.2e9_4.81158e+27_10.dat
        73       0.635377        3.30946        202.862        21.5356        10.9329        15.3752       -2492.92     /gpfs/hpu/EHT2/IHARM/SANE/SANE_a+0.5_288x128x128_IHARM/m_1_1_10/image_a+0.5_0965_163_0_230.e9_6.2e9_4.81158e+27_10.dat
        74       0.416654        3.25236        182.484        23.6045        8.18205        14.7371       -2303.07     /gpfs/hpu/EHT2/IHARM/SANE/SANE_a+0.5_288x128x128_IHARM/m_1_1_10/image_a+0.5_0970_163_0_230.e9_6.2e9_4.81158e+27_10.dat
        75       0.456202        3.19493        112.769        9.33959         10.793        10.0354       -1697.79     /gpfs/hpu/EHT2/IHARM/SANE/SANE_a+0.5_288x128x128_IHARM/m_1_1_10/image_a+0.5_0975_163_0_230.e9_6.2e9_4.81158e+27_10.dat
        76       0.732913        3.57257         189.54        29.6306        10.5675        18.6645       -2890.86     /gpfs/hpu/EHT2/IHARM/SANE/SANE_a+0.5_288x128x128_IHARM/m_1_1_10/image_a+0.5_0980_163_0_230.e9_6.2e9_4.81158e+27_10.dat
        77        0.59031        3.88703        184.463        15.5396        9.49939        11.9905       -2014.61     /gpfs/hpu/EHT2/IHARM/SANE/SANE_a+0.5_288x128x128_IHARM/m_1_1_10/image_a+0.5_0985_163_0_230.e9_6.2e9_4.81158e+27_10.dat
        78       0.694807        3.65009        218.035        17.2047        12.0623        14.1351       -2325.13     /gpfs/hpu/EHT2/IHARM/SANE/SANE_a+0.5_288x128x128_IHARM/m_1_1_10/image_a+0.5_0990_163_0_230.e9_6.2e9_4.81158e+27_10.dat
        79       0.912217        3.82829        195.972        21.9893        11.9348        16.1285       -2655.34     /gpfs/hpu/EHT2/IHARM/SANE/SANE_a+0.5_288x128x128_IHARM/m_1_1_10/image_a+0.5_0995_163_0_230.e9_6.2e9_4.81158e+27_10.dat
        80       0.785722         3.8426        173.062        26.7099        12.5176        18.4895       -2869.25     /gpfs/hpu/EHT2/IHARM/SANE/SANE_a+0.5_288x128x128_IHARM/m_1_1_10/image_a+0.5_1000_163_0_230.e9_6.2e9_4.81158e+27_10.dat
        81        0.77861        3.62482        108.489        20.0442         14.312         16.612        -2606.8     /gpfs/hpu/EHT2/IHARM/SANE/SANE_a+0.5_288x128x128_IHARM/m_1_1_10/image_a+0.5_1005_163_0_230.e9_6.2e9_4.81158e+27_10.dat
        82        0.60597        3.87193        192.958        19.2404        8.74493        13.1675       -2159.73     /gpfs/hpu/EHT2/IHARM/SANE/SANE_a+0.5_288x128x128_IHARM/m_1_1_10/image_a+0.5_1010_163_0_230.e9_6.2e9_4.81158e+27_10.dat
        83        0.53429        3.52036        160.142        30.2093        7.67467        17.3045       -2565.93     /gpfs/hpu/EHT2/IHARM/SANE/SANE_a+0.5_288x128x128_IHARM/m_1_1_10/image_a+0.5_1015_163_0_230.e9_6.2e9_4.81158e+27_10.dat
        84       0.607482        3.38381         209.54        31.4311        21.0259        25.2609       -3799.27     /gpfs/hpu/EHT2/IHARM/SANE/SANE_a+0.5_288x128x128_IHARM/m_1_1_10/image_a+0.5_1020_163_0_230.e9_6.2e9_4.81158e+27_10.dat
        85       0.546405        3.62643        198.436        9.57398        9.68238        9.51849       -1680.32     /gpfs/hpu/EHT2/IHARM/SANE/SANE_a+0.5_288x128x128_IHARM/m_1_1_10/image_a+0.5_1025_163_0_230.e9_6.2e9_4.81158e+27_10.dat
        86       0.697918        3.75555        201.994        29.7706        11.0125        18.9725       -2903.72     /gpfs/hpu/EHT2/IHARM/SANE/SANE_a+0.5_288x128x128_IHARM/m_1_1_10/image_a+0.5_1030_163_0_230.e9_6.2e9_4.81158e+27_10.dat
        87        0.66146        3.80579        188.861        21.9166        15.5384        18.1023       -2802.65     /gpfs/hpu/EHT2/IHARM/SANE/SANE_a+0.5_288x128x128_IHARM/m_1_1_10/image_a+0.5_1035_163_0_230.e9_6.2e9_4.81158e+27_10.dat
        88       0.324211        3.44869        173.135        9.53033        9.09758        9.17424       -1548.43     /gpfs/hpu/EHT2/IHARM/SANE/SANE_a+0.5_288x128x128_IHARM/m_1_1_10/image_a+0.5_1040_163_0_230.e9_6.2e9_4.81158e+27_10.dat
        89       0.537307        3.92322        216.151         41.894        17.1476         27.617       -3965.76     /gpfs/hpu/EHT2/IHARM/SANE/SANE_a+0.5_288x128x128_IHARM/m_1_1_10/image_a+0.5_1045_163_0_230.e9_6.2e9_4.81158e+27_10.dat
        90       0.332682        3.43855       -219.714        31.7241        19.7156        24.6582       -3449.54     /gpfs/hpu/EHT2/IHARM/SANE/SANE_a+0.5_288x128x128_IHARM/m_1_1_10/image_a+0.5_1050_163_0_230.e9_6.2e9_4.81158e+27_10.dat
        91       0.470234        3.38891       -254.829        19.8658        17.5676        18.3466       -2729.15     /gpfs/hpu/EHT2/IHARM/SANE/SANE_a+0.5_288x128x128_IHARM/m_1_1_10/image_a+0.5_1055_163_0_230.e9_6.2e9_4.81158e+27_10.dat
        92        0.39224        3.74439       -152.695        39.1979        17.3947        26.5913       -3717.58     /gpfs/hpu/EHT2/IHARM/SANE/SANE_a+0.5_288x128x128_IHARM/m_1_1_10/image_a+0.5_1060_163_0_230.e9_6.2e9_4.81158e+27_10.dat
        93       0.690363        3.87928       -160.156        41.7102        12.8051        25.1214       -3686.15     /gpfs/hpu/EHT2/IHARM/SANE/SANE_a+0.5_288x128x128_IHARM/m_1_1_10/image_a+0.5_1065_163_0_230.e9_6.2e9_4.81158e+27_10.dat
        94        0.35771        3.92265       -254.658        6.69659        26.6681        17.7288       -2609.52     /gpfs/hpu/EHT2/IHARM/SANE/SANE_a+0.5_288x128x128_IHARM/m_1_1_10/image_a+0.5_1070_163_0_230.e9_6.2e9_4.81158e+27_10.dat
        95       0.437616        3.59189       -165.839        30.2973        10.5988        18.9695       -2798.74     /gpfs/hpu/EHT2/IHARM/SANE/SANE_a+0.5_288x128x128_IHARM/m_1_1_10/image_a+0.5_1075_163_0_230.e9_6.2e9_4.81158e+27_10.dat
        96       0.483376        3.59579       -155.174         28.314        13.2661         19.598       -2949.92     /gpfs/hpu/EHT2/IHARM/SANE/SANE_a+0.5_288x128x128_IHARM/m_1_1_10/image_a+0.5_1080_163_0_230.e9_6.2e9_4.81158e+27_10.dat
        97       0.626916        4.03604       -169.804        28.9344        13.2205        19.8404       -3203.93     /gpfs/hpu/EHT2/IHARM/SANE/SANE_a+0.5_288x128x128_IHARM/m_1_1_10/image_a+0.5_1085_163_0_230.e9_6.2e9_4.81158e+27_10.dat
        98       0.605868        3.97674       -163.522        20.6564        9.38136        14.1325       -2265.07     /gpfs/hpu/EHT2/IHARM/SANE/SANE_a+0.5_288x128x128_IHARM/m_1_1_10/image_a+0.5_1090_163_0_230.e9_6.2e9_4.81158e+27_10.dat
        99       0.694565        3.78033       -160.419        19.3041        12.9236        15.5201       -2558.33     /gpfs/hpu/EHT2/IHARM/SANE/SANE_a+0.5_288x128x128_IHARM/m_1_1_10/image_a+0.5_1095_163_0_230.e9_6.2e9_4.81158e+27_10.dat
