   # Index         I (Jy)      M/D (uas)       PA (deg)  VA red. chisq  CP red. chisq     red. chisq     log-liklhd     FileName
         0       0.541383        4.26872       -226.785        9.82368        14.4488        12.2785        -1932.5     /gpfs/hpu/EHT2/IHARM/SANE/SANE_a+0.94_288x128x128_IHARM/m_1_1_80/image_a+0.94_0600_163_0_230.e9_6.2e9_5.03176e+27_80.dat
         1       0.802802        4.44439       -236.116        18.6693        17.1104         17.576       -2668.49     /gpfs/hpu/EHT2/IHARM/SANE/SANE_a+0.94_288x128x128_IHARM/m_1_1_80/image_a+0.94_0606_163_0_230.e9_6.2e9_5.03176e+27_80.dat
         2       0.623353        4.11477       -156.715        14.3752        11.9899         12.874       -2132.88     /gpfs/hpu/EHT2/IHARM/SANE/SANE_a+0.94_288x128x128_IHARM/m_1_1_80/image_a+0.94_0612_163_0_230.e9_6.2e9_5.03176e+27_80.dat
         3       0.562027        4.19862       -177.495        10.7159        8.49174        9.34864       -1641.88     /gpfs/hpu/EHT2/IHARM/SANE/SANE_a+0.94_288x128x128_IHARM/m_1_1_80/image_a+0.94_0618_163_0_230.e9_6.2e9_5.03176e+27_80.dat
         4       0.590811        4.57171       -162.546        26.9147        9.59603        16.9521        -2570.5     /gpfs/hpu/EHT2/IHARM/SANE/SANE_a+0.94_288x128x128_IHARM/m_1_1_80/image_a+0.94_0624_163_0_230.e9_6.2e9_5.03176e+27_80.dat
         5       0.628237        4.15257       -164.737        20.1171         9.1937        13.7954       -2197.54     /gpfs/hpu/EHT2/IHARM/SANE/SANE_a+0.94_288x128x128_IHARM/m_1_1_80/image_a+0.94_0630_163_0_230.e9_6.2e9_5.03176e+27_80.dat
         6        1.65165         5.4365        -170.57        30.9351        19.9269        24.4354       -3642.09     /gpfs/hpu/EHT2/IHARM/SANE/SANE_a+0.94_288x128x128_IHARM/m_1_1_80/image_a+0.94_0636_163_0_230.e9_6.2e9_5.03176e+27_80.dat
         7       0.744699        5.12233        -166.19        23.3628        9.31491        15.2632          -2367     /gpfs/hpu/EHT2/IHARM/SANE/SANE_a+0.94_288x128x128_IHARM/m_1_1_80/image_a+0.94_0642_163_0_230.e9_6.2e9_5.03176e+27_80.dat
         8       0.732799        4.97661        -189.86        12.8238         11.095        11.7067       -1924.22     /gpfs/hpu/EHT2/IHARM/SANE/SANE_a+0.94_288x128x128_IHARM/m_1_1_80/image_a+0.94_0648_163_0_230.e9_6.2e9_5.03176e+27_80.dat
         9       0.618427        4.58562       -181.913        23.4451        10.7265        16.0842       -2441.53     /gpfs/hpu/EHT2/IHARM/SANE/SANE_a+0.94_288x128x128_IHARM/m_1_1_80/image_a+0.94_0654_163_0_230.e9_6.2e9_5.03176e+27_80.dat
        10        1.00302        5.15898       -176.736         15.955        10.6947        12.8349       -2112.22     /gpfs/hpu/EHT2/IHARM/SANE/SANE_a+0.94_288x128x128_IHARM/m_1_1_80/image_a+0.94_0660_163_0_230.e9_6.2e9_5.03176e+27_80.dat
        11        1.29428        4.98207       -183.567        29.0316        12.9358        19.7239       -3017.17     /gpfs/hpu/EHT2/IHARM/SANE/SANE_a+0.94_288x128x128_IHARM/m_1_1_80/image_a+0.94_0666_163_0_230.e9_6.2e9_5.03176e+27_80.dat
        12       0.920931        4.82755       -187.365        35.1457        12.0485        21.8681       -3211.67     /gpfs/hpu/EHT2/IHARM/SANE/SANE_a+0.94_288x128x128_IHARM/m_1_1_80/image_a+0.94_0672_163_0_230.e9_6.2e9_5.03176e+27_80.dat
        13        1.04808        5.22566       -236.838        12.7371        17.1267        15.0256       -2384.23     /gpfs/hpu/EHT2/IHARM/SANE/SANE_a+0.94_288x128x128_IHARM/m_1_1_80/image_a+0.94_0678_163_0_230.e9_6.2e9_5.03176e+27_80.dat
        14       0.726198        4.93784       -174.827        15.8739        16.9591        16.2858        -2476.1     /gpfs/hpu/EHT2/IHARM/SANE/SANE_a+0.94_288x128x128_IHARM/m_1_1_80/image_a+0.94_0684_163_0_230.e9_6.2e9_5.03176e+27_80.dat
        15       0.829448         5.6269       -163.157        15.2345         9.8869        12.0745       -1969.59     /gpfs/hpu/EHT2/IHARM/SANE/SANE_a+0.94_288x128x128_IHARM/m_1_1_80/image_a+0.94_0690_163_0_230.e9_6.2e9_5.03176e+27_80.dat
        16       0.931764        5.65018       -163.629        13.3947        11.3523        12.0962       -2021.04     /gpfs/hpu/EHT2/IHARM/SANE/SANE_a+0.94_288x128x128_IHARM/m_1_1_80/image_a+0.94_0696_163_0_230.e9_6.2e9_5.03176e+27_80.dat
        17        1.15237        5.63452       -182.119        20.7588        15.0679         17.341       -2653.88     /gpfs/hpu/EHT2/IHARM/SANE/SANE_a+0.94_288x128x128_IHARM/m_1_1_80/image_a+0.94_0702_163_0_230.e9_6.2e9_5.03176e+27_80.dat
        18         0.8844        4.90377       -182.892        26.3471        11.6648        17.8584       -2710.64     /gpfs/hpu/EHT2/IHARM/SANE/SANE_a+0.94_288x128x128_IHARM/m_1_1_80/image_a+0.94_0708_163_0_230.e9_6.2e9_5.03176e+27_80.dat
        19       0.730812        4.79555       -207.291        20.0169        8.56054        13.3998       -2127.55     /gpfs/hpu/EHT2/IHARM/SANE/SANE_a+0.94_288x128x128_IHARM/m_1_1_80/image_a+0.94_0714_163_0_230.e9_6.2e9_5.03176e+27_80.dat
        20       0.557634        4.81411        -185.57        15.8446        7.41049        10.9597       -1779.98     /gpfs/hpu/EHT2/IHARM/SANE/SANE_a+0.94_288x128x128_IHARM/m_1_1_80/image_a+0.94_0720_163_0_230.e9_6.2e9_5.03176e+27_80.dat
        21       0.963839        4.70084       -192.044        20.6707        11.0546        15.0698       -2402.23     /gpfs/hpu/EHT2/IHARM/SANE/SANE_a+0.94_288x128x128_IHARM/m_1_1_80/image_a+0.94_0726_163_0_230.e9_6.2e9_5.03176e+27_80.dat
        22        1.71412        4.78288       -179.513         19.267        11.4315        14.6739       -2459.97     /gpfs/hpu/EHT2/IHARM/SANE/SANE_a+0.94_288x128x128_IHARM/m_1_1_80/image_a+0.94_0732_163_0_230.e9_6.2e9_5.03176e+27_80.dat
        23        1.53452         4.8498       -196.845        19.2661        10.9179        14.3877       -2400.18     /gpfs/hpu/EHT2/IHARM/SANE/SANE_a+0.94_288x128x128_IHARM/m_1_1_80/image_a+0.94_0738_163_0_230.e9_6.2e9_5.03176e+27_80.dat
        24       0.862859        5.02504       -226.795        12.6277        11.2987        11.7354       -1911.13     /gpfs/hpu/EHT2/IHARM/SANE/SANE_a+0.94_288x128x128_IHARM/m_1_1_80/image_a+0.94_0744_163_0_230.e9_6.2e9_5.03176e+27_80.dat
        25       0.746933        4.71686       -204.228        21.6917        8.54225        14.1122        -2196.6     /gpfs/hpu/EHT2/IHARM/SANE/SANE_a+0.94_288x128x128_IHARM/m_1_1_80/image_a+0.94_0750_163_0_230.e9_6.2e9_5.03176e+27_80.dat
        26       0.898041        4.68123       -179.976        18.2557        9.65459        13.2488       -2117.87     /gpfs/hpu/EHT2/IHARM/SANE/SANE_a+0.94_288x128x128_IHARM/m_1_1_80/image_a+0.94_0756_163_0_230.e9_6.2e9_5.03176e+27_80.dat
        27       0.988308        4.47947       -161.532        12.6903        8.49058        10.1998       -1826.01     /gpfs/hpu/EHT2/IHARM/SANE/SANE_a+0.94_288x128x128_IHARM/m_1_1_80/image_a+0.94_0762_163_0_230.e9_6.2e9_5.03176e+27_80.dat
        28        1.16657         5.7926       -166.922        12.3869        9.22199        10.4759       -1830.34     /gpfs/hpu/EHT2/IHARM/SANE/SANE_a+0.94_288x128x128_IHARM/m_1_1_80/image_a+0.94_0768_163_0_230.e9_6.2e9_5.03176e+27_80.dat
        29       0.662689        4.59778       -176.913        22.9152        7.28499        13.9406        -2175.6     /gpfs/hpu/EHT2/IHARM/SANE/SANE_a+0.94_288x128x128_IHARM/m_1_1_80/image_a+0.94_0774_163_0_230.e9_6.2e9_5.03176e+27_80.dat
        30       0.773574        4.80254        -178.25        24.9413        7.13009        14.7285       -2279.33     /gpfs/hpu/EHT2/IHARM/SANE/SANE_a+0.94_288x128x128_IHARM/m_1_1_80/image_a+0.94_0780_163_0_230.e9_6.2e9_5.03176e+27_80.dat
        31        1.60523        6.09759       -170.069        12.9222        12.2495        12.3915       -2197.75     /gpfs/hpu/EHT2/IHARM/SANE/SANE_a+0.94_288x128x128_IHARM/m_1_1_80/image_a+0.94_0786_163_0_230.e9_6.2e9_5.03176e+27_80.dat
        32        1.23865        6.35129       -195.349        13.0401        18.3025        15.8106       -2489.51     /gpfs/hpu/EHT2/IHARM/SANE/SANE_a+0.94_288x128x128_IHARM/m_1_1_80/image_a+0.94_0792_163_0_230.e9_6.2e9_5.03176e+27_80.dat
        33         1.4957         5.7804       -176.935        9.19078        7.60999        8.19997       -1577.13     /gpfs/hpu/EHT2/IHARM/SANE/SANE_a+0.94_288x128x128_IHARM/m_1_1_80/image_a+0.94_0798_163_0_230.e9_6.2e9_5.03176e+27_80.dat
        34        1.25564        5.21432       -203.675        17.2583        12.0074        14.1277       -2328.37     /gpfs/hpu/EHT2/IHARM/SANE/SANE_a+0.94_288x128x128_IHARM/m_1_1_80/image_a+0.94_0804_163_0_230.e9_6.2e9_5.03176e+27_80.dat
        35        1.24048        4.36608       -226.611         14.636        22.6319        18.9083       -3041.71     /gpfs/hpu/EHT2/IHARM/SANE/SANE_a+0.94_288x128x128_IHARM/m_1_1_80/image_a+0.94_0810_163_0_230.e9_6.2e9_5.03176e+27_80.dat
        36        1.04717        4.83738       -163.985        24.1355        14.4011        18.4268       -2858.77     /gpfs/hpu/EHT2/IHARM/SANE/SANE_a+0.94_288x128x128_IHARM/m_1_1_80/image_a+0.94_0816_163_0_230.e9_6.2e9_5.03176e+27_80.dat
        37        1.00061        4.48989       -177.012        23.9246        10.2656        16.0346       -2522.37     /gpfs/hpu/EHT2/IHARM/SANE/SANE_a+0.94_288x128x128_IHARM/m_1_1_80/image_a+0.94_0822_163_0_230.e9_6.2e9_5.03176e+27_80.dat
        38         0.6807        4.61739       -159.736        48.7067        23.6072        34.1509       -4720.39     /gpfs/hpu/EHT2/IHARM/SANE/SANE_a+0.94_288x128x128_IHARM/m_1_1_80/image_a+0.94_0828_163_0_230.e9_6.2e9_5.03176e+27_80.dat
        39        0.69156        4.03198        -178.26          45.86        11.6062        26.2446       -3739.67     /gpfs/hpu/EHT2/IHARM/SANE/SANE_a+0.94_288x128x128_IHARM/m_1_1_80/image_a+0.94_0834_163_0_230.e9_6.2e9_5.03176e+27_80.dat
        40       0.610045         4.3284       -178.344         11.039        10.1419        10.4062       -1750.75     /gpfs/hpu/EHT2/IHARM/SANE/SANE_a+0.94_288x128x128_IHARM/m_1_1_80/image_a+0.94_0840_163_0_230.e9_6.2e9_5.03176e+27_80.dat
        41        0.83919        4.71337       -175.529        19.8411        13.3016        15.9622       -2520.87     /gpfs/hpu/EHT2/IHARM/SANE/SANE_a+0.94_288x128x128_IHARM/m_1_1_80/image_a+0.94_0846_163_0_230.e9_6.2e9_5.03176e+27_80.dat
        42        1.30419          4.423       -159.248        21.8086          15.94        18.2792       -3253.54     /gpfs/hpu/EHT2/IHARM/SANE/SANE_a+0.94_288x128x128_IHARM/m_1_1_80/image_a+0.94_0852_163_0_230.e9_6.2e9_5.03176e+27_80.dat
        43        0.86938        3.69532       -179.837        12.8524        11.1938         11.774       -2018.95     /gpfs/hpu/EHT2/IHARM/SANE/SANE_a+0.94_288x128x128_IHARM/m_1_1_80/image_a+0.94_0858_163_0_230.e9_6.2e9_5.03176e+27_80.dat
        44       0.893612        4.60825       -167.534        31.0429        9.58598        18.7276       -2866.18     /gpfs/hpu/EHT2/IHARM/SANE/SANE_a+0.94_288x128x128_IHARM/m_1_1_80/image_a+0.94_0864_163_0_230.e9_6.2e9_5.03176e+27_80.dat
        45       0.998248        4.73413       -169.318        32.1125        9.35323        19.0596       -2932.84     /gpfs/hpu/EHT2/IHARM/SANE/SANE_a+0.94_288x128x128_IHARM/m_1_1_80/image_a+0.94_0870_163_0_230.e9_6.2e9_5.03176e+27_80.dat
        46       0.818952        4.72294       -166.947        15.8466        8.43612        11.5313       -1944.67     /gpfs/hpu/EHT2/IHARM/SANE/SANE_a+0.94_288x128x128_IHARM/m_1_1_80/image_a+0.94_0876_163_0_230.e9_6.2e9_5.03176e+27_80.dat
        47       0.674776        4.17596       -168.092        20.7784         9.8253        14.4322        -2294.7     /gpfs/hpu/EHT2/IHARM/SANE/SANE_a+0.94_288x128x128_IHARM/m_1_1_80/image_a+0.94_0882_163_0_230.e9_6.2e9_5.03176e+27_80.dat
        48       0.612402        4.25275       -168.876        26.0454        9.59053         16.574       -2537.14     /gpfs/hpu/EHT2/IHARM/SANE/SANE_a+0.94_288x128x128_IHARM/m_1_1_80/image_a+0.94_0888_163_0_230.e9_6.2e9_5.03176e+27_80.dat
        49       0.825714         4.3012       -154.255        26.4744        9.77782        16.8633       -2634.43     /gpfs/hpu/EHT2/IHARM/SANE/SANE_a+0.94_288x128x128_IHARM/m_1_1_80/image_a+0.94_0894_163_0_230.e9_6.2e9_5.03176e+27_80.dat
        50        1.05233        4.99337       -166.825        22.6721        10.9741        15.8885        -2541.1     /gpfs/hpu/EHT2/IHARM/SANE/SANE_a+0.94_288x128x128_IHARM/m_1_1_80/image_a+0.94_0900_163_0_230.e9_6.2e9_5.03176e+27_80.dat
        51       0.973471        4.13954       -172.797        19.5415        9.57175        13.7574        -2282.1     /gpfs/hpu/EHT2/IHARM/SANE/SANE_a+0.94_288x128x128_IHARM/m_1_1_80/image_a+0.94_0906_163_0_230.e9_6.2e9_5.03176e+27_80.dat
        52        1.10368        4.25356       -164.187        30.3158        9.50706          18.37       -2909.38     /gpfs/hpu/EHT2/IHARM/SANE/SANE_a+0.94_288x128x128_IHARM/m_1_1_80/image_a+0.94_0912_163_0_230.e9_6.2e9_5.03176e+27_80.dat
        53        1.10441        4.35485       -168.543        32.3517         10.621        19.8683       -3263.03     /gpfs/hpu/EHT2/IHARM/SANE/SANE_a+0.94_288x128x128_IHARM/m_1_1_80/image_a+0.94_0918_163_0_230.e9_6.2e9_5.03176e+27_80.dat
        54       0.724344        4.11638       -165.736        23.2346         11.082        16.1912       -2516.17     /gpfs/hpu/EHT2/IHARM/SANE/SANE_a+0.94_288x128x128_IHARM/m_1_1_80/image_a+0.94_0924_163_0_230.e9_6.2e9_5.03176e+27_80.dat
        55       0.903608        4.30014       -162.132        39.8535        10.5257        23.0519       -3453.33     /gpfs/hpu/EHT2/IHARM/SANE/SANE_a+0.94_288x128x128_IHARM/m_1_1_80/image_a+0.94_0930_163_0_230.e9_6.2e9_5.03176e+27_80.dat
        56       0.828692        4.23912       -167.283        23.3758        9.20861        15.2097       -2453.72     /gpfs/hpu/EHT2/IHARM/SANE/SANE_a+0.94_288x128x128_IHARM/m_1_1_80/image_a+0.94_0936_163_0_230.e9_6.2e9_5.03176e+27_80.dat
        57       0.876416        4.41462       -162.271        32.0412        20.2359        25.0845       -3797.06     /gpfs/hpu/EHT2/IHARM/SANE/SANE_a+0.94_288x128x128_IHARM/m_1_1_80/image_a+0.94_0942_163_0_230.e9_6.2e9_5.03176e+27_80.dat
        58        1.07157        4.49458       -166.938        23.1748        9.81382        15.4597       -2521.33     /gpfs/hpu/EHT2/IHARM/SANE/SANE_a+0.94_288x128x128_IHARM/m_1_1_80/image_a+0.94_0948_163_0_230.e9_6.2e9_5.03176e+27_80.dat
        59        1.08357        4.33405         -165.7        21.8874        10.2689        15.1575       -2562.88     /gpfs/hpu/EHT2/IHARM/SANE/SANE_a+0.94_288x128x128_IHARM/m_1_1_80/image_a+0.94_0954_163_0_230.e9_6.2e9_5.03176e+27_80.dat
        60        1.38943        4.48432       -163.669         29.564        18.6644        23.1413       -3613.62     /gpfs/hpu/EHT2/IHARM/SANE/SANE_a+0.94_288x128x128_IHARM/m_1_1_80/image_a+0.94_0960_163_0_230.e9_6.2e9_5.03176e+27_80.dat
        61        1.23739        4.49576        -170.81        23.5526        10.0214        15.7382       -2615.14     /gpfs/hpu/EHT2/IHARM/SANE/SANE_a+0.94_288x128x128_IHARM/m_1_1_80/image_a+0.94_0966_163_0_230.e9_6.2e9_5.03176e+27_80.dat
        62        1.13751        4.16366       -158.893        24.6355         9.7192        16.0373       -2662.65     /gpfs/hpu/EHT2/IHARM/SANE/SANE_a+0.94_288x128x128_IHARM/m_1_1_80/image_a+0.94_0972_163_0_230.e9_6.2e9_5.03176e+27_80.dat
        63        1.25303        5.30968       -166.193        24.5333        11.9968        17.2605        -3006.5     /gpfs/hpu/EHT2/IHARM/SANE/SANE_a+0.94_288x128x128_IHARM/m_1_1_80/image_a+0.94_0978_163_0_230.e9_6.2e9_5.03176e+27_80.dat
        64        1.10508         4.8268       -169.625        21.8777         8.8513        14.3645       -2563.03     /gpfs/hpu/EHT2/IHARM/SANE/SANE_a+0.94_288x128x128_IHARM/m_1_1_80/image_a+0.94_0984_163_0_230.e9_6.2e9_5.03176e+27_80.dat
        65        1.47021         5.4981       -169.934        22.5167        19.9635        20.8236       -3572.56     /gpfs/hpu/EHT2/IHARM/SANE/SANE_a+0.94_288x128x128_IHARM/m_1_1_80/image_a+0.94_0990_163_0_230.e9_6.2e9_5.03176e+27_80.dat
        66        1.07823        4.63194       -165.204        20.6457        10.0483         14.499       -2434.04     /gpfs/hpu/EHT2/IHARM/SANE/SANE_a+0.94_288x128x128_IHARM/m_1_1_80/image_a+0.94_0996_163_0_230.e9_6.2e9_5.03176e+27_80.dat
        67        1.45979        4.63283       -158.962        21.9878        12.0849        16.2113        -2712.6     /gpfs/hpu/EHT2/IHARM/SANE/SANE_a+0.94_288x128x128_IHARM/m_1_1_80/image_a+0.94_1002_163_0_230.e9_6.2e9_5.03176e+27_80.dat
        68        1.19155        4.53346       -167.254        26.3638        10.5821        17.2631       -2801.92     /gpfs/hpu/EHT2/IHARM/SANE/SANE_a+0.94_288x128x128_IHARM/m_1_1_80/image_a+0.94_1008_163_0_230.e9_6.2e9_5.03176e+27_80.dat
        69       0.952227        4.15912        -162.86        22.2052        13.1385        16.8914       -2691.85     /gpfs/hpu/EHT2/IHARM/SANE/SANE_a+0.94_288x128x128_IHARM/m_1_1_80/image_a+0.94_1014_163_0_230.e9_6.2e9_5.03176e+27_80.dat
        70        1.32273         5.5192       -164.517        45.1727        18.0421        29.5294       -4419.11     /gpfs/hpu/EHT2/IHARM/SANE/SANE_a+0.94_288x128x128_IHARM/m_1_1_80/image_a+0.94_1020_163_0_230.e9_6.2e9_5.03176e+27_80.dat
        71        1.00915        4.98817       -167.026        30.5294        10.5841        19.0615       -2937.83     /gpfs/hpu/EHT2/IHARM/SANE/SANE_a+0.94_288x128x128_IHARM/m_1_1_80/image_a+0.94_1026_163_0_230.e9_6.2e9_5.03176e+27_80.dat
        72       0.832959        4.69983       -162.771        27.3536        8.23133        16.3821        -2584.3     /gpfs/hpu/EHT2/IHARM/SANE/SANE_a+0.94_288x128x128_IHARM/m_1_1_80/image_a+0.94_1032_163_0_230.e9_6.2e9_5.03176e+27_80.dat
        73       0.998841        5.30057        -172.83        33.9142        16.8104        23.9865       -3825.97     /gpfs/hpu/EHT2/IHARM/SANE/SANE_a+0.94_288x128x128_IHARM/m_1_1_80/image_a+0.94_1038_163_0_230.e9_6.2e9_5.03176e+27_80.dat
        74        1.05023        4.98533        -172.42         30.492        13.8723        20.8751       -3388.85     /gpfs/hpu/EHT2/IHARM/SANE/SANE_a+0.94_288x128x128_IHARM/m_1_1_80/image_a+0.94_1044_163_0_230.e9_6.2e9_5.03176e+27_80.dat
        75       0.709029         4.8064       -164.347        22.5763        10.1649        15.3969       -2442.96     /gpfs/hpu/EHT2/IHARM/SANE/SANE_a+0.94_288x128x128_IHARM/m_1_1_80/image_a+0.94_1050_163_0_230.e9_6.2e9_5.03176e+27_80.dat
        76        1.05977        4.99214       -166.902         23.898        10.3417        16.0655       -2713.65     /gpfs/hpu/EHT2/IHARM/SANE/SANE_a+0.94_288x128x128_IHARM/m_1_1_80/image_a+0.94_1056_163_0_230.e9_6.2e9_5.03176e+27_80.dat
        77        1.00629         4.8941       -164.723        26.7401        10.8059          17.55       -2836.97     /gpfs/hpu/EHT2/IHARM/SANE/SANE_a+0.94_288x128x128_IHARM/m_1_1_80/image_a+0.94_1062_163_0_230.e9_6.2e9_5.03176e+27_80.dat
        78       0.950895        4.61036       -166.047        23.2128        11.7009        16.5262        -2771.4     /gpfs/hpu/EHT2/IHARM/SANE/SANE_a+0.94_288x128x128_IHARM/m_1_1_80/image_a+0.94_1068_163_0_230.e9_6.2e9_5.03176e+27_80.dat
        79       0.834999        4.26076       -173.453        26.7968        12.1109        18.3007        -2899.8     /gpfs/hpu/EHT2/IHARM/SANE/SANE_a+0.94_288x128x128_IHARM/m_1_1_80/image_a+0.94_1074_163_0_230.e9_6.2e9_5.03176e+27_80.dat
        80       0.788112        4.22782       -161.373        23.5267        10.8054        16.1633       -2646.48     /gpfs/hpu/EHT2/IHARM/SANE/SANE_a+0.94_288x128x128_IHARM/m_1_1_80/image_a+0.94_1080_163_0_230.e9_6.2e9_5.03176e+27_80.dat
        81       0.689188        4.28971       -164.433        27.5209        10.6425         17.796       -2858.55     /gpfs/hpu/EHT2/IHARM/SANE/SANE_a+0.94_288x128x128_IHARM/m_1_1_80/image_a+0.94_1086_163_0_230.e9_6.2e9_5.03176e+27_80.dat
        82       0.636578        4.11509       -167.343         23.234        11.3013         16.313       -2672.54     /gpfs/hpu/EHT2/IHARM/SANE/SANE_a+0.94_288x128x128_IHARM/m_1_1_80/image_a+0.94_1092_163_0_230.e9_6.2e9_5.03176e+27_80.dat
        83       0.663253        4.22153       -163.578        30.0188        11.0205         19.084       -2979.35     /gpfs/hpu/EHT2/IHARM/SANE/SANE_a+0.94_288x128x128_IHARM/m_1_1_80/image_a+0.94_1098_163_0_230.e9_6.2e9_5.03176e+27_80.dat
        84       0.828382        4.36491       -167.226        26.5794        11.9833        18.1359       -2897.03     /gpfs/hpu/EHT2/IHARM/SANE/SANE_a+0.94_288x128x128_IHARM/m_1_1_80/image_a+0.94_1104_163_0_230.e9_6.2e9_5.03176e+27_80.dat
        85       0.679374        4.14956        -162.84        25.0703        12.9536        18.0247       -2877.81     /gpfs/hpu/EHT2/IHARM/SANE/SANE_a+0.94_288x128x128_IHARM/m_1_1_80/image_a+0.94_1110_163_0_230.e9_6.2e9_5.03176e+27_80.dat
        86       0.774742        3.86942       -174.184        22.0579        11.6301        15.9885        -2652.9     /gpfs/hpu/EHT2/IHARM/SANE/SANE_a+0.94_288x128x128_IHARM/m_1_1_80/image_a+0.94_1116_163_0_230.e9_6.2e9_5.03176e+27_80.dat
        87       0.474594        4.15541       -163.011        38.6785        38.3886        38.0493       -5230.07     /gpfs/hpu/EHT2/IHARM/SANE/SANE_a+0.94_288x128x128_IHARM/m_1_1_80/image_a+0.94_1122_163_0_230.e9_6.2e9_5.03176e+27_80.dat
        88        0.80193        5.27297       -167.271        48.2133        20.1515         32.015       -4687.75     /gpfs/hpu/EHT2/IHARM/SANE/SANE_a+0.94_288x128x128_IHARM/m_1_1_80/image_a+0.94_1128_163_0_230.e9_6.2e9_5.03176e+27_80.dat
        89       0.886646        5.28595       -166.427        37.5056         14.206        24.0868       -3751.54     /gpfs/hpu/EHT2/IHARM/SANE/SANE_a+0.94_288x128x128_IHARM/m_1_1_80/image_a+0.94_1134_163_0_230.e9_6.2e9_5.03176e+27_80.dat
        90       0.726594        5.05775       -182.878         31.086        12.2101        20.2065        -3120.5     /gpfs/hpu/EHT2/IHARM/SANE/SANE_a+0.94_288x128x128_IHARM/m_1_1_80/image_a+0.94_1140_163_0_230.e9_6.2e9_5.03176e+27_80.dat
        91       0.838521        5.61396       -167.841        41.8256        22.7055        30.6803        -4519.7     /gpfs/hpu/EHT2/IHARM/SANE/SANE_a+0.94_288x128x128_IHARM/m_1_1_80/image_a+0.94_1146_163_0_230.e9_6.2e9_5.03176e+27_80.dat
        92       0.780759        5.83833       -172.372        35.9408        18.8591        26.0009        -4001.5     /gpfs/hpu/EHT2/IHARM/SANE/SANE_a+0.94_288x128x128_IHARM/m_1_1_80/image_a+0.94_1152_163_0_230.e9_6.2e9_5.03176e+27_80.dat
        93        0.76664        5.03522        -176.89        36.3105        12.7939        22.7854       -3455.99     /gpfs/hpu/EHT2/IHARM/SANE/SANE_a+0.94_288x128x128_IHARM/m_1_1_80/image_a+0.94_1158_163_0_230.e9_6.2e9_5.03176e+27_80.dat
        94       0.634776         4.3705       -188.485        46.0075         12.758        26.9492        -3889.4     /gpfs/hpu/EHT2/IHARM/SANE/SANE_a+0.94_288x128x128_IHARM/m_1_1_80/image_a+0.94_1164_163_0_230.e9_6.2e9_5.03176e+27_80.dat
        95       0.930289         5.0071        -173.82        27.7672        10.4377        17.7883       -2838.31     /gpfs/hpu/EHT2/IHARM/SANE/SANE_a+0.94_288x128x128_IHARM/m_1_1_80/image_a+0.94_1170_163_0_230.e9_6.2e9_5.03176e+27_80.dat
        96       0.635485         4.3717       -186.727        19.7176        8.29143         13.121       -2173.14     /gpfs/hpu/EHT2/IHARM/SANE/SANE_a+0.94_288x128x128_IHARM/m_1_1_80/image_a+0.94_1176_163_0_230.e9_6.2e9_5.03176e+27_80.dat
        97       0.823583         4.9992       -181.008        31.4751        12.2697        20.4075       -3178.89     /gpfs/hpu/EHT2/IHARM/SANE/SANE_a+0.94_288x128x128_IHARM/m_1_1_80/image_a+0.94_1182_163_0_230.e9_6.2e9_5.03176e+27_80.dat
        98       0.542601        4.49416       -178.428        20.6408        11.4786        15.2928       -2409.76     /gpfs/hpu/EHT2/IHARM/SANE/SANE_a+0.94_288x128x128_IHARM/m_1_1_80/image_a+0.94_1188_163_0_230.e9_6.2e9_5.03176e+27_80.dat
        99       0.431791        4.43613       -229.302         9.3497        11.3024        10.3232       -1726.09     /gpfs/hpu/EHT2/IHARM/SANE/SANE_a+0.94_288x128x128_IHARM/m_1_1_80/image_a+0.94_1194_163_0_230.e9_6.2e9_5.03176e+27_80.dat
