   # Index         I (Jy)      M/D (uas)       PA (deg)  VA red. chisq  CP red. chisq     red. chisq     log-liklhd     FileName
         0       0.504658        2.62419        186.603        7.09908        6.91151        6.90883        -1345.5     /gpfs/hpu/EHT2/IHARM/SANE/SANE_a+0.5_288x128x128_IHARM/m_1_1_1/image_a+0.5_0600_163_0_230.e9_6.2e9_6.46716e+26_1.dat
         1       0.461287        2.77452        118.838        6.57565        9.26525        7.99274        -1415.7     /gpfs/hpu/EHT2/IHARM/SANE/SANE_a+0.5_288x128x128_IHARM/m_1_1_1/image_a+0.5_0605_163_0_230.e9_6.2e9_6.46716e+26_1.dat
         2       0.820854        2.93931        120.942        23.5698        30.5907        27.1914       -4047.78     /gpfs/hpu/EHT2/IHARM/SANE/SANE_a+0.5_288x128x128_IHARM/m_1_1_1/image_a+0.5_0610_163_0_230.e9_6.2e9_6.46716e+26_1.dat
         3        0.53765          2.951        184.635        23.5696        8.18719        14.7249       -2263.44     /gpfs/hpu/EHT2/IHARM/SANE/SANE_a+0.5_288x128x128_IHARM/m_1_1_1/image_a+0.5_0615_163_0_230.e9_6.2e9_6.46716e+26_1.dat
         4       0.552049        2.73604        197.689        22.5364         9.1793        14.8312       -2328.13     /gpfs/hpu/EHT2/IHARM/SANE/SANE_a+0.5_288x128x128_IHARM/m_1_1_1/image_a+0.5_0620_163_0_230.e9_6.2e9_6.46716e+26_1.dat
         5       0.492051         2.9547        190.645        29.1138        14.0814        20.3968       -3001.41     /gpfs/hpu/EHT2/IHARM/SANE/SANE_a+0.5_288x128x128_IHARM/m_1_1_1/image_a+0.5_0625_163_0_230.e9_6.2e9_6.46716e+26_1.dat
         6        0.53841        2.72744        185.381        28.7758        10.2085        18.0959       -2731.13     /gpfs/hpu/EHT2/IHARM/SANE/SANE_a+0.5_288x128x128_IHARM/m_1_1_1/image_a+0.5_0630_163_0_230.e9_6.2e9_6.46716e+26_1.dat
         7       0.438248        2.83343        178.233        29.2019        10.0465        18.1896       -2711.78     /gpfs/hpu/EHT2/IHARM/SANE/SANE_a+0.5_288x128x128_IHARM/m_1_1_1/image_a+0.5_0635_163_0_230.e9_6.2e9_6.46716e+26_1.dat
         8       0.517689        2.73481        195.861        17.1412        9.10941        12.4645       -1999.44     /gpfs/hpu/EHT2/IHARM/SANE/SANE_a+0.5_288x128x128_IHARM/m_1_1_1/image_a+0.5_0640_163_0_230.e9_6.2e9_6.46716e+26_1.dat
         9       0.975934        3.06878        203.038        19.3185        9.73712        13.7532       -2336.37     /gpfs/hpu/EHT2/IHARM/SANE/SANE_a+0.5_288x128x128_IHARM/m_1_1_1/image_a+0.5_0645_163_0_230.e9_6.2e9_6.46716e+26_1.dat
        10       0.850064        3.08702        208.817        25.5539        9.27341        16.1855          -2591     /gpfs/hpu/EHT2/IHARM/SANE/SANE_a+0.5_288x128x128_IHARM/m_1_1_1/image_a+0.5_0650_163_0_230.e9_6.2e9_6.46716e+26_1.dat
        11       0.775065        3.11813        190.015         23.261        9.14983        15.1274       -2473.81     /gpfs/hpu/EHT2/IHARM/SANE/SANE_a+0.5_288x128x128_IHARM/m_1_1_1/image_a+0.5_0655_163_0_230.e9_6.2e9_6.46716e+26_1.dat
        12       0.884248        3.03169        176.632        17.3631        9.33539        12.6861       -2202.26     /gpfs/hpu/EHT2/IHARM/SANE/SANE_a+0.5_288x128x128_IHARM/m_1_1_1/image_a+0.5_0660_163_0_230.e9_6.2e9_6.46716e+26_1.dat
        13       0.607882        2.88885        180.842        13.7537        7.42923        10.0681       -1780.76     /gpfs/hpu/EHT2/IHARM/SANE/SANE_a+0.5_288x128x128_IHARM/m_1_1_1/image_a+0.5_0665_163_0_230.e9_6.2e9_6.46716e+26_1.dat
        14       0.798737            2.9         185.75        22.4107        8.23327        14.2505       -2440.08     /gpfs/hpu/EHT2/IHARM/SANE/SANE_a+0.5_288x128x128_IHARM/m_1_1_1/image_a+0.5_0670_163_0_230.e9_6.2e9_6.46716e+26_1.dat
        15       0.591006        3.00341        168.699        35.9809        18.1455        25.6211       -3678.77     /gpfs/hpu/EHT2/IHARM/SANE/SANE_a+0.5_288x128x128_IHARM/m_1_1_1/image_a+0.5_0675_163_0_230.e9_6.2e9_6.46716e+26_1.dat
        16       0.825452        3.19548        175.239        28.5523        10.7541        18.3031       -2864.71     /gpfs/hpu/EHT2/IHARM/SANE/SANE_a+0.5_288x128x128_IHARM/m_1_1_1/image_a+0.5_0680_163_0_230.e9_6.2e9_6.46716e+26_1.dat
        17       0.626497        2.97673        163.445          31.94        8.74941        18.6492        -2825.5     /gpfs/hpu/EHT2/IHARM/SANE/SANE_a+0.5_288x128x128_IHARM/m_1_1_1/image_a+0.5_0685_163_0_230.e9_6.2e9_6.46716e+26_1.dat
        18       0.810126        3.19429        176.694        45.5406        17.4898        29.3808       -4210.62     /gpfs/hpu/EHT2/IHARM/SANE/SANE_a+0.5_288x128x128_IHARM/m_1_1_1/image_a+0.5_0690_163_0_230.e9_6.2e9_6.46716e+26_1.dat
        19       0.498732        2.98454        164.742        23.4176        10.0146        15.6762       -2355.08     /gpfs/hpu/EHT2/IHARM/SANE/SANE_a+0.5_288x128x128_IHARM/m_1_1_1/image_a+0.5_0695_163_0_230.e9_6.2e9_6.46716e+26_1.dat
        20       0.453033         2.7543        156.577         17.774         13.887         15.396       -2372.97     /gpfs/hpu/EHT2/IHARM/SANE/SANE_a+0.5_288x128x128_IHARM/m_1_1_1/image_a+0.5_0700_163_0_230.e9_6.2e9_6.46716e+26_1.dat
        21       0.640441         2.9035        135.737        22.0521        11.8212        16.0923       -2473.41     /gpfs/hpu/EHT2/IHARM/SANE/SANE_a+0.5_288x128x128_IHARM/m_1_1_1/image_a+0.5_0705_163_0_230.e9_6.2e9_6.46716e+26_1.dat
        22       0.458647        2.96828        139.582        15.4351        6.81259        10.4504       -1703.48     /gpfs/hpu/EHT2/IHARM/SANE/SANE_a+0.5_288x128x128_IHARM/m_1_1_1/image_a+0.5_0710_163_0_230.e9_6.2e9_6.46716e+26_1.dat
        23       0.487204        3.04921        83.8899         6.5939        7.25449        6.88172       -1245.98     /gpfs/hpu/EHT2/IHARM/SANE/SANE_a+0.5_288x128x128_IHARM/m_1_1_1/image_a+0.5_0715_163_0_230.e9_6.2e9_6.46716e+26_1.dat
        24        0.56054        2.99915         75.573        12.0323        18.3471        15.4006       -2376.37     /gpfs/hpu/EHT2/IHARM/SANE/SANE_a+0.5_288x128x128_IHARM/m_1_1_1/image_a+0.5_0720_163_0_230.e9_6.2e9_6.46716e+26_1.dat
        25        1.22657        2.87952        86.8426        11.5142        21.7023        17.0441       -2897.14     /gpfs/hpu/EHT2/IHARM/SANE/SANE_a+0.5_288x128x128_IHARM/m_1_1_1/image_a+0.5_0725_163_0_230.e9_6.2e9_6.46716e+26_1.dat
        26        0.73267        2.88273        173.113        10.5889         8.7715        9.44952          -1706     /gpfs/hpu/EHT2/IHARM/SANE/SANE_a+0.5_288x128x128_IHARM/m_1_1_1/image_a+0.5_0730_163_0_230.e9_6.2e9_6.46716e+26_1.dat
        27       0.743044        3.40465        33.2473        24.5153        44.0648        35.0971       -4861.37     /gpfs/hpu/EHT2/IHARM/SANE/SANE_a+0.5_288x128x128_IHARM/m_1_1_1/image_a+0.5_0735_163_0_230.e9_6.2e9_6.46716e+26_1.dat
        28       0.583027        2.74689        138.083        19.0235         7.1458         12.184       -1973.29     /gpfs/hpu/EHT2/IHARM/SANE/SANE_a+0.5_288x128x128_IHARM/m_1_1_1/image_a+0.5_0740_163_0_230.e9_6.2e9_6.46716e+26_1.dat
        29       0.737476        2.82743        133.045        3.97663        12.7115        8.78908       -1688.34     /gpfs/hpu/EHT2/IHARM/SANE/SANE_a+0.5_288x128x128_IHARM/m_1_1_1/image_a+0.5_0745_163_0_230.e9_6.2e9_6.46716e+26_1.dat
        30       0.427078        2.90569        183.745        10.5159        8.70289        9.37984       -1552.19     /gpfs/hpu/EHT2/IHARM/SANE/SANE_a+0.5_288x128x128_IHARM/m_1_1_1/image_a+0.5_0750_163_0_230.e9_6.2e9_6.46716e+26_1.dat
        31       0.531001        3.12356         151.95        15.6724        6.90249        10.6028       -1734.59     /gpfs/hpu/EHT2/IHARM/SANE/SANE_a+0.5_288x128x128_IHARM/m_1_1_1/image_a+0.5_0755_163_0_230.e9_6.2e9_6.46716e+26_1.dat
        32       0.699671        3.03778         107.91        5.11096         7.0745        6.14175       -1245.28     /gpfs/hpu/EHT2/IHARM/SANE/SANE_a+0.5_288x128x128_IHARM/m_1_1_1/image_a+0.5_0760_163_0_230.e9_6.2e9_6.46716e+26_1.dat
        33       0.570051        2.90555        154.962        8.51058         5.2856        6.61308        -1262.2     /gpfs/hpu/EHT2/IHARM/SANE/SANE_a+0.5_288x128x128_IHARM/m_1_1_1/image_a+0.5_0765_163_0_230.e9_6.2e9_6.46716e+26_1.dat
        34       0.690751        2.95792        124.327         6.2962        4.91195        5.44977       -1154.09     /gpfs/hpu/EHT2/IHARM/SANE/SANE_a+0.5_288x128x128_IHARM/m_1_1_1/image_a+0.5_0770_163_0_230.e9_6.2e9_6.46716e+26_1.dat
        35       0.463949        2.97826        162.362        7.11773        10.3786        8.84616       -1496.22     /gpfs/hpu/EHT2/IHARM/SANE/SANE_a+0.5_288x128x128_IHARM/m_1_1_1/image_a+0.5_0775_163_0_230.e9_6.2e9_6.46716e+26_1.dat
        36       0.578216        2.97382        124.038        5.52517        13.0605         9.6514       -1643.32     /gpfs/hpu/EHT2/IHARM/SANE/SANE_a+0.5_288x128x128_IHARM/m_1_1_1/image_a+0.5_0780_163_0_230.e9_6.2e9_6.46716e+26_1.dat
        37        0.86518        3.20465        201.922        9.21829        9.14437        9.06565        -1661.2     /gpfs/hpu/EHT2/IHARM/SANE/SANE_a+0.5_288x128x128_IHARM/m_1_1_1/image_a+0.5_0785_163_0_230.e9_6.2e9_6.46716e+26_1.dat
        38       0.797685        3.14496        200.269          10.21        10.2631         10.116        -1810.3     /gpfs/hpu/EHT2/IHARM/SANE/SANE_a+0.5_288x128x128_IHARM/m_1_1_1/image_a+0.5_0790_163_0_230.e9_6.2e9_6.46716e+26_1.dat
        39       0.684289        2.85262        225.502        17.0724        15.4416        15.9584       -2604.67     /gpfs/hpu/EHT2/IHARM/SANE/SANE_a+0.5_288x128x128_IHARM/m_1_1_1/image_a+0.5_0795_163_0_230.e9_6.2e9_6.46716e+26_1.dat
        40       0.857977        2.86262        208.181        21.3543        10.4936        15.0525       -2489.64     /gpfs/hpu/EHT2/IHARM/SANE/SANE_a+0.5_288x128x128_IHARM/m_1_1_1/image_a+0.5_0800_163_0_230.e9_6.2e9_6.46716e+26_1.dat
        41       0.698945        2.84889          218.2        9.53382        12.6195        11.1355       -1944.03     /gpfs/hpu/EHT2/IHARM/SANE/SANE_a+0.5_288x128x128_IHARM/m_1_1_1/image_a+0.5_0805_163_0_230.e9_6.2e9_6.46716e+26_1.dat
        42       0.543459         3.1265        204.637        32.1693        30.1131         30.636       -4318.57     /gpfs/hpu/EHT2/IHARM/SANE/SANE_a+0.5_288x128x128_IHARM/m_1_1_1/image_a+0.5_0810_163_0_230.e9_6.2e9_6.46716e+26_1.dat
        43       0.621148        2.79915        190.279        11.3592        23.2218        17.8228       -2755.66     /gpfs/hpu/EHT2/IHARM/SANE/SANE_a+0.5_288x128x128_IHARM/m_1_1_1/image_a+0.5_0815_163_0_230.e9_6.2e9_6.46716e+26_1.dat
        44       0.817087        3.60435        208.628        18.6722        20.1167        19.2501       -3100.03     /gpfs/hpu/EHT2/IHARM/SANE/SANE_a+0.5_288x128x128_IHARM/m_1_1_1/image_a+0.5_0820_163_0_230.e9_6.2e9_6.46716e+26_1.dat
        45       0.615728        3.42539         197.25          14.75        8.40602        11.0414       -1909.53     /gpfs/hpu/EHT2/IHARM/SANE/SANE_a+0.5_288x128x128_IHARM/m_1_1_1/image_a+0.5_0825_163_0_230.e9_6.2e9_6.46716e+26_1.dat
        46       0.519964        2.95339        183.145         30.834         12.666        20.3514       -2980.18     /gpfs/hpu/EHT2/IHARM/SANE/SANE_a+0.5_288x128x128_IHARM/m_1_1_1/image_a+0.5_0830_163_0_230.e9_6.2e9_6.46716e+26_1.dat
        47       0.573322        3.00684        184.494        40.0813        9.48623        22.5718       -3282.17     /gpfs/hpu/EHT2/IHARM/SANE/SANE_a+0.5_288x128x128_IHARM/m_1_1_1/image_a+0.5_0835_163_0_230.e9_6.2e9_6.46716e+26_1.dat
        48       0.783981        3.43552        190.666         35.674          25.57        29.6201       -4263.53     /gpfs/hpu/EHT2/IHARM/SANE/SANE_a+0.5_288x128x128_IHARM/m_1_1_1/image_a+0.5_0840_163_0_230.e9_6.2e9_6.46716e+26_1.dat
        49       0.665723         3.0773        190.249        21.2256        15.4353        17.7468       -2684.06     /gpfs/hpu/EHT2/IHARM/SANE/SANE_a+0.5_288x128x128_IHARM/m_1_1_1/image_a+0.5_0845_163_0_230.e9_6.2e9_6.46716e+26_1.dat
        50       0.726834         2.8718        206.962        24.7668        10.4353        16.4924       -2754.64     /gpfs/hpu/EHT2/IHARM/SANE/SANE_a+0.5_288x128x128_IHARM/m_1_1_1/image_a+0.5_0850_163_0_230.e9_6.2e9_6.46716e+26_1.dat
        51       0.690016        2.72903        193.495        23.3693        14.8476        18.3447       -2856.11     /gpfs/hpu/EHT2/IHARM/SANE/SANE_a+0.5_288x128x128_IHARM/m_1_1_1/image_a+0.5_0855_163_0_230.e9_6.2e9_6.46716e+26_1.dat
        52       0.697419        2.88947         185.41        15.5656        11.6996        13.2261       -2331.18     /gpfs/hpu/EHT2/IHARM/SANE/SANE_a+0.5_288x128x128_IHARM/m_1_1_1/image_a+0.5_0860_163_0_230.e9_6.2e9_6.46716e+26_1.dat
        53       0.656242        3.33533        199.685        27.0257         24.348        25.2088       -3834.98     /gpfs/hpu/EHT2/IHARM/SANE/SANE_a+0.5_288x128x128_IHARM/m_1_1_1/image_a+0.5_0865_163_0_230.e9_6.2e9_6.46716e+26_1.dat
        54       0.701388        3.39652        178.316         18.437        11.2947        14.2396       -2479.18     /gpfs/hpu/EHT2/IHARM/SANE/SANE_a+0.5_288x128x128_IHARM/m_1_1_1/image_a+0.5_0870_163_0_230.e9_6.2e9_6.46716e+26_1.dat
        55       0.794636        2.93849        177.243        18.4324        10.0435        13.5414       -2319.28     /gpfs/hpu/EHT2/IHARM/SANE/SANE_a+0.5_288x128x128_IHARM/m_1_1_1/image_a+0.5_0875_163_0_230.e9_6.2e9_6.46716e+26_1.dat
        56        1.04667        3.15671        174.544        20.8446        14.1423         16.863       -2820.45     /gpfs/hpu/EHT2/IHARM/SANE/SANE_a+0.5_288x128x128_IHARM/m_1_1_1/image_a+0.5_0880_163_0_230.e9_6.2e9_6.46716e+26_1.dat
        57        0.98992        3.05279        169.418        13.3213        12.6902         12.809        -2180.7     /gpfs/hpu/EHT2/IHARM/SANE/SANE_a+0.5_288x128x128_IHARM/m_1_1_1/image_a+0.5_0885_163_0_230.e9_6.2e9_6.46716e+26_1.dat
        58       0.808019        2.80704         175.44        29.0062        15.0657        20.8981       -3171.97     /gpfs/hpu/EHT2/IHARM/SANE/SANE_a+0.5_288x128x128_IHARM/m_1_1_1/image_a+0.5_0890_163_0_230.e9_6.2e9_6.46716e+26_1.dat
        59       0.943872        3.21974        182.416        25.7457        18.2858        21.2832        -3276.3     /gpfs/hpu/EHT2/IHARM/SANE/SANE_a+0.5_288x128x128_IHARM/m_1_1_1/image_a+0.5_0895_163_0_230.e9_6.2e9_6.46716e+26_1.dat
        60       0.766412        3.15317        168.142        26.5835        11.6707        17.9637       -2739.72     /gpfs/hpu/EHT2/IHARM/SANE/SANE_a+0.5_288x128x128_IHARM/m_1_1_1/image_a+0.5_0900_163_0_230.e9_6.2e9_6.46716e+26_1.dat
        61       0.748051        2.88036        157.391        19.0241        12.4373        15.1287       -2351.09     /gpfs/hpu/EHT2/IHARM/SANE/SANE_a+0.5_288x128x128_IHARM/m_1_1_1/image_a+0.5_0905_163_0_230.e9_6.2e9_6.46716e+26_1.dat
        62       0.786803        2.68924        190.624        12.8438        13.3064        12.9458        -2142.7     /gpfs/hpu/EHT2/IHARM/SANE/SANE_a+0.5_288x128x128_IHARM/m_1_1_1/image_a+0.5_0910_163_0_230.e9_6.2e9_6.46716e+26_1.dat
        63       0.774329        2.86861        172.129        33.1606        9.04099         19.338       -2896.57     /gpfs/hpu/EHT2/IHARM/SANE/SANE_a+0.5_288x128x128_IHARM/m_1_1_1/image_a+0.5_0915_163_0_230.e9_6.2e9_6.46716e+26_1.dat
        64       0.852566        2.70938        163.787        23.7953        14.5179         18.345       -2868.18     /gpfs/hpu/EHT2/IHARM/SANE/SANE_a+0.5_288x128x128_IHARM/m_1_1_1/image_a+0.5_0920_163_0_230.e9_6.2e9_6.46716e+26_1.dat
        65       0.475422        2.77348        111.893        24.3351        12.1652        17.2688       -2555.37     /gpfs/hpu/EHT2/IHARM/SANE/SANE_a+0.5_288x128x128_IHARM/m_1_1_1/image_a+0.5_0925_163_0_230.e9_6.2e9_6.46716e+26_1.dat
        66       0.593863         2.6762        182.108        15.3603        8.00976        11.0843       -1880.45     /gpfs/hpu/EHT2/IHARM/SANE/SANE_a+0.5_288x128x128_IHARM/m_1_1_1/image_a+0.5_0930_163_0_230.e9_6.2e9_6.46716e+26_1.dat
        67        0.64856        2.62891         114.45        22.5316        12.1644        16.4902       -2529.71     /gpfs/hpu/EHT2/IHARM/SANE/SANE_a+0.5_288x128x128_IHARM/m_1_1_1/image_a+0.5_0935_163_0_230.e9_6.2e9_6.46716e+26_1.dat
        68       0.514116        2.67667        138.201         3.4925        4.08116        3.77781       -907.334     /gpfs/hpu/EHT2/IHARM/SANE/SANE_a+0.5_288x128x128_IHARM/m_1_1_1/image_a+0.5_0940_163_0_230.e9_6.2e9_6.46716e+26_1.dat
        69       0.556984        2.65583        170.072        15.5013        6.03831        10.0481       -1717.06     /gpfs/hpu/EHT2/IHARM/SANE/SANE_a+0.5_288x128x128_IHARM/m_1_1_1/image_a+0.5_0945_163_0_230.e9_6.2e9_6.46716e+26_1.dat
        70       0.529305         2.8201        194.901        23.2225        9.11518        15.0915       -2305.39     /gpfs/hpu/EHT2/IHARM/SANE/SANE_a+0.5_288x128x128_IHARM/m_1_1_1/image_a+0.5_0950_163_0_230.e9_6.2e9_6.46716e+26_1.dat
        71       0.859672        2.58873        175.633        34.0015        8.13244        19.1953        -3166.3     /gpfs/hpu/EHT2/IHARM/SANE/SANE_a+0.5_288x128x128_IHARM/m_1_1_1/image_a+0.5_0955_163_0_230.e9_6.2e9_6.46716e+26_1.dat
        72        0.55521         2.8008        168.621        16.4205        7.34047        11.1693       -1831.66     /gpfs/hpu/EHT2/IHARM/SANE/SANE_a+0.5_288x128x128_IHARM/m_1_1_1/image_a+0.5_0960_163_0_230.e9_6.2e9_6.46716e+26_1.dat
        73       0.459934        2.62335        186.398        10.0538        9.44894        9.59562        -1677.8     /gpfs/hpu/EHT2/IHARM/SANE/SANE_a+0.5_288x128x128_IHARM/m_1_1_1/image_a+0.5_0965_163_0_230.e9_6.2e9_6.46716e+26_1.dat
        74        0.64216        2.78194        195.521        18.8203        8.60607        12.9089       -2163.99     /gpfs/hpu/EHT2/IHARM/SANE/SANE_a+0.5_288x128x128_IHARM/m_1_1_1/image_a+0.5_0970_163_0_230.e9_6.2e9_6.46716e+26_1.dat
        75       0.490517        2.76286        189.938        17.5521        6.81842         11.367       -1844.39     /gpfs/hpu/EHT2/IHARM/SANE/SANE_a+0.5_288x128x128_IHARM/m_1_1_1/image_a+0.5_0975_163_0_230.e9_6.2e9_6.46716e+26_1.dat
        76       0.459746        2.85729        189.629        9.85867        5.76202        7.45982       -1365.85     /gpfs/hpu/EHT2/IHARM/SANE/SANE_a+0.5_288x128x128_IHARM/m_1_1_1/image_a+0.5_0980_163_0_230.e9_6.2e9_6.46716e+26_1.dat
        77       0.573289        2.83408        188.491        13.5637         7.1634        9.83818        -1722.5     /gpfs/hpu/EHT2/IHARM/SANE/SANE_a+0.5_288x128x128_IHARM/m_1_1_1/image_a+0.5_0985_163_0_230.e9_6.2e9_6.46716e+26_1.dat
        78       0.525811         2.7921        203.683        16.4148        8.90823        12.0392       -1953.96     /gpfs/hpu/EHT2/IHARM/SANE/SANE_a+0.5_288x128x128_IHARM/m_1_1_1/image_a+0.5_0990_163_0_230.e9_6.2e9_6.46716e+26_1.dat
        79       0.754517        3.13307        205.545        21.8463        8.35073        14.0724       -2240.21     /gpfs/hpu/EHT2/IHARM/SANE/SANE_a+0.5_288x128x128_IHARM/m_1_1_1/image_a+0.5_0995_163_0_230.e9_6.2e9_6.46716e+26_1.dat
        80       0.682696        3.08211        190.196        50.0405        10.1453        27.2354        -3865.1     /gpfs/hpu/EHT2/IHARM/SANE/SANE_a+0.5_288x128x128_IHARM/m_1_1_1/image_a+0.5_1000_163_0_230.e9_6.2e9_6.46716e+26_1.dat
        81       0.550991        2.91044        183.858        24.6991        9.89656        16.1634       -2462.52     /gpfs/hpu/EHT2/IHARM/SANE/SANE_a+0.5_288x128x128_IHARM/m_1_1_1/image_a+0.5_1005_163_0_230.e9_6.2e9_6.46716e+26_1.dat
        82       0.718539        3.01977        184.805        31.1907        9.50522        18.7465       -2871.93     /gpfs/hpu/EHT2/IHARM/SANE/SANE_a+0.5_288x128x128_IHARM/m_1_1_1/image_a+0.5_1010_163_0_230.e9_6.2e9_6.46716e+26_1.dat
        83       0.520246        2.82141        164.324        36.5694        9.28849        20.9465       -3052.15     /gpfs/hpu/EHT2/IHARM/SANE/SANE_a+0.5_288x128x128_IHARM/m_1_1_1/image_a+0.5_1015_163_0_230.e9_6.2e9_6.46716e+26_1.dat
        84       0.657108         2.8675        186.414        16.1665        7.28022        11.0261       -1840.19     /gpfs/hpu/EHT2/IHARM/SANE/SANE_a+0.5_288x128x128_IHARM/m_1_1_1/image_a+0.5_1020_163_0_230.e9_6.2e9_6.46716e+26_1.dat
        85       0.652136        3.02806        203.188        12.6345        8.22447        10.0277       -1749.32     /gpfs/hpu/EHT2/IHARM/SANE/SANE_a+0.5_288x128x128_IHARM/m_1_1_1/image_a+0.5_1025_163_0_230.e9_6.2e9_6.46716e+26_1.dat
        86        0.82167         3.0023         191.18        28.6503        12.1855        19.1418       -2946.48     /gpfs/hpu/EHT2/IHARM/SANE/SANE_a+0.5_288x128x128_IHARM/m_1_1_1/image_a+0.5_1030_163_0_230.e9_6.2e9_6.46716e+26_1.dat
        87       0.483173        2.85199        169.278        22.7284        9.41191        15.0435       -2308.97     /gpfs/hpu/EHT2/IHARM/SANE/SANE_a+0.5_288x128x128_IHARM/m_1_1_1/image_a+0.5_1035_163_0_230.e9_6.2e9_6.46716e+26_1.dat
        88       0.407373        2.86957        170.052        15.2788        13.9742         14.368       -2213.72     /gpfs/hpu/EHT2/IHARM/SANE/SANE_a+0.5_288x128x128_IHARM/m_1_1_1/image_a+0.5_1040_163_0_230.e9_6.2e9_6.46716e+26_1.dat
        89       0.651654        3.14002        205.722        26.2991        14.2199        19.2595       -2938.04     /gpfs/hpu/EHT2/IHARM/SANE/SANE_a+0.5_288x128x128_IHARM/m_1_1_1/image_a+0.5_1045_163_0_230.e9_6.2e9_6.46716e+26_1.dat
        90        0.67466        3.30159        181.539        23.4924         8.0382        14.6087       -2298.34     /gpfs/hpu/EHT2/IHARM/SANE/SANE_a+0.5_288x128x128_IHARM/m_1_1_1/image_a+0.5_1050_163_0_230.e9_6.2e9_6.46716e+26_1.dat
        91       0.550117        2.90169        166.117        7.83557        10.9156        9.45465       -1669.67     /gpfs/hpu/EHT2/IHARM/SANE/SANE_a+0.5_288x128x128_IHARM/m_1_1_1/image_a+0.5_1055_163_0_230.e9_6.2e9_6.46716e+26_1.dat
        92       0.625081        2.87192        190.613        9.77746        7.41118        8.34246       -1547.57     /gpfs/hpu/EHT2/IHARM/SANE/SANE_a+0.5_288x128x128_IHARM/m_1_1_1/image_a+0.5_1060_163_0_230.e9_6.2e9_6.46716e+26_1.dat
        93        0.68216        2.81412         186.23        20.4659        7.74241        13.1383       -2127.95     /gpfs/hpu/EHT2/IHARM/SANE/SANE_a+0.5_288x128x128_IHARM/m_1_1_1/image_a+0.5_1065_163_0_230.e9_6.2e9_6.46716e+26_1.dat
        94        0.48262        2.74218        195.321        10.2482        6.01765        7.77013       -1394.64     /gpfs/hpu/EHT2/IHARM/SANE/SANE_a+0.5_288x128x128_IHARM/m_1_1_1/image_a+0.5_1070_163_0_230.e9_6.2e9_6.46716e+26_1.dat
        95        0.74239        3.31092         203.84        22.7567        9.44321        15.0731       -2356.07     /gpfs/hpu/EHT2/IHARM/SANE/SANE_a+0.5_288x128x128_IHARM/m_1_1_1/image_a+0.5_1075_163_0_230.e9_6.2e9_6.46716e+26_1.dat
        96       0.691185        3.10144         207.92        20.5127        11.0746        15.0127       -2464.06     /gpfs/hpu/EHT2/IHARM/SANE/SANE_a+0.5_288x128x128_IHARM/m_1_1_1/image_a+0.5_1080_163_0_230.e9_6.2e9_6.46716e+26_1.dat
        97       0.647171        3.03352        186.262        49.2609        12.0082        27.9357       -4032.47     /gpfs/hpu/EHT2/IHARM/SANE/SANE_a+0.5_288x128x128_IHARM/m_1_1_1/image_a+0.5_1085_163_0_230.e9_6.2e9_6.46716e+26_1.dat
        98       0.633573        3.22132        192.267        45.8548        24.5973        33.4713       -4676.45     /gpfs/hpu/EHT2/IHARM/SANE/SANE_a+0.5_288x128x128_IHARM/m_1_1_1/image_a+0.5_1090_163_0_230.e9_6.2e9_6.46716e+26_1.dat
        99       0.743626         3.0254        177.809        53.9402          11.64        29.7497       -4222.02     /gpfs/hpu/EHT2/IHARM/SANE/SANE_a+0.5_288x128x128_IHARM/m_1_1_1/image_a+0.5_1095_163_0_230.e9_6.2e9_6.46716e+26_1.dat
