   # Index         I (Jy)      M/D (uas)       PA (deg)  VA red. chisq  CP red. chisq     red. chisq     log-liklhd     FileName
         0       0.402663        2.88297        83.7597        6.76591        7.44621        7.06262       -1265.97     /gpfs/hpu/EHT2/IHARM/SANE/SANE_a0_288x128x128_IHARM/m_1_1_20/image_a0_1000_163_0_230.e9_6.2e9_4.95542e+29_20.dat
         1       0.526666        2.82427        159.208        2.58018        12.2682         7.9399       -1458.46     /gpfs/hpu/EHT2/IHARM/SANE/SANE_a0_288x128x128_IHARM/m_1_1_20/image_a0_1010_163_0_230.e9_6.2e9_4.95542e+29_20.dat
         2       0.393752        2.92673        129.768        7.69689        10.3681        9.09018       -1523.76     /gpfs/hpu/EHT2/IHARM/SANE/SANE_a0_288x128x128_IHARM/m_1_1_20/image_a0_1020_163_0_230.e9_6.2e9_4.95542e+29_20.dat
         3       0.442062        2.98998        110.659        3.86373        10.2744         7.3842       -1380.79     /gpfs/hpu/EHT2/IHARM/SANE/SANE_a0_288x128x128_IHARM/m_1_1_20/image_a0_1030_163_0_230.e9_6.2e9_4.95542e+29_20.dat
         4       0.619997        3.34696        214.736        9.97624        14.2247        12.2196       -1961.03     /gpfs/hpu/EHT2/IHARM/SANE/SANE_a0_288x128x128_IHARM/m_1_1_20/image_a0_1040_163_0_230.e9_6.2e9_4.95542e+29_20.dat
         5       0.380406        2.81848        144.945        5.16433        8.77196        7.10933       -1297.54     /gpfs/hpu/EHT2/IHARM/SANE/SANE_a0_288x128x128_IHARM/m_1_1_20/image_a0_1050_163_0_230.e9_6.2e9_4.95542e+29_20.dat
         6        0.42929        2.90924        127.685        3.52715        5.35181        4.49982       -970.363     /gpfs/hpu/EHT2/IHARM/SANE/SANE_a0_288x128x128_IHARM/m_1_1_20/image_a0_1060_163_0_230.e9_6.2e9_4.95542e+29_20.dat
         7       0.439976        2.87402        154.723        12.7748        8.72587        10.3672       -1664.88     /gpfs/hpu/EHT2/IHARM/SANE/SANE_a0_288x128x128_IHARM/m_1_1_20/image_a0_1070_163_0_230.e9_6.2e9_4.95542e+29_20.dat
         8       0.652364        2.82345        180.059        7.84451         7.3109        7.45269       -1423.11     /gpfs/hpu/EHT2/IHARM/SANE/SANE_a0_288x128x128_IHARM/m_1_1_20/image_a0_1080_163_0_230.e9_6.2e9_4.95542e+29_20.dat
         9       0.722001        2.97941         125.31        6.63179        14.8378        11.1178       -1993.57     /gpfs/hpu/EHT2/IHARM/SANE/SANE_a0_288x128x128_IHARM/m_1_1_20/image_a0_1090_163_0_230.e9_6.2e9_4.95542e+29_20.dat
        10       0.519522        2.95119        193.707        3.69178        5.41349        4.60517       -1038.43     /gpfs/hpu/EHT2/IHARM/SANE/SANE_a0_288x128x128_IHARM/m_1_1_20/image_a0_1100_163_0_230.e9_6.2e9_4.95542e+29_20.dat
        11       0.449017        3.06393         95.916         3.5311        5.97087          4.846       -998.375     /gpfs/hpu/EHT2/IHARM/SANE/SANE_a0_288x128x128_IHARM/m_1_1_20/image_a0_1110_163_0_230.e9_6.2e9_4.95542e+29_20.dat
        12       0.495638        3.03188         148.55        4.85254        8.21606        6.66547       -1258.26     /gpfs/hpu/EHT2/IHARM/SANE/SANE_a0_288x128x128_IHARM/m_1_1_20/image_a0_1120_163_0_230.e9_6.2e9_4.95542e+29_20.dat
        13       0.548406        2.90263        138.526        7.05115        7.61299        7.27849       -1331.18     /gpfs/hpu/EHT2/IHARM/SANE/SANE_a0_288x128x128_IHARM/m_1_1_20/image_a0_1130_163_0_230.e9_6.2e9_4.95542e+29_20.dat
        14       0.521438        2.98847        136.379        8.28487        4.55826        6.11097       -1215.78     /gpfs/hpu/EHT2/IHARM/SANE/SANE_a0_288x128x128_IHARM/m_1_1_20/image_a0_1140_163_0_230.e9_6.2e9_4.95542e+29_20.dat
        15       0.572844        2.98526        133.844        5.96809        5.95655        5.88948       -1175.09     /gpfs/hpu/EHT2/IHARM/SANE/SANE_a0_288x128x128_IHARM/m_1_1_20/image_a0_1150_163_0_230.e9_6.2e9_4.95542e+29_20.dat
        16       0.494347        2.81653        156.508        9.92457        6.18043        7.72108       -1407.22     /gpfs/hpu/EHT2/IHARM/SANE/SANE_a0_288x128x128_IHARM/m_1_1_20/image_a0_1160_163_0_230.e9_6.2e9_4.95542e+29_20.dat
        17       0.437309        2.93867          133.9          6.721        4.91952        5.63726       -1099.24     /gpfs/hpu/EHT2/IHARM/SANE/SANE_a0_288x128x128_IHARM/m_1_1_20/image_a0_1170_163_0_230.e9_6.2e9_4.95542e+29_20.dat
        18       0.571442        2.88908        144.044        6.23357        6.88799        6.52232        -1260.4     /gpfs/hpu/EHT2/IHARM/SANE/SANE_a0_288x128x128_IHARM/m_1_1_20/image_a0_1180_163_0_230.e9_6.2e9_4.95542e+29_20.dat
        19        0.49864        3.03942        165.743          7.101         4.3212        5.46828       -1103.51     /gpfs/hpu/EHT2/IHARM/SANE/SANE_a0_288x128x128_IHARM/m_1_1_20/image_a0_1190_163_0_230.e9_6.2e9_4.95542e+29_20.dat
        20       0.558698        2.93486        101.024        3.24169        3.13348        3.14226       -788.784     /gpfs/hpu/EHT2/IHARM/SANE/SANE_a0_288x128x128_IHARM/m_1_1_20/image_a0_1200_163_0_230.e9_6.2e9_4.95542e+29_20.dat
        21       0.566233         3.1286         149.23         3.4152        4.77333        4.12962       -983.678     /gpfs/hpu/EHT2/IHARM/SANE/SANE_a0_288x128x128_IHARM/m_1_1_20/image_a0_1210_163_0_230.e9_6.2e9_4.95542e+29_20.dat
        22       0.477948        3.15472        139.871        3.51533        6.04847        4.88238       -1016.47     /gpfs/hpu/EHT2/IHARM/SANE/SANE_a0_288x128x128_IHARM/m_1_1_20/image_a0_1220_163_0_230.e9_6.2e9_4.95542e+29_20.dat
        23       0.497925        3.11737        120.156        7.32811        7.48025        7.32412       -1297.24     /gpfs/hpu/EHT2/IHARM/SANE/SANE_a0_288x128x128_IHARM/m_1_1_20/image_a0_1230_163_0_230.e9_6.2e9_4.95542e+29_20.dat
        24       0.422655          2.905        132.868        8.86596        9.90472        9.33673       -1577.91     /gpfs/hpu/EHT2/IHARM/SANE/SANE_a0_288x128x128_IHARM/m_1_1_20/image_a0_1240_163_0_230.e9_6.2e9_4.95542e+29_20.dat
        25       0.474434        3.08446        174.358         2.1891        2.91815         2.5683       -736.904     /gpfs/hpu/EHT2/IHARM/SANE/SANE_a0_288x128x128_IHARM/m_1_1_20/image_a0_1250_163_0_230.e9_6.2e9_4.95542e+29_20.dat
        26        0.58244        2.96374        179.554        6.68808        6.01989        6.23536        -1268.2     /gpfs/hpu/EHT2/IHARM/SANE/SANE_a0_288x128x128_IHARM/m_1_1_20/image_a0_1260_163_0_230.e9_6.2e9_4.95542e+29_20.dat
        27        0.73698        2.80295         157.23        3.37156        23.2273        14.3795       -2372.53     /gpfs/hpu/EHT2/IHARM/SANE/SANE_a0_288x128x128_IHARM/m_1_1_20/image_a0_1270_163_0_230.e9_6.2e9_4.95542e+29_20.dat
        28       0.450659        2.94026        170.311        2.24348        8.28088        5.57586       -1113.44     /gpfs/hpu/EHT2/IHARM/SANE/SANE_a0_288x128x128_IHARM/m_1_1_20/image_a0_1280_163_0_230.e9_6.2e9_4.95542e+29_20.dat
        29       0.683735        3.28583          188.4        4.71722         7.5937        6.26078       -1319.18     /gpfs/hpu/EHT2/IHARM/SANE/SANE_a0_288x128x128_IHARM/m_1_1_20/image_a0_1290_163_0_230.e9_6.2e9_4.95542e+29_20.dat
        30       0.738746        2.91886        109.098        12.0865        15.0392        13.5833       -2160.76     /gpfs/hpu/EHT2/IHARM/SANE/SANE_a0_288x128x128_IHARM/m_1_1_20/image_a0_1300_163_0_230.e9_6.2e9_4.95542e+29_20.dat
        31       0.391529        3.04788         139.05        8.72302        3.89719        5.93216       -1116.42     /gpfs/hpu/EHT2/IHARM/SANE/SANE_a0_288x128x128_IHARM/m_1_1_20/image_a0_1310_163_0_230.e9_6.2e9_4.95542e+29_20.dat
        32       0.491245        3.20772        149.852        4.81748        7.77721        6.40615       -1188.03     /gpfs/hpu/EHT2/IHARM/SANE/SANE_a0_288x128x128_IHARM/m_1_1_20/image_a0_1320_163_0_230.e9_6.2e9_4.95542e+29_20.dat
        33       0.483999        3.07328         128.42        7.37481        4.04388         5.4321       -1063.81     /gpfs/hpu/EHT2/IHARM/SANE/SANE_a0_288x128x128_IHARM/m_1_1_20/image_a0_1330_163_0_230.e9_6.2e9_4.95542e+29_20.dat
        34       0.552242        3.00584        98.9062        7.60523        6.05175        6.64879       -1218.71     /gpfs/hpu/EHT2/IHARM/SANE/SANE_a0_288x128x128_IHARM/m_1_1_20/image_a0_1340_163_0_230.e9_6.2e9_4.95542e+29_20.dat
        35       0.387208        3.18734         140.96        8.12756         11.971         10.168       -1661.45     /gpfs/hpu/EHT2/IHARM/SANE/SANE_a0_288x128x128_IHARM/m_1_1_20/image_a0_1350_163_0_230.e9_6.2e9_4.95542e+29_20.dat
        36       0.457054        3.07089         109.69        5.97869        4.31818        4.98237       -995.569     /gpfs/hpu/EHT2/IHARM/SANE/SANE_a0_288x128x128_IHARM/m_1_1_20/image_a0_1360_163_0_230.e9_6.2e9_4.95542e+29_20.dat
        37       0.472157         3.2247        162.188        3.26921         3.4979        3.35691       -840.977     /gpfs/hpu/EHT2/IHARM/SANE/SANE_a0_288x128x128_IHARM/m_1_1_20/image_a0_1370_163_0_230.e9_6.2e9_4.95542e+29_20.dat
        38       0.529791        3.11661        167.714        7.76124        5.34867        6.32488       -1198.09     /gpfs/hpu/EHT2/IHARM/SANE/SANE_a0_288x128x128_IHARM/m_1_1_20/image_a0_1380_163_0_230.e9_6.2e9_4.95542e+29_20.dat
        39       0.462538         2.8349        175.434         3.0766         4.9656        4.09052       -915.047     /gpfs/hpu/EHT2/IHARM/SANE/SANE_a0_288x128x128_IHARM/m_1_1_20/image_a0_1390_163_0_230.e9_6.2e9_4.95542e+29_20.dat
        40       0.478507         3.1039        184.714        4.48647        4.63764        4.51631       -962.002     /gpfs/hpu/EHT2/IHARM/SANE/SANE_a0_288x128x128_IHARM/m_1_1_20/image_a0_1400_163_0_230.e9_6.2e9_4.95542e+29_20.dat
        41       0.464769        2.91413        179.396        3.04611        3.97782        3.52771       -862.549     /gpfs/hpu/EHT2/IHARM/SANE/SANE_a0_288x128x128_IHARM/m_1_1_20/image_a0_1410_163_0_230.e9_6.2e9_4.95542e+29_20.dat
        42       0.488764        3.03281        110.944        5.11217        7.80521        6.54887       -1201.45     /gpfs/hpu/EHT2/IHARM/SANE/SANE_a0_288x128x128_IHARM/m_1_1_20/image_a0_1420_163_0_230.e9_6.2e9_4.95542e+29_20.dat
        43       0.554237        3.12547        203.776        3.38844        8.29949        6.08021       -1224.32     /gpfs/hpu/EHT2/IHARM/SANE/SANE_a0_288x128x128_IHARM/m_1_1_20/image_a0_1430_163_0_230.e9_6.2e9_4.95542e+29_20.dat
        44       0.440055        3.15952        194.295         4.3088        5.11312        4.70424       -1038.44     /gpfs/hpu/EHT2/IHARM/SANE/SANE_a0_288x128x128_IHARM/m_1_1_20/image_a0_1440_163_0_230.e9_6.2e9_4.95542e+29_20.dat
        45       0.411972        2.92617        104.498        7.59794        8.92112        8.24232       -1438.62     /gpfs/hpu/EHT2/IHARM/SANE/SANE_a0_288x128x128_IHARM/m_1_1_20/image_a0_1450_163_0_230.e9_6.2e9_4.95542e+29_20.dat
        46       0.441235        3.03184        152.715        7.82974        5.19337        6.26802       -1176.69     /gpfs/hpu/EHT2/IHARM/SANE/SANE_a0_288x128x128_IHARM/m_1_1_20/image_a0_1460_163_0_230.e9_6.2e9_4.95542e+29_20.dat
        47       0.473537        3.33561         128.26        5.54614        6.61667        6.07475       -1134.02     /gpfs/hpu/EHT2/IHARM/SANE/SANE_a0_288x128x128_IHARM/m_1_1_20/image_a0_1470_163_0_230.e9_6.2e9_4.95542e+29_20.dat
        48        0.48855        2.98213        183.293        4.35102        5.06844         4.6976       -1047.13     /gpfs/hpu/EHT2/IHARM/SANE/SANE_a0_288x128x128_IHARM/m_1_1_20/image_a0_1480_163_0_230.e9_6.2e9_4.95542e+29_20.dat
        49       0.421017        3.06428        164.143        8.85757        4.51592         6.3345       -1205.97     /gpfs/hpu/EHT2/IHARM/SANE/SANE_a0_288x128x128_IHARM/m_1_1_20/image_a0_1490_163_0_230.e9_6.2e9_4.95542e+29_20.dat
        50       0.420364        3.21995        170.028        10.8755        4.44691        7.16673       -1316.97     /gpfs/hpu/EHT2/IHARM/SANE/SANE_a0_288x128x128_IHARM/m_1_1_20/image_a0_1500_163_0_230.e9_6.2e9_4.95542e+29_20.dat
        51       0.415157        3.12536        143.339        3.26679        3.37087        3.28519       -803.842     /gpfs/hpu/EHT2/IHARM/SANE/SANE_a0_288x128x128_IHARM/m_1_1_20/image_a0_1510_163_0_230.e9_6.2e9_4.95542e+29_20.dat
        52       0.503968        3.03168        199.906        5.58824        7.74725        6.72203       -1327.13     /gpfs/hpu/EHT2/IHARM/SANE/SANE_a0_288x128x128_IHARM/m_1_1_20/image_a0_1520_163_0_230.e9_6.2e9_4.95542e+29_20.dat
        53       0.435377        3.03492        156.332        3.14389        4.80855        4.03216       -935.092     /gpfs/hpu/EHT2/IHARM/SANE/SANE_a0_288x128x128_IHARM/m_1_1_20/image_a0_1530_163_0_230.e9_6.2e9_4.95542e+29_20.dat
        54       0.449952        3.12958        142.937        8.33018        6.78961        7.37216       -1301.23     /gpfs/hpu/EHT2/IHARM/SANE/SANE_a0_288x128x128_IHARM/m_1_1_20/image_a0_1540_163_0_230.e9_6.2e9_4.95542e+29_20.dat
        55       0.482472        3.13654        145.187         5.5961        4.45642        4.89423       -998.149     /gpfs/hpu/EHT2/IHARM/SANE/SANE_a0_288x128x128_IHARM/m_1_1_20/image_a0_1550_163_0_230.e9_6.2e9_4.95542e+29_20.dat
        56       0.520119        3.09545        195.043        10.2025        6.75982         8.1634       -1514.29     /gpfs/hpu/EHT2/IHARM/SANE/SANE_a0_288x128x128_IHARM/m_1_1_20/image_a0_1560_163_0_230.e9_6.2e9_4.95542e+29_20.dat
        57       0.511874        2.93682        150.631        6.77004        5.63896        6.05875       -1214.57     /gpfs/hpu/EHT2/IHARM/SANE/SANE_a0_288x128x128_IHARM/m_1_1_20/image_a0_1570_163_0_230.e9_6.2e9_4.95542e+29_20.dat
        58       0.408316        3.02986        112.869        9.52109        5.95528        7.42171       -1297.23     /gpfs/hpu/EHT2/IHARM/SANE/SANE_a0_288x128x128_IHARM/m_1_1_20/image_a0_1580_163_0_230.e9_6.2e9_4.95542e+29_20.dat
        59        0.44185        3.17122        135.792        4.48108        4.35162        4.35483       -924.516     /gpfs/hpu/EHT2/IHARM/SANE/SANE_a0_288x128x128_IHARM/m_1_1_20/image_a0_1590_163_0_230.e9_6.2e9_4.95542e+29_20.dat
        60       0.446972        3.20046        156.223        3.18435        5.37058        4.36236       -945.966     /gpfs/hpu/EHT2/IHARM/SANE/SANE_a0_288x128x128_IHARM/m_1_1_20/image_a0_1600_163_0_230.e9_6.2e9_4.95542e+29_20.dat
        61       0.584408        3.32222        206.748        3.47517        6.62856        5.18784       -1142.04     /gpfs/hpu/EHT2/IHARM/SANE/SANE_a0_288x128x128_IHARM/m_1_1_20/image_a0_1610_163_0_230.e9_6.2e9_4.95542e+29_20.dat
        62       0.537012        3.29553        212.703        2.08477        4.53053         3.4205       -902.482     /gpfs/hpu/EHT2/IHARM/SANE/SANE_a0_288x128x128_IHARM/m_1_1_20/image_a0_1620_163_0_230.e9_6.2e9_4.95542e+29_20.dat
        63       0.574734         3.2355        166.105        4.81426        3.17002        3.84108       -935.237     /gpfs/hpu/EHT2/IHARM/SANE/SANE_a0_288x128x128_IHARM/m_1_1_20/image_a0_1630_163_0_230.e9_6.2e9_4.95542e+29_20.dat
        64       0.399784        3.11505        170.695        7.84155        5.61772        6.50924       -1229.99     /gpfs/hpu/EHT2/IHARM/SANE/SANE_a0_288x128x128_IHARM/m_1_1_20/image_a0_1640_163_0_230.e9_6.2e9_4.95542e+29_20.dat
        65        0.42585        3.27559        159.486        3.53521        5.07778        4.35081       -922.425     /gpfs/hpu/EHT2/IHARM/SANE/SANE_a0_288x128x128_IHARM/m_1_1_20/image_a0_1650_163_0_230.e9_6.2e9_4.95542e+29_20.dat
        66       0.452595        3.23635        162.803        6.00273        4.99476        5.36923        -1134.6     /gpfs/hpu/EHT2/IHARM/SANE/SANE_a0_288x128x128_IHARM/m_1_1_20/image_a0_1660_163_0_230.e9_6.2e9_4.95542e+29_20.dat
        67         0.4938        3.11418        177.733        5.52276        5.22355        5.28946       -1090.62     /gpfs/hpu/EHT2/IHARM/SANE/SANE_a0_288x128x128_IHARM/m_1_1_20/image_a0_1670_163_0_230.e9_6.2e9_4.95542e+29_20.dat
        68       0.450093         3.0883        183.969        1.86992        7.71554         5.1001       -1087.84     /gpfs/hpu/EHT2/IHARM/SANE/SANE_a0_288x128x128_IHARM/m_1_1_20/image_a0_1680_163_0_230.e9_6.2e9_4.95542e+29_20.dat
        69       0.418148        3.05219        197.903         8.8575        5.04398        6.62831       -1275.18     /gpfs/hpu/EHT2/IHARM/SANE/SANE_a0_288x128x128_IHARM/m_1_1_20/image_a0_1690_163_0_230.e9_6.2e9_4.95542e+29_20.dat
        70       0.373604        3.08914        197.713        4.51141        6.27835        5.44005       -1123.23     /gpfs/hpu/EHT2/IHARM/SANE/SANE_a0_288x128x128_IHARM/m_1_1_20/image_a0_1700_163_0_230.e9_6.2e9_4.95542e+29_20.dat
        71       0.645731        2.99975        168.927        8.31893        11.1391        9.78761        -1790.4     /gpfs/hpu/EHT2/IHARM/SANE/SANE_a0_288x128x128_IHARM/m_1_1_20/image_a0_1710_163_0_230.e9_6.2e9_4.95542e+29_20.dat
        72       0.413785        3.04365        169.199        10.4402        5.26031        7.43155        -1346.2     /gpfs/hpu/EHT2/IHARM/SANE/SANE_a0_288x128x128_IHARM/m_1_1_20/image_a0_1720_163_0_230.e9_6.2e9_4.95542e+29_20.dat
        73       0.584735        3.17162        198.376        5.28894        12.8355        9.42425       -1698.27     /gpfs/hpu/EHT2/IHARM/SANE/SANE_a0_288x128x128_IHARM/m_1_1_20/image_a0_1730_163_0_230.e9_6.2e9_4.95542e+29_20.dat
        74       0.377971        2.97398        144.727        4.04983        14.1094        9.59853       -1619.41     /gpfs/hpu/EHT2/IHARM/SANE/SANE_a0_288x128x128_IHARM/m_1_1_20/image_a0_1740_163_0_230.e9_6.2e9_4.95542e+29_20.dat
        75       0.392922        3.11615        129.758        3.85911        7.45169        5.81152       -1097.25     /gpfs/hpu/EHT2/IHARM/SANE/SANE_a0_288x128x128_IHARM/m_1_1_20/image_a0_1750_163_0_230.e9_6.2e9_4.95542e+29_20.dat
        76       0.496372        2.94684        168.409        8.54748         5.5049        6.75103        -1298.4     /gpfs/hpu/EHT2/IHARM/SANE/SANE_a0_288x128x128_IHARM/m_1_1_20/image_a0_1760_163_0_230.e9_6.2e9_4.95542e+29_20.dat
        77       0.411503        3.16821        114.465        2.90955        4.29183        3.64352       -841.136     /gpfs/hpu/EHT2/IHARM/SANE/SANE_a0_288x128x128_IHARM/m_1_1_20/image_a0_1770_163_0_230.e9_6.2e9_4.95542e+29_20.dat
        78       0.423714        3.26445        88.4171        1.75746        3.71622        2.82615       -728.195     /gpfs/hpu/EHT2/IHARM/SANE/SANE_a0_288x128x128_IHARM/m_1_1_20/image_a0_1780_163_0_230.e9_6.2e9_4.95542e+29_20.dat
        79       0.513836        2.97665        173.169        2.77676        9.77866        6.63939       -1301.97     /gpfs/hpu/EHT2/IHARM/SANE/SANE_a0_288x128x128_IHARM/m_1_1_20/image_a0_1790_163_0_230.e9_6.2e9_4.95542e+29_20.dat
        80       0.381976        2.97007        65.7846         8.6052        16.6551        12.9805       -2044.04     /gpfs/hpu/EHT2/IHARM/SANE/SANE_a0_288x128x128_IHARM/m_1_1_20/image_a0_1800_163_0_230.e9_6.2e9_4.95542e+29_20.dat
        81       0.635727        3.07144        162.627        5.08094        30.6958        19.2729       -2942.13     /gpfs/hpu/EHT2/IHARM/SANE/SANE_a0_288x128x128_IHARM/m_1_1_20/image_a0_1810_163_0_230.e9_6.2e9_4.95542e+29_20.dat
        82       0.405649        3.13379        206.125        2.84045        5.40295          4.232       -976.129     /gpfs/hpu/EHT2/IHARM/SANE/SANE_a0_288x128x128_IHARM/m_1_1_20/image_a0_1820_163_0_230.e9_6.2e9_4.95542e+29_20.dat
        83       0.402934        3.30746       -212.705         6.2329        5.80538        5.91961       -1115.01     /gpfs/hpu/EHT2/IHARM/SANE/SANE_a0_288x128x128_IHARM/m_1_1_20/image_a0_1830_163_0_230.e9_6.2e9_4.95542e+29_20.dat
        84       0.420775        2.99443       -281.987        7.56679        27.2046        18.4027       -2735.42     /gpfs/hpu/EHT2/IHARM/SANE/SANE_a0_288x128x128_IHARM/m_1_1_20/image_a0_1840_163_0_230.e9_6.2e9_4.95542e+29_20.dat
        85       0.635406        3.24946        -201.12         11.129        4.80486        7.47529       -1420.92     /gpfs/hpu/EHT2/IHARM/SANE/SANE_a0_288x128x128_IHARM/m_1_1_20/image_a0_1850_163_0_230.e9_6.2e9_4.95542e+29_20.dat
        86       0.526487        3.00684       -228.549        5.62225        4.56061        4.96349       -1050.62     /gpfs/hpu/EHT2/IHARM/SANE/SANE_a0_288x128x128_IHARM/m_1_1_20/image_a0_1860_163_0_230.e9_6.2e9_4.95542e+29_20.dat
        87       0.479876        3.03489        -181.69        9.97764        4.12378        6.59955       -1281.97     /gpfs/hpu/EHT2/IHARM/SANE/SANE_a0_288x128x128_IHARM/m_1_1_20/image_a0_1870_163_0_230.e9_6.2e9_4.95542e+29_20.dat
        88       0.418952        2.96485       -265.049        13.8039        6.07339        9.33527       -1546.95     /gpfs/hpu/EHT2/IHARM/SANE/SANE_a0_288x128x128_IHARM/m_1_1_20/image_a0_1880_163_0_230.e9_6.2e9_4.95542e+29_20.dat
        89       0.466938        2.89288       -285.719        8.54027        7.35344        7.77655       -1347.51     /gpfs/hpu/EHT2/IHARM/SANE/SANE_a0_288x128x128_IHARM/m_1_1_20/image_a0_1890_163_0_230.e9_6.2e9_4.95542e+29_20.dat
        90       0.630621        3.14019       -188.694        2.35027        12.9318        8.20997       -1549.65     /gpfs/hpu/EHT2/IHARM/SANE/SANE_a0_288x128x128_IHARM/m_1_1_20/image_a0_1900_163_0_230.e9_6.2e9_4.95542e+29_20.dat
        91       0.429485        3.17654       -177.902         4.5324        5.35683        4.93633       -1026.57     /gpfs/hpu/EHT2/IHARM/SANE/SANE_a0_288x128x128_IHARM/m_1_1_20/image_a0_1910_163_0_230.e9_6.2e9_4.95542e+29_20.dat
        92         0.4782        3.07263       -196.732        2.85397        5.55012        4.31972       -964.356     /gpfs/hpu/EHT2/IHARM/SANE/SANE_a0_288x128x128_IHARM/m_1_1_20/image_a0_1920_163_0_230.e9_6.2e9_4.95542e+29_20.dat
        93       0.538372          2.884       -206.848        2.81503        16.8017        10.5639       -1784.68     /gpfs/hpu/EHT2/IHARM/SANE/SANE_a0_288x128x128_IHARM/m_1_1_20/image_a0_1930_163_0_230.e9_6.2e9_4.95542e+29_20.dat
        94       0.400056        2.96856       -190.745        3.76622        3.36729        3.49868       -849.706     /gpfs/hpu/EHT2/IHARM/SANE/SANE_a0_288x128x128_IHARM/m_1_1_20/image_a0_1940_163_0_230.e9_6.2e9_4.95542e+29_20.dat
        95       0.552024        3.04213       -195.082        7.39965        3.67535        5.23775        -1119.9     /gpfs/hpu/EHT2/IHARM/SANE/SANE_a0_288x128x128_IHARM/m_1_1_20/image_a0_1950_163_0_230.e9_6.2e9_4.95542e+29_20.dat
        96       0.435674        3.10671       -199.828        2.75752         4.4863        3.68614       -865.143     /gpfs/hpu/EHT2/IHARM/SANE/SANE_a0_288x128x128_IHARM/m_1_1_20/image_a0_1960_163_0_230.e9_6.2e9_4.95542e+29_20.dat
        97       0.453245        2.90542       -217.118         5.7102        3.99708        4.68785       -1013.28     /gpfs/hpu/EHT2/IHARM/SANE/SANE_a0_288x128x128_IHARM/m_1_1_20/image_a0_1970_163_0_230.e9_6.2e9_4.95542e+29_20.dat
        98       0.509008        2.93697       -184.808        7.16077        4.92289        5.82888       -1193.86     /gpfs/hpu/EHT2/IHARM/SANE/SANE_a0_288x128x128_IHARM/m_1_1_20/image_a0_1980_163_0_230.e9_6.2e9_4.95542e+29_20.dat
        99       0.411482        2.93978       -202.323        4.26305        5.97856        5.16608        -1030.1     /gpfs/hpu/EHT2/IHARM/SANE/SANE_a0_288x128x128_IHARM/m_1_1_20/image_a0_1990_163_0_230.e9_6.2e9_4.95542e+29_20.dat
