   # Index         I (Jy)      M/D (uas)       PA (deg)  VA red. chisq  CP red. chisq     red. chisq     log-liklhd     FileName
         0       0.947641        4.26079         211.11          11.14        57.1055        36.5828       -5151.16     /gpfs/hpu/EHT2/IHARM/MAD/MAD_a-0.94_384x192x192_IHARM/m_1_1_20/image_a-0.94_0000_17_0_230.e9_6.2e9_1.8846e+25_20.dat
         1        1.15121        4.17866        241.143        16.0047         71.185        46.5163       -6385.58     /gpfs/hpu/EHT2/IHARM/MAD/MAD_a-0.94_384x192x192_IHARM/m_1_1_20/image_a-0.94_0001_17_0_230.e9_6.2e9_1.8846e+25_20.dat
         2       0.617565        3.33433        359.902        5.51868        12.9065        9.56287       -1695.26     /gpfs/hpu/EHT2/IHARM/MAD/MAD_a-0.94_384x192x192_IHARM/m_1_1_20/image_a-0.94_0002_17_0_230.e9_6.2e9_1.8846e+25_20.dat
         3        1.25808        3.47431        284.635         9.7905        65.4453        40.6413       -6027.19     /gpfs/hpu/EHT2/IHARM/MAD/MAD_a-0.94_384x192x192_IHARM/m_1_1_20/image_a-0.94_0003_17_0_230.e9_6.2e9_1.8846e+25_20.dat
         4       0.558018        3.93364        343.618        17.1942         8.0974        11.9243       -1920.67     /gpfs/hpu/EHT2/IHARM/MAD/MAD_a-0.94_384x192x192_IHARM/m_1_1_20/image_a-0.94_0004_17_0_230.e9_6.2e9_1.8846e+25_20.dat
         5       0.848688        3.97621        349.716        2.93164        10.4314        7.06945       -1494.01     /gpfs/hpu/EHT2/IHARM/MAD/MAD_a-0.94_384x192x192_IHARM/m_1_1_20/image_a-0.94_0005_17_0_230.e9_6.2e9_1.8846e+25_20.dat
         6       0.853927        3.86101        282.646        5.52286        27.7345        17.8157       -2646.41     /gpfs/hpu/EHT2/IHARM/MAD/MAD_a-0.94_384x192x192_IHARM/m_1_1_20/image_a-0.94_0006_17_0_230.e9_6.2e9_1.8846e+25_20.dat
         7       0.768877        3.01151         273.02        6.38713        52.4388        31.9354       -4658.64     /gpfs/hpu/EHT2/IHARM/MAD/MAD_a-0.94_384x192x192_IHARM/m_1_1_20/image_a-0.94_0007_17_0_230.e9_6.2e9_1.8846e+25_20.dat
         8       0.549477         3.4552         228.88        8.22276        7.73782        7.85345       -1367.26     /gpfs/hpu/EHT2/IHARM/MAD/MAD_a-0.94_384x192x192_IHARM/m_1_1_20/image_a-0.94_0008_17_0_230.e9_6.2e9_1.8846e+25_20.dat
         9       0.502174        3.53376        225.364        4.02296        7.48633        5.90149       -1118.47     /gpfs/hpu/EHT2/IHARM/MAD/MAD_a-0.94_384x192x192_IHARM/m_1_1_20/image_a-0.94_0009_17_0_230.e9_6.2e9_1.8846e+25_20.dat
        10       0.763811        3.68785        204.366        16.3962        21.6578        19.1256       -2870.63     /gpfs/hpu/EHT2/IHARM/MAD/MAD_a-0.94_384x192x192_IHARM/m_1_1_20/image_a-0.94_0010_17_0_230.e9_6.2e9_1.8846e+25_20.dat
        11        1.16028        4.55202        207.908        8.28151        37.3871        24.3772       -3549.66     /gpfs/hpu/EHT2/IHARM/MAD/MAD_a-0.94_384x192x192_IHARM/m_1_1_20/image_a-0.94_0011_17_0_230.e9_6.2e9_1.8846e+25_20.dat
        12       0.699527        3.68615        265.533        8.59204        40.7422        26.3781       -3877.33     /gpfs/hpu/EHT2/IHARM/MAD/MAD_a-0.94_384x192x192_IHARM/m_1_1_20/image_a-0.94_0012_17_0_230.e9_6.2e9_1.8846e+25_20.dat
        13       0.846826        4.30876        333.248        4.23383        28.1008        17.4634       -3409.96     /gpfs/hpu/EHT2/IHARM/MAD/MAD_a-0.94_384x192x192_IHARM/m_1_1_20/image_a-0.94_0013_17_0_230.e9_6.2e9_1.8846e+25_20.dat
        14       0.614461        3.77615        265.475        1.33174        3.36414        2.44656       -752.698     /gpfs/hpu/EHT2/IHARM/MAD/MAD_a-0.94_384x192x192_IHARM/m_1_1_20/image_a-0.94_0014_17_0_230.e9_6.2e9_1.8846e+25_20.dat
        15       0.639188        3.84246        309.707        6.71251        6.17161        6.33032       -1224.18     /gpfs/hpu/EHT2/IHARM/MAD/MAD_a-0.94_384x192x192_IHARM/m_1_1_20/image_a-0.94_0015_17_0_230.e9_6.2e9_1.8846e+25_20.dat
        16       0.490278        4.12818         273.98         4.4335        23.3219        14.8903       -2267.52     /gpfs/hpu/EHT2/IHARM/MAD/MAD_a-0.94_384x192x192_IHARM/m_1_1_20/image_a-0.94_0016_17_0_230.e9_6.2e9_1.8846e+25_20.dat
        17       0.804407        4.13656        333.367        8.34095        4.39407         6.0438       -1183.24     /gpfs/hpu/EHT2/IHARM/MAD/MAD_a-0.94_384x192x192_IHARM/m_1_1_20/image_a-0.94_0017_17_0_230.e9_6.2e9_1.8846e+25_20.dat
        18       0.705997        3.40646        316.989        32.4727        10.8412         20.043       -2967.63     /gpfs/hpu/EHT2/IHARM/MAD/MAD_a-0.94_384x192x192_IHARM/m_1_1_20/image_a-0.94_0018_17_0_230.e9_6.2e9_1.8846e+25_20.dat
        19       0.566535        4.04399        337.805        13.1871        9.83388        11.1617       -1794.86     /gpfs/hpu/EHT2/IHARM/MAD/MAD_a-0.94_384x192x192_IHARM/m_1_1_20/image_a-0.94_0019_17_0_230.e9_6.2e9_1.8846e+25_20.dat
        20       0.495469        3.89951        337.606        6.15406        7.56897        6.86694       -1282.94     /gpfs/hpu/EHT2/IHARM/MAD/MAD_a-0.94_384x192x192_IHARM/m_1_1_20/image_a-0.94_0020_17_0_230.e9_6.2e9_1.8846e+25_20.dat
        21       0.759225        3.79571        189.776        5.56136        47.2284        28.6798       -4465.54     /gpfs/hpu/EHT2/IHARM/MAD/MAD_a-0.94_384x192x192_IHARM/m_1_1_20/image_a-0.94_0021_17_0_230.e9_6.2e9_1.8846e+25_20.dat
        22       0.929761        4.58626        -67.423        9.04021        20.2458        15.1662       -2412.25     /gpfs/hpu/EHT2/IHARM/MAD/MAD_a-0.94_384x192x192_IHARM/m_1_1_20/image_a-0.94_0022_17_0_230.e9_6.2e9_1.8846e+25_20.dat
        23       0.686411        4.36251       -62.1486        8.34916        16.7759        12.9372        -2060.1     /gpfs/hpu/EHT2/IHARM/MAD/MAD_a-0.94_384x192x192_IHARM/m_1_1_20/image_a-0.94_0023_17_0_230.e9_6.2e9_1.8846e+25_20.dat
        24       0.649409        4.02157       -52.9053        5.72644        5.64819        5.61363       -1153.38     /gpfs/hpu/EHT2/IHARM/MAD/MAD_a-0.94_384x192x192_IHARM/m_1_1_20/image_a-0.94_0024_17_0_230.e9_6.2e9_1.8846e+25_20.dat
        25       0.557482         3.4684       -79.2562        5.06217        10.2274        7.87512       -1427.05     /gpfs/hpu/EHT2/IHARM/MAD/MAD_a-0.94_384x192x192_IHARM/m_1_1_20/image_a-0.94_0025_17_0_230.e9_6.2e9_1.8846e+25_20.dat
        26       0.711143        3.34274       -49.9356          12.43        14.2797        13.3089       -2194.68     /gpfs/hpu/EHT2/IHARM/MAD/MAD_a-0.94_384x192x192_IHARM/m_1_1_20/image_a-0.94_0026_17_0_230.e9_6.2e9_1.8846e+25_20.dat
        27       0.748987        3.35423       -41.1527        4.33625        4.27757        4.25115       -1059.35     /gpfs/hpu/EHT2/IHARM/MAD/MAD_a-0.94_384x192x192_IHARM/m_1_1_20/image_a-0.94_0027_17_0_230.e9_6.2e9_1.8846e+25_20.dat
        28        1.11843        3.42399       -43.6773        4.81329        5.64545        5.21812       -1294.71     /gpfs/hpu/EHT2/IHARM/MAD/MAD_a-0.94_384x192x192_IHARM/m_1_1_20/image_a-0.94_0028_17_0_230.e9_6.2e9_1.8846e+25_20.dat
        29       0.622688        3.29622       -34.0491          10.59        15.0542         12.946       -1991.91     /gpfs/hpu/EHT2/IHARM/MAD/MAD_a-0.94_384x192x192_IHARM/m_1_1_20/image_a-0.94_0029_17_0_230.e9_6.2e9_1.8846e+25_20.dat
        30        1.13922        3.84633        -39.457        3.90981        9.74318         7.1085       -1485.67     /gpfs/hpu/EHT2/IHARM/MAD/MAD_a-0.94_384x192x192_IHARM/m_1_1_20/image_a-0.94_0030_17_0_230.e9_6.2e9_1.8846e+25_20.dat
        31       0.600033        4.14705       -80.8573        2.28217        3.10858        2.71442       -727.811     /gpfs/hpu/EHT2/IHARM/MAD/MAD_a-0.94_384x192x192_IHARM/m_1_1_20/image_a-0.94_0031_17_0_230.e9_6.2e9_1.8846e+25_20.dat
        32       0.704273        4.05815       -67.5281        3.50063        7.64585         5.7649       -1153.26     /gpfs/hpu/EHT2/IHARM/MAD/MAD_a-0.94_384x192x192_IHARM/m_1_1_20/image_a-0.94_0032_17_0_230.e9_6.2e9_1.8846e+25_20.dat
        33       0.605583        3.58697       -48.8498          10.42        4.08842        6.77072       -1267.31     /gpfs/hpu/EHT2/IHARM/MAD/MAD_a-0.94_384x192x192_IHARM/m_1_1_20/image_a-0.94_0033_17_0_230.e9_6.2e9_1.8846e+25_20.dat
        34       0.719894        3.43914       -39.3401        7.19473        15.5117        11.7357       -1985.37     /gpfs/hpu/EHT2/IHARM/MAD/MAD_a-0.94_384x192x192_IHARM/m_1_1_20/image_a-0.94_0034_17_0_230.e9_6.2e9_1.8846e+25_20.dat
        35       0.740431        3.44748       -12.0918         12.007        6.63565        8.87286       -1611.19     /gpfs/hpu/EHT2/IHARM/MAD/MAD_a-0.94_384x192x192_IHARM/m_1_1_20/image_a-0.94_0035_17_0_230.e9_6.2e9_1.8846e+25_20.dat
        36        1.16517        4.28815        54.1012        17.8817        13.6809        15.3278       -3286.49     /gpfs/hpu/EHT2/IHARM/MAD/MAD_a-0.94_384x192x192_IHARM/m_1_1_20/image_a-0.94_0036_17_0_230.e9_6.2e9_1.8846e+25_20.dat
        37        0.71173          3.383       -84.7607        8.46823        25.3883         17.781       -2741.39     /gpfs/hpu/EHT2/IHARM/MAD/MAD_a-0.94_384x192x192_IHARM/m_1_1_20/image_a-0.94_0037_17_0_230.e9_6.2e9_1.8846e+25_20.dat
        38       0.775036        3.44534        47.5035        9.90402        12.5943        11.2812       -1923.08     /gpfs/hpu/EHT2/IHARM/MAD/MAD_a-0.94_384x192x192_IHARM/m_1_1_20/image_a-0.94_0038_17_0_230.e9_6.2e9_1.8846e+25_20.dat
        39       0.947806        3.53028        54.7143        16.7193         33.198        25.6866       -4149.27     /gpfs/hpu/EHT2/IHARM/MAD/MAD_a-0.94_384x192x192_IHARM/m_1_1_20/image_a-0.94_0039_17_0_230.e9_6.2e9_1.8846e+25_20.dat
        40        1.21085        4.50884        95.2557        32.5377         178.42         113.32       -15550.2     /gpfs/hpu/EHT2/IHARM/MAD/MAD_a-0.94_384x192x192_IHARM/m_1_1_20/image_a-0.94_0040_17_0_230.e9_6.2e9_1.8846e+25_20.dat
        41        1.27747        4.83536       -4.04903        25.3154        20.1671        22.1444       -3308.56     /gpfs/hpu/EHT2/IHARM/MAD/MAD_a-0.94_384x192x192_IHARM/m_1_1_20/image_a-0.94_0041_17_0_230.e9_6.2e9_1.8846e+25_20.dat
        42        1.28139        4.23825       -38.4295        12.5777        8.48363        10.1474       -1728.91     /gpfs/hpu/EHT2/IHARM/MAD/MAD_a-0.94_384x192x192_IHARM/m_1_1_20/image_a-0.94_0042_17_0_230.e9_6.2e9_1.8846e+25_20.dat
        43        0.98569        3.72209       -27.4841        9.33141        9.06013        9.06757       -1627.91     /gpfs/hpu/EHT2/IHARM/MAD/MAD_a-0.94_384x192x192_IHARM/m_1_1_20/image_a-0.94_0043_17_0_230.e9_6.2e9_1.8846e+25_20.dat
        44       0.755843        3.22631       -84.8197        11.2577        33.3693        23.4256        -4110.7     /gpfs/hpu/EHT2/IHARM/MAD/MAD_a-0.94_384x192x192_IHARM/m_1_1_20/image_a-0.94_0044_17_0_230.e9_6.2e9_1.8846e+25_20.dat
        45       0.765477        3.51203        17.6745        20.8061        18.2271        19.1193       -2867.16     /gpfs/hpu/EHT2/IHARM/MAD/MAD_a-0.94_384x192x192_IHARM/m_1_1_20/image_a-0.94_0045_17_0_230.e9_6.2e9_1.8846e+25_20.dat
        46       0.857469         3.7929       -160.535         15.532        49.2369        34.0992       -4781.59     /gpfs/hpu/EHT2/IHARM/MAD/MAD_a-0.94_384x192x192_IHARM/m_1_1_20/image_a-0.94_0046_17_0_230.e9_6.2e9_1.8846e+25_20.dat
        47        1.13548        5.94778       -136.818         16.604        66.8631        44.3699        -7410.2     /gpfs/hpu/EHT2/IHARM/MAD/MAD_a-0.94_384x192x192_IHARM/m_1_1_20/image_a-0.94_0047_17_0_230.e9_6.2e9_1.8846e+25_20.dat
        48        0.67004        2.92169       -38.6247        11.9335        52.7896        34.5236       -4950.95     /gpfs/hpu/EHT2/IHARM/MAD/MAD_a-0.94_384x192x192_IHARM/m_1_1_20/image_a-0.94_0048_17_0_230.e9_6.2e9_1.8846e+25_20.dat
        49        1.40407        5.40741       -81.0985        25.0182         23.761         24.016       -3605.76     /gpfs/hpu/EHT2/IHARM/MAD/MAD_a-0.94_384x192x192_IHARM/m_1_1_20/image_a-0.94_0049_17_0_230.e9_6.2e9_1.8846e+25_20.dat
        50       0.763201        4.34752         2.1345        8.21781        15.9925        12.4446       -2017.33     /gpfs/hpu/EHT2/IHARM/MAD/MAD_a-0.94_384x192x192_IHARM/m_1_1_20/image_a-0.94_0050_17_0_230.e9_6.2e9_1.8846e+25_20.dat
        51       0.478013        4.01162       -2.64524        6.73221        11.5276        9.31919       -1573.18     /gpfs/hpu/EHT2/IHARM/MAD/MAD_a-0.94_384x192x192_IHARM/m_1_1_20/image_a-0.94_0051_17_0_230.e9_6.2e9_1.8846e+25_20.dat
        52        1.01868        3.88984       -67.8309         10.971        8.46969        9.44643       -1685.82     /gpfs/hpu/EHT2/IHARM/MAD/MAD_a-0.94_384x192x192_IHARM/m_1_1_20/image_a-0.94_0052_17_0_230.e9_6.2e9_1.8846e+25_20.dat
        53       0.730947        3.70841        -59.167        6.60393        11.0893        9.01995        -1599.1     /gpfs/hpu/EHT2/IHARM/MAD/MAD_a-0.94_384x192x192_IHARM/m_1_1_20/image_a-0.94_0053_17_0_230.e9_6.2e9_1.8846e+25_20.dat
        54       0.542756        3.87895       -24.1158        3.84201        6.56657        5.31162       -1079.72     /gpfs/hpu/EHT2/IHARM/MAD/MAD_a-0.94_384x192x192_IHARM/m_1_1_20/image_a-0.94_0054_17_0_230.e9_6.2e9_1.8846e+25_20.dat
        55       0.919091         3.7957        -72.288        5.09182        5.42845        5.21754       -1274.65     /gpfs/hpu/EHT2/IHARM/MAD/MAD_a-0.94_384x192x192_IHARM/m_1_1_20/image_a-0.94_0055_17_0_230.e9_6.2e9_1.8846e+25_20.dat
        56        0.66029        4.02392       -67.0764        3.68063        15.1696        10.0292       -1734.81     /gpfs/hpu/EHT2/IHARM/MAD/MAD_a-0.94_384x192x192_IHARM/m_1_1_20/image_a-0.94_0056_17_0_230.e9_6.2e9_1.8846e+25_20.dat
        57       0.561089        4.28781       -120.149         2.0957         5.5188        3.97514       -875.104     /gpfs/hpu/EHT2/IHARM/MAD/MAD_a-0.94_384x192x192_IHARM/m_1_1_20/image_a-0.94_0057_17_0_230.e9_6.2e9_1.8846e+25_20.dat
        58       0.581756        3.69493       -76.8147        2.01729        4.04774        3.12274       -825.148     /gpfs/hpu/EHT2/IHARM/MAD/MAD_a-0.94_384x192x192_IHARM/m_1_1_20/image_a-0.94_0058_17_0_230.e9_6.2e9_1.8846e+25_20.dat
        59       0.891463        3.70037       -52.3448        3.17687         6.3657        4.91287       -1131.14     /gpfs/hpu/EHT2/IHARM/MAD/MAD_a-0.94_384x192x192_IHARM/m_1_1_20/image_a-0.94_0059_17_0_230.e9_6.2e9_1.8846e+25_20.dat
        60       0.508418        3.74404       -90.7293        22.2094        11.5674         16.019       -2371.92     /gpfs/hpu/EHT2/IHARM/MAD/MAD_a-0.94_384x192x192_IHARM/m_1_1_20/image_a-0.94_0060_17_0_230.e9_6.2e9_1.8846e+25_20.dat
        61       0.493107        4.18473       -133.211        4.90143        19.3114        12.8606        -2005.8     /gpfs/hpu/EHT2/IHARM/MAD/MAD_a-0.94_384x192x192_IHARM/m_1_1_20/image_a-0.94_0061_17_0_230.e9_6.2e9_1.8846e+25_20.dat
        62       0.803742        5.08126       -69.7608        9.44532        10.2593        9.78398       -1637.86     /gpfs/hpu/EHT2/IHARM/MAD/MAD_a-0.94_384x192x192_IHARM/m_1_1_20/image_a-0.94_0062_17_0_230.e9_6.2e9_1.8846e+25_20.dat
        63       0.689812        4.26869       -75.5103        7.19275        16.1801        12.1068       -1938.38     /gpfs/hpu/EHT2/IHARM/MAD/MAD_a-0.94_384x192x192_IHARM/m_1_1_20/image_a-0.94_0063_17_0_230.e9_6.2e9_1.8846e+25_20.dat
        64       0.469275        3.91978        3.72616        9.39191        9.26261        9.20635       -1600.67     /gpfs/hpu/EHT2/IHARM/MAD/MAD_a-0.94_384x192x192_IHARM/m_1_1_20/image_a-0.94_0064_17_0_230.e9_6.2e9_1.8846e+25_20.dat
        65       0.890214        3.61311       -27.0712        12.1707        10.9349        11.3358       -1989.72     /gpfs/hpu/EHT2/IHARM/MAD/MAD_a-0.94_384x192x192_IHARM/m_1_1_20/image_a-0.94_0065_17_0_230.e9_6.2e9_1.8846e+25_20.dat
        66       0.669711        3.21675     -0.0474848        9.46328         19.581        14.9788       -2695.44     /gpfs/hpu/EHT2/IHARM/MAD/MAD_a-0.94_384x192x192_IHARM/m_1_1_20/image_a-0.94_0066_17_0_230.e9_6.2e9_1.8846e+25_20.dat
        67        1.07712        3.21825        7.00489        10.8616         13.935        12.4404       -2212.72     /gpfs/hpu/EHT2/IHARM/MAD/MAD_a-0.94_384x192x192_IHARM/m_1_1_20/image_a-0.94_0067_17_0_230.e9_6.2e9_1.8846e+25_20.dat
        68       0.744691        3.65494       -83.8248         11.182        13.8709         12.543       -1989.93     /gpfs/hpu/EHT2/IHARM/MAD/MAD_a-0.94_384x192x192_IHARM/m_1_1_20/image_a-0.94_0068_17_0_230.e9_6.2e9_1.8846e+25_20.dat
        69        1.27056        3.47209        14.0176        8.80842        21.7074        15.8795       -2707.27     /gpfs/hpu/EHT2/IHARM/MAD/MAD_a-0.94_384x192x192_IHARM/m_1_1_20/image_a-0.94_0069_17_0_230.e9_6.2e9_1.8846e+25_20.dat
        70       0.593487        3.78512        81.0348        8.22845        12.7392        10.6389       -2121.43     /gpfs/hpu/EHT2/IHARM/MAD/MAD_a-0.94_384x192x192_IHARM/m_1_1_20/image_a-0.94_0070_17_0_230.e9_6.2e9_1.8846e+25_20.dat
        71        1.31529        4.49929        45.1057        12.3137        18.3934        15.5478       -2611.62     /gpfs/hpu/EHT2/IHARM/MAD/MAD_a-0.94_384x192x192_IHARM/m_1_1_20/image_a-0.94_0071_17_0_230.e9_6.2e9_1.8846e+25_20.dat
        72        1.04498        3.37659        150.726        9.37521        28.5521        19.9328       -3145.95     /gpfs/hpu/EHT2/IHARM/MAD/MAD_a-0.94_384x192x192_IHARM/m_1_1_20/image_a-0.94_0072_17_0_230.e9_6.2e9_1.8846e+25_20.dat
        73       0.586464        3.86708        254.511        6.57072        9.28311        8.00055       -1396.64     /gpfs/hpu/EHT2/IHARM/MAD/MAD_a-0.94_384x192x192_IHARM/m_1_1_20/image_a-0.94_0073_17_0_230.e9_6.2e9_1.8846e+25_20.dat
        74        0.47948        3.89506        178.626        3.72151        6.32271        5.12393        -1053.8     /gpfs/hpu/EHT2/IHARM/MAD/MAD_a-0.94_384x192x192_IHARM/m_1_1_20/image_a-0.94_0074_17_0_230.e9_6.2e9_1.8846e+25_20.dat
        75       0.545767        4.15831        192.175         3.6944        12.6901        8.65539       -1539.45     /gpfs/hpu/EHT2/IHARM/MAD/MAD_a-0.94_384x192x192_IHARM/m_1_1_20/image_a-0.94_0075_17_0_230.e9_6.2e9_1.8846e+25_20.dat
        76       0.679153        4.12123        249.395        6.11794        5.78393        5.85808       -1130.03     /gpfs/hpu/EHT2/IHARM/MAD/MAD_a-0.94_384x192x192_IHARM/m_1_1_20/image_a-0.94_0076_17_0_230.e9_6.2e9_1.8846e+25_20.dat
        77       0.637933        3.90372        266.277        8.68052        8.72999        8.60304       -1498.59     /gpfs/hpu/EHT2/IHARM/MAD/MAD_a-0.94_384x192x192_IHARM/m_1_1_20/image_a-0.94_0077_17_0_230.e9_6.2e9_1.8846e+25_20.dat
        78        0.83962        4.51823        346.955        22.3349        13.3682        17.0752       -2677.82     /gpfs/hpu/EHT2/IHARM/MAD/MAD_a-0.94_384x192x192_IHARM/m_1_1_20/image_a-0.94_0078_17_0_230.e9_6.2e9_1.8846e+25_20.dat
        79       0.848433        3.65675        350.702        12.2032        17.2369        14.8566       -2415.59     /gpfs/hpu/EHT2/IHARM/MAD/MAD_a-0.94_384x192x192_IHARM/m_1_1_20/image_a-0.94_0079_17_0_230.e9_6.2e9_1.8846e+25_20.dat
        80       0.654552        4.13567        318.983        3.93181        10.4834        7.52987       -1402.92     /gpfs/hpu/EHT2/IHARM/MAD/MAD_a-0.94_384x192x192_IHARM/m_1_1_20/image_a-0.94_0080_17_0_230.e9_6.2e9_1.8846e+25_20.dat
        81       0.474834        3.55896         336.83         9.8469        14.2289        12.1661        -1929.6     /gpfs/hpu/EHT2/IHARM/MAD/MAD_a-0.94_384x192x192_IHARM/m_1_1_20/image_a-0.94_0081_17_0_230.e9_6.2e9_1.8846e+25_20.dat
        82       0.638884        3.59095        293.088        3.82968        14.2794        9.59813       -1574.96     /gpfs/hpu/EHT2/IHARM/MAD/MAD_a-0.94_384x192x192_IHARM/m_1_1_20/image_a-0.94_0082_17_0_230.e9_6.2e9_1.8846e+25_20.dat
        83       0.795195        3.41511        288.557        6.66763          8.473        7.59158       -1548.82     /gpfs/hpu/EHT2/IHARM/MAD/MAD_a-0.94_384x192x192_IHARM/m_1_1_20/image_a-0.94_0083_17_0_230.e9_6.2e9_1.8846e+25_20.dat
        84       0.639058        3.11174        321.207        13.7944        15.3522        14.4943       -2235.41     /gpfs/hpu/EHT2/IHARM/MAD/MAD_a-0.94_384x192x192_IHARM/m_1_1_20/image_a-0.94_0084_17_0_230.e9_6.2e9_1.8846e+25_20.dat
        85       0.615545        3.54722        332.376        6.52979        11.2425        9.07322       -1582.62     /gpfs/hpu/EHT2/IHARM/MAD/MAD_a-0.94_384x192x192_IHARM/m_1_1_20/image_a-0.94_0085_17_0_230.e9_6.2e9_1.8846e+25_20.dat
        86       0.499836        3.55702        332.751        5.65716        6.32497        5.96033       -1143.38     /gpfs/hpu/EHT2/IHARM/MAD/MAD_a-0.94_384x192x192_IHARM/m_1_1_20/image_a-0.94_0086_17_0_230.e9_6.2e9_1.8846e+25_20.dat
        87       0.759739        3.81081        338.284        3.28496        10.5644        7.29586       -1342.49     /gpfs/hpu/EHT2/IHARM/MAD/MAD_a-0.94_384x192x192_IHARM/m_1_1_20/image_a-0.94_0087_17_0_230.e9_6.2e9_1.8846e+25_20.dat
        88        1.04346        4.71012        272.277         4.4881        38.3415        23.2716       -3417.02     /gpfs/hpu/EHT2/IHARM/MAD/MAD_a-0.94_384x192x192_IHARM/m_1_1_20/image_a-0.94_0088_17_0_230.e9_6.2e9_1.8846e+25_20.dat
        89       0.846503        3.45113        322.701        3.20357        11.3429        7.69396       -1501.64     /gpfs/hpu/EHT2/IHARM/MAD/MAD_a-0.94_384x192x192_IHARM/m_1_1_20/image_a-0.94_0089_17_0_230.e9_6.2e9_1.8846e+25_20.dat
        90       0.729723        3.14354        313.385        8.23162        9.29155        8.72184       -1542.53     /gpfs/hpu/EHT2/IHARM/MAD/MAD_a-0.94_384x192x192_IHARM/m_1_1_20/image_a-0.94_0090_17_0_230.e9_6.2e9_1.8846e+25_20.dat
        91       0.694931        3.55399        327.067        14.3702        11.5665        12.6362       -1997.61     /gpfs/hpu/EHT2/IHARM/MAD/MAD_a-0.94_384x192x192_IHARM/m_1_1_20/image_a-0.94_0091_17_0_230.e9_6.2e9_1.8846e+25_20.dat
        92         0.7813        4.52976        351.647         13.245        75.1209        47.5157        -6519.5     /gpfs/hpu/EHT2/IHARM/MAD/MAD_a-0.94_384x192x192_IHARM/m_1_1_20/image_a-0.94_0092_17_0_230.e9_6.2e9_1.8846e+25_20.dat
        93       0.858615        3.90076        321.377        13.5095        51.2972        34.3731       -6155.79     /gpfs/hpu/EHT2/IHARM/MAD/MAD_a-0.94_384x192x192_IHARM/m_1_1_20/image_a-0.94_0093_17_0_230.e9_6.2e9_1.8846e+25_20.dat
        94        0.83967        3.92088        233.425        15.2315        18.9396        17.1106        -2906.6     /gpfs/hpu/EHT2/IHARM/MAD/MAD_a-0.94_384x192x192_IHARM/m_1_1_20/image_a-0.94_0094_17_0_230.e9_6.2e9_1.8846e+25_20.dat
        95         1.0689        3.77085        270.254        3.51351        4.28431        3.89992       -951.368     /gpfs/hpu/EHT2/IHARM/MAD/MAD_a-0.94_384x192x192_IHARM/m_1_1_20/image_a-0.94_0095_17_0_230.e9_6.2e9_1.8846e+25_20.dat
        96       0.654293        3.88855        220.604        4.89824        27.9397        17.6605       -2696.21     /gpfs/hpu/EHT2/IHARM/MAD/MAD_a-0.94_384x192x192_IHARM/m_1_1_20/image_a-0.94_0096_17_0_230.e9_6.2e9_1.8846e+25_20.dat
        97        1.08711        3.98976         320.88        3.42214        14.1203        9.33373       -1845.34     /gpfs/hpu/EHT2/IHARM/MAD/MAD_a-0.94_384x192x192_IHARM/m_1_1_20/image_a-0.94_0097_17_0_230.e9_6.2e9_1.8846e+25_20.dat
        98       0.570889        3.87548        219.403         15.045        7.92467        10.9009       -1814.65     /gpfs/hpu/EHT2/IHARM/MAD/MAD_a-0.94_384x192x192_IHARM/m_1_1_20/image_a-0.94_0098_17_0_230.e9_6.2e9_1.8846e+25_20.dat
        99       0.643538        4.09668        218.457        4.67783        33.7831        20.8169       -3011.42     /gpfs/hpu/EHT2/IHARM/MAD/MAD_a-0.94_384x192x192_IHARM/m_1_1_20/image_a-0.94_0099_17_0_230.e9_6.2e9_1.8846e+25_20.dat
