   # Index         I (Jy)      M/D (uas)       PA (deg)  VA red. chisq  CP red. chisq     red. chisq     log-liklhd     FileName
         0       0.603699        3.83775        199.229        12.5816        21.9992        17.6698       -2704.48     /gpfs/hpu/EHT2/IHARM/SANE/SANE_a+0.94_288x128x128_IHARM/m_1_1_160/image_a+0.94_0600_163_0_230.e9_6.2e9_6.9915e+27_160.dat
         1       0.682624        3.98308        201.213        11.8762        10.4658        10.9477       -1873.59     /gpfs/hpu/EHT2/IHARM/SANE/SANE_a+0.94_288x128x128_IHARM/m_1_1_160/image_a+0.94_0606_163_0_230.e9_6.2e9_6.9915e+27_160.dat
         2       0.581479        3.88934        206.118        13.3352        11.6908        12.2588       -2051.09     /gpfs/hpu/EHT2/IHARM/SANE/SANE_a+0.94_288x128x128_IHARM/m_1_1_160/image_a+0.94_0612_163_0_230.e9_6.2e9_6.9915e+27_160.dat
         3       0.615979        4.12748         193.62        11.2249        10.8781        10.8962       -1853.43     /gpfs/hpu/EHT2/IHARM/SANE/SANE_a+0.94_288x128x128_IHARM/m_1_1_160/image_a+0.94_0618_163_0_230.e9_6.2e9_6.9915e+27_160.dat
         4       0.719229        4.42865        196.789        24.7113        10.0648        16.2623       -2516.65     /gpfs/hpu/EHT2/IHARM/SANE/SANE_a+0.94_288x128x128_IHARM/m_1_1_160/image_a+0.94_0624_163_0_230.e9_6.2e9_6.9915e+27_160.dat
         5       0.583546        4.09483        198.281        16.6223          8.602        11.9583        -1977.2     /gpfs/hpu/EHT2/IHARM/SANE/SANE_a+0.94_288x128x128_IHARM/m_1_1_160/image_a+0.94_0630_163_0_230.e9_6.2e9_6.9915e+27_160.dat
         6         0.8385        4.48149        187.127        41.5267        12.9149        25.1032       -3643.53     /gpfs/hpu/EHT2/IHARM/SANE/SANE_a+0.94_288x128x128_IHARM/m_1_1_160/image_a+0.94_0636_163_0_230.e9_6.2e9_6.9915e+27_160.dat
         7        1.05862        5.24388         198.49         32.627         12.269        20.9041       -3137.39     /gpfs/hpu/EHT2/IHARM/SANE/SANE_a+0.94_288x128x128_IHARM/m_1_1_160/image_a+0.94_0642_163_0_230.e9_6.2e9_6.9915e+27_160.dat
         8       0.946609        4.75109        175.871        18.3347        11.7158        14.4298       -2314.82     /gpfs/hpu/EHT2/IHARM/SANE/SANE_a+0.94_288x128x128_IHARM/m_1_1_160/image_a+0.94_0648_163_0_230.e9_6.2e9_6.9915e+27_160.dat
         9       0.808688           4.69        182.328        23.3366        11.4781        16.4556       -2552.27     /gpfs/hpu/EHT2/IHARM/SANE/SANE_a+0.94_288x128x128_IHARM/m_1_1_160/image_a+0.94_0654_163_0_230.e9_6.2e9_6.9915e+27_160.dat
        10        1.23495        4.82032        189.774        22.1904        11.0001        15.6951       -2542.49     /gpfs/hpu/EHT2/IHARM/SANE/SANE_a+0.94_288x128x128_IHARM/m_1_1_160/image_a+0.94_0660_163_0_230.e9_6.2e9_6.9915e+27_160.dat
        11       0.919319        4.49035        175.045         27.981        13.4075        19.5331       -2964.63     /gpfs/hpu/EHT2/IHARM/SANE/SANE_a+0.94_288x128x128_IHARM/m_1_1_160/image_a+0.94_0666_163_0_230.e9_6.2e9_6.9915e+27_160.dat
        12        0.88127        4.56847        174.905        29.5353        11.8565        19.3406       -2916.61     /gpfs/hpu/EHT2/IHARM/SANE/SANE_a+0.94_288x128x128_IHARM/m_1_1_160/image_a+0.94_0672_163_0_230.e9_6.2e9_6.9915e+27_160.dat
        13        1.99506        4.99196        139.101        20.7259        21.6786        21.0053       -3327.92     /gpfs/hpu/EHT2/IHARM/SANE/SANE_a+0.94_288x128x128_IHARM/m_1_1_160/image_a+0.94_0678_163_0_230.e9_6.2e9_6.9915e+27_160.dat
        14        1.15077        4.91482        191.071        24.2388        12.6405        17.4917       -2681.38     /gpfs/hpu/EHT2/IHARM/SANE/SANE_a+0.94_288x128x128_IHARM/m_1_1_160/image_a+0.94_0684_163_0_230.e9_6.2e9_6.9915e+27_160.dat
        15        1.44655        5.71139         201.27        16.4269        14.1458        14.9589       -2425.33     /gpfs/hpu/EHT2/IHARM/SANE/SANE_a+0.94_288x128x128_IHARM/m_1_1_160/image_a+0.94_0690_163_0_230.e9_6.2e9_6.9915e+27_160.dat
        16        1.63736        5.89574        203.273        18.2106        19.3081         18.601       -2918.72     /gpfs/hpu/EHT2/IHARM/SANE/SANE_a+0.94_288x128x128_IHARM/m_1_1_160/image_a+0.94_0696_163_0_230.e9_6.2e9_6.9915e+27_160.dat
        17        1.71164        5.39961        183.718        26.0056        24.2708        24.7257       -3658.53     /gpfs/hpu/EHT2/IHARM/SANE/SANE_a+0.94_288x128x128_IHARM/m_1_1_160/image_a+0.94_0702_163_0_230.e9_6.2e9_6.9915e+27_160.dat
        18        1.07493        4.70368        174.383        25.0713        10.9372        16.9031       -2633.97     /gpfs/hpu/EHT2/IHARM/SANE/SANE_a+0.94_288x128x128_IHARM/m_1_1_160/image_a+0.94_0708_163_0_230.e9_6.2e9_6.9915e+27_160.dat
        19       0.968478        4.59545        151.911        23.8588        14.1008        18.1403       -2790.16     /gpfs/hpu/EHT2/IHARM/SANE/SANE_a+0.94_288x128x128_IHARM/m_1_1_160/image_a+0.94_0714_163_0_230.e9_6.2e9_6.9915e+27_160.dat
        20       0.596919        4.47408        181.785        26.0559        10.7192        17.2066       -2582.54     /gpfs/hpu/EHT2/IHARM/SANE/SANE_a+0.94_288x128x128_IHARM/m_1_1_160/image_a+0.94_0720_163_0_230.e9_6.2e9_6.9915e+27_160.dat
        21        1.29001        4.48741        181.984        28.7548        14.7151        20.5946       -3144.68     /gpfs/hpu/EHT2/IHARM/SANE/SANE_a+0.94_288x128x128_IHARM/m_1_1_160/image_a+0.94_0726_163_0_230.e9_6.2e9_6.9915e+27_160.dat
        22        1.12922        4.30939        178.959        22.5517         14.308        17.6917       -2758.69     /gpfs/hpu/EHT2/IHARM/SANE/SANE_a+0.94_288x128x128_IHARM/m_1_1_160/image_a+0.94_0732_163_0_230.e9_6.2e9_6.9915e+27_160.dat
        23        1.56654        4.45986        163.146        26.8874        13.5468        19.1388       -3035.43     /gpfs/hpu/EHT2/IHARM/SANE/SANE_a+0.94_288x128x128_IHARM/m_1_1_160/image_a+0.94_0738_163_0_230.e9_6.2e9_6.9915e+27_160.dat
        24       0.901148        4.72196        137.379        25.2188        18.4252        21.1335       -3119.85     /gpfs/hpu/EHT2/IHARM/SANE/SANE_a+0.94_288x128x128_IHARM/m_1_1_160/image_a+0.94_0744_163_0_230.e9_6.2e9_6.9915e+27_160.dat
        25       0.853089         4.4798         160.13        24.7825        12.4043        17.5949       -2671.04     /gpfs/hpu/EHT2/IHARM/SANE/SANE_a+0.94_288x128x128_IHARM/m_1_1_160/image_a+0.94_0750_163_0_230.e9_6.2e9_6.9915e+27_160.dat
        26       0.926808        4.25363        188.112        31.3136        9.09341        18.5703       -2807.19     /gpfs/hpu/EHT2/IHARM/SANE/SANE_a+0.94_288x128x128_IHARM/m_1_1_160/image_a+0.94_0756_163_0_230.e9_6.2e9_6.9915e+27_160.dat
        27        1.15048        3.98549        187.951        15.0758        18.4025        16.7445       -2724.54     /gpfs/hpu/EHT2/IHARM/SANE/SANE_a+0.94_288x128x128_IHARM/m_1_1_160/image_a+0.94_0762_163_0_230.e9_6.2e9_6.9915e+27_160.dat
        28        1.26993        5.45261        200.298        22.8293        20.2129        21.0972       -3230.69     /gpfs/hpu/EHT2/IHARM/SANE/SANE_a+0.94_288x128x128_IHARM/m_1_1_160/image_a+0.94_0768_163_0_230.e9_6.2e9_6.9915e+27_160.dat
        29       0.656547        4.43271        189.471        28.5727        8.51975        17.0686       -2579.82     /gpfs/hpu/EHT2/IHARM/SANE/SANE_a+0.94_288x128x128_IHARM/m_1_1_160/image_a+0.94_0774_163_0_230.e9_6.2e9_6.9915e+27_160.dat
        30       0.667409        4.46062        178.623        31.1227        8.94303        18.4043       -2739.68     /gpfs/hpu/EHT2/IHARM/SANE/SANE_a+0.94_288x128x128_IHARM/m_1_1_160/image_a+0.94_0780_163_0_230.e9_6.2e9_6.9915e+27_160.dat
        31        1.37539        4.69252        175.862        28.3325        13.4389        19.7022       -3022.56     /gpfs/hpu/EHT2/IHARM/SANE/SANE_a+0.94_288x128x128_IHARM/m_1_1_160/image_a+0.94_0786_163_0_230.e9_6.2e9_6.9915e+27_160.dat
        32        1.87726        6.49379        158.723        18.8068         19.747        19.1025       -3047.33     /gpfs/hpu/EHT2/IHARM/SANE/SANE_a+0.94_288x128x128_IHARM/m_1_1_160/image_a+0.94_0792_163_0_230.e9_6.2e9_6.9915e+27_160.dat
        33        1.68572         5.8442        194.485         10.803        13.6844        12.2757       -2236.38     /gpfs/hpu/EHT2/IHARM/SANE/SANE_a+0.94_288x128x128_IHARM/m_1_1_160/image_a+0.94_0798_163_0_230.e9_6.2e9_6.9915e+27_160.dat
        34        1.23707        4.94243        192.747        29.0252        14.6933        20.6991       -3162.51     /gpfs/hpu/EHT2/IHARM/SANE/SANE_a+0.94_288x128x128_IHARM/m_1_1_160/image_a+0.94_0804_163_0_230.e9_6.2e9_6.9915e+27_160.dat
        35       0.830475        4.34773        193.505        34.4943        11.7217        21.4052       -3187.84     /gpfs/hpu/EHT2/IHARM/SANE/SANE_a+0.94_288x128x128_IHARM/m_1_1_160/image_a+0.94_0810_163_0_230.e9_6.2e9_6.9915e+27_160.dat
        36        1.03958        4.57355        198.146        28.2549        11.8969        18.8107       -2920.15     /gpfs/hpu/EHT2/IHARM/SANE/SANE_a+0.94_288x128x128_IHARM/m_1_1_160/image_a+0.94_0816_163_0_230.e9_6.2e9_6.9915e+27_160.dat
        37       0.965411        4.46036        191.526        18.9573        9.15969        13.2761       -2208.08     /gpfs/hpu/EHT2/IHARM/SANE/SANE_a+0.94_288x128x128_IHARM/m_1_1_160/image_a+0.94_0822_163_0_230.e9_6.2e9_6.9915e+27_160.dat
        38       0.750332        4.36288        199.236        41.7432        19.7361        28.9924       -4101.79     /gpfs/hpu/EHT2/IHARM/SANE/SANE_a+0.94_288x128x128_IHARM/m_1_1_160/image_a+0.94_0828_163_0_230.e9_6.2e9_6.9915e+27_160.dat
        39       0.813049          4.285        186.856        38.7691        9.50878        22.0182       -3249.23     /gpfs/hpu/EHT2/IHARM/SANE/SANE_a+0.94_288x128x128_IHARM/m_1_1_160/image_a+0.94_0834_163_0_230.e9_6.2e9_6.9915e+27_160.dat
        40       0.774454        4.28234         191.36        13.9568         9.6638        11.3991       -1914.91     /gpfs/hpu/EHT2/IHARM/SANE/SANE_a+0.94_288x128x128_IHARM/m_1_1_160/image_a+0.94_0840_163_0_230.e9_6.2e9_6.9915e+27_160.dat
        41       0.964076        4.60886        187.809        23.5192        10.4391        15.9562       -2536.08     /gpfs/hpu/EHT2/IHARM/SANE/SANE_a+0.94_288x128x128_IHARM/m_1_1_160/image_a+0.94_0846_163_0_230.e9_6.2e9_6.9915e+27_160.dat
        42        1.29918        4.36747        195.301        25.5588        11.8455        17.6188       -2875.01     /gpfs/hpu/EHT2/IHARM/SANE/SANE_a+0.94_288x128x128_IHARM/m_1_1_160/image_a+0.94_0852_163_0_230.e9_6.2e9_6.9915e+27_160.dat
        43       0.979531        4.01589         185.45        19.4667         15.631        17.0968       -2686.86     /gpfs/hpu/EHT2/IHARM/SANE/SANE_a+0.94_288x128x128_IHARM/m_1_1_160/image_a+0.94_0858_163_0_230.e9_6.2e9_6.9915e+27_160.dat
        44         1.1909        4.77775        198.216        33.6398        11.2342        20.7652       -3174.57     /gpfs/hpu/EHT2/IHARM/SANE/SANE_a+0.94_288x128x128_IHARM/m_1_1_160/image_a+0.94_0864_163_0_230.e9_6.2e9_6.9915e+27_160.dat
        45         1.0983        4.63492        192.988        32.0234         9.3171        19.0011       -2942.37     /gpfs/hpu/EHT2/IHARM/SANE/SANE_a+0.94_288x128x128_IHARM/m_1_1_160/image_a+0.94_0870_163_0_230.e9_6.2e9_6.9915e+27_160.dat
        46        1.17206        4.75868        193.649        17.1263        9.79616        12.8403       -2183.05     /gpfs/hpu/EHT2/IHARM/SANE/SANE_a+0.94_288x128x128_IHARM/m_1_1_160/image_a+0.94_0876_163_0_230.e9_6.2e9_6.9915e+27_160.dat
        47       0.693146         4.0512        191.773        18.7749        9.63591        13.4624       -2174.67     /gpfs/hpu/EHT2/IHARM/SANE/SANE_a+0.94_288x128x128_IHARM/m_1_1_160/image_a+0.94_0882_163_0_230.e9_6.2e9_6.9915e+27_160.dat
        48        0.77119        4.19881        192.612        23.6534        8.70713        15.0504       -2383.51     /gpfs/hpu/EHT2/IHARM/SANE/SANE_a+0.94_288x128x128_IHARM/m_1_1_160/image_a+0.94_0888_163_0_230.e9_6.2e9_6.9915e+27_160.dat
        49       0.838997        4.15591        205.573        26.6642        10.8129        17.5212       -2718.54     /gpfs/hpu/EHT2/IHARM/SANE/SANE_a+0.94_288x128x128_IHARM/m_1_1_160/image_a+0.94_0894_163_0_230.e9_6.2e9_6.9915e+27_160.dat
        50        1.14912        4.81301        195.983        25.8401        11.8475        17.7413       -2809.01     /gpfs/hpu/EHT2/IHARM/SANE/SANE_a+0.94_288x128x128_IHARM/m_1_1_160/image_a+0.94_0900_163_0_230.e9_6.2e9_6.9915e+27_160.dat
        51       0.897106        3.93482          186.9        18.5636        10.2231         13.698       -2269.26     /gpfs/hpu/EHT2/IHARM/SANE/SANE_a+0.94_288x128x128_IHARM/m_1_1_160/image_a+0.94_0906_163_0_230.e9_6.2e9_6.9915e+27_160.dat
        52        1.15644        4.21084        193.943        35.1711        9.96351        20.7188       -3226.58     /gpfs/hpu/EHT2/IHARM/SANE/SANE_a+0.94_288x128x128_IHARM/m_1_1_160/image_a+0.94_0912_163_0_230.e9_6.2e9_6.9915e+27_160.dat
        53        1.12435        4.16084          192.6        27.9325        11.9358        18.6932        -3109.9     /gpfs/hpu/EHT2/IHARM/SANE/SANE_a+0.94_288x128x128_IHARM/m_1_1_160/image_a+0.94_0918_163_0_230.e9_6.2e9_6.9915e+27_160.dat
        54        1.09141        4.27305        193.013        27.4133        10.6768        17.7686       -2843.42     /gpfs/hpu/EHT2/IHARM/SANE/SANE_a+0.94_288x128x128_IHARM/m_1_1_160/image_a+0.94_0924_163_0_230.e9_6.2e9_6.9915e+27_160.dat
        55        0.87976        4.16908        195.839        28.7555        10.1105        18.0326       -2798.71     /gpfs/hpu/EHT2/IHARM/SANE/SANE_a+0.94_288x128x128_IHARM/m_1_1_160/image_a+0.94_0930_163_0_230.e9_6.2e9_6.9915e+27_160.dat
        56       0.854611        4.10319        191.723        24.4153        8.80981        15.4363       -2469.66     /gpfs/hpu/EHT2/IHARM/SANE/SANE_a+0.94_288x128x128_IHARM/m_1_1_160/image_a+0.94_0936_163_0_230.e9_6.2e9_6.9915e+27_160.dat
        57       0.816556        4.21617        199.988        29.6825        21.9908        25.0434       -3785.75     /gpfs/hpu/EHT2/IHARM/SANE/SANE_a+0.94_288x128x128_IHARM/m_1_1_160/image_a+0.94_0942_163_0_230.e9_6.2e9_6.9915e+27_160.dat
        58        1.06204        4.13995        199.677         19.805        11.4733        14.9292       -2502.42     /gpfs/hpu/EHT2/IHARM/SANE/SANE_a+0.94_288x128x128_IHARM/m_1_1_160/image_a+0.94_0948_163_0_230.e9_6.2e9_6.9915e+27_160.dat
        59        1.04833        4.13355        193.365        19.5319        10.2296        14.1194       -2397.97     /gpfs/hpu/EHT2/IHARM/SANE/SANE_a+0.94_288x128x128_IHARM/m_1_1_160/image_a+0.94_0954_163_0_230.e9_6.2e9_6.9915e+27_160.dat
        60        1.42183        4.26134        198.055        29.0316        15.7643        21.2978       -3419.61     /gpfs/hpu/EHT2/IHARM/SANE/SANE_a+0.94_288x128x128_IHARM/m_1_1_160/image_a+0.94_0960_163_0_230.e9_6.2e9_6.9915e+27_160.dat
        61        1.14946        4.27474        188.482        24.0842        8.47514        15.1072       -2493.71     /gpfs/hpu/EHT2/IHARM/SANE/SANE_a+0.94_288x128x128_IHARM/m_1_1_160/image_a+0.94_0966_163_0_230.e9_6.2e9_6.9915e+27_160.dat
        62        1.12772        4.02753         200.13        24.8271        9.29702         15.885       -2626.13     /gpfs/hpu/EHT2/IHARM/SANE/SANE_a+0.94_288x128x128_IHARM/m_1_1_160/image_a+0.94_0972_163_0_230.e9_6.2e9_6.9915e+27_160.dat
        63        1.32803        5.13328        194.257        24.9338        13.1488        18.0744       -2943.85     /gpfs/hpu/EHT2/IHARM/SANE/SANE_a+0.94_288x128x128_IHARM/m_1_1_160/image_a+0.94_0978_163_0_230.e9_6.2e9_6.9915e+27_160.dat
        64        1.18487        4.56378        196.231        23.0434        9.76841        15.3777       -2714.27     /gpfs/hpu/EHT2/IHARM/SANE/SANE_a+0.94_288x128x128_IHARM/m_1_1_160/image_a+0.94_0984_163_0_230.e9_6.2e9_6.9915e+27_160.dat
        65        1.64324        4.89445        188.406        29.4621        13.9126        20.4532       -3358.66     /gpfs/hpu/EHT2/IHARM/SANE/SANE_a+0.94_288x128x128_IHARM/m_1_1_160/image_a+0.94_0990_163_0_230.e9_6.2e9_6.9915e+27_160.dat
        66        1.09177        4.44476        195.417        24.1255        10.1704        16.0684       -2637.14     /gpfs/hpu/EHT2/IHARM/SANE/SANE_a+0.94_288x128x128_IHARM/m_1_1_160/image_a+0.94_0996_163_0_230.e9_6.2e9_6.9915e+27_160.dat
        67        1.47745        4.52503        200.567        22.0182        15.4694        18.1078        -2962.3     /gpfs/hpu/EHT2/IHARM/SANE/SANE_a+0.94_288x128x128_IHARM/m_1_1_160/image_a+0.94_1002_163_0_230.e9_6.2e9_6.9915e+27_160.dat
        68        1.24186        4.41333        194.815        25.7029        11.1228        17.2789       -2854.13     /gpfs/hpu/EHT2/IHARM/SANE/SANE_a+0.94_288x128x128_IHARM/m_1_1_160/image_a+0.94_1008_163_0_230.e9_6.2e9_6.9915e+27_160.dat
        69       0.929063        4.02938        194.595        25.8252        17.3033        20.7708       -3170.97     /gpfs/hpu/EHT2/IHARM/SANE/SANE_a+0.94_288x128x128_IHARM/m_1_1_160/image_a+0.94_1014_163_0_230.e9_6.2e9_6.9915e+27_160.dat
        70        1.37743        5.36258        196.066        42.4906        17.9763        28.3356       -4337.69     /gpfs/hpu/EHT2/IHARM/SANE/SANE_a+0.94_288x128x128_IHARM/m_1_1_160/image_a+0.94_1020_163_0_230.e9_6.2e9_6.9915e+27_160.dat
        71        1.11379        4.66819        195.712        34.3004        10.9285        20.8802       -3206.76     /gpfs/hpu/EHT2/IHARM/SANE/SANE_a+0.94_288x128x128_IHARM/m_1_1_160/image_a+0.94_1026_163_0_230.e9_6.2e9_6.9915e+27_160.dat
        72       0.956585        4.56516        196.923        38.6676        8.92781        21.6511       -3259.34     /gpfs/hpu/EHT2/IHARM/SANE/SANE_a+0.94_288x128x128_IHARM/m_1_1_160/image_a+0.94_1032_163_0_230.e9_6.2e9_6.9915e+27_160.dat
        73        1.12142        4.73201        191.329        29.9475             23        25.7193       -4125.78     /gpfs/hpu/EHT2/IHARM/SANE/SANE_a+0.94_288x128x128_IHARM/m_1_1_160/image_a+0.94_1038_163_0_230.e9_6.2e9_6.9915e+27_160.dat
        74        1.12095         4.7439        188.227        27.1118        10.6382        17.6171       -2885.99     /gpfs/hpu/EHT2/IHARM/SANE/SANE_a+0.94_288x128x128_IHARM/m_1_1_160/image_a+0.94_1044_163_0_230.e9_6.2e9_6.9915e+27_160.dat
        75       0.862508        4.64841        193.686        21.7289         9.8907        14.8787       -2414.57     /gpfs/hpu/EHT2/IHARM/SANE/SANE_a+0.94_288x128x128_IHARM/m_1_1_160/image_a+0.94_1050_163_0_230.e9_6.2e9_6.9915e+27_160.dat
        76        1.07464         4.7687        194.508        23.5455        10.0956        15.7765       -2635.28     /gpfs/hpu/EHT2/IHARM/SANE/SANE_a+0.94_288x128x128_IHARM/m_1_1_160/image_a+0.94_1056_163_0_230.e9_6.2e9_6.9915e+27_160.dat
        77       0.983102        4.64314        191.979        26.0458        10.9769        17.3457       -2794.49     /gpfs/hpu/EHT2/IHARM/SANE/SANE_a+0.94_288x128x128_IHARM/m_1_1_160/image_a+0.94_1062_163_0_230.e9_6.2e9_6.9915e+27_160.dat
        78       0.997355        4.30525          188.1        24.4869        10.8282        16.5903       -2704.55     /gpfs/hpu/EHT2/IHARM/SANE/SANE_a+0.94_288x128x128_IHARM/m_1_1_160/image_a+0.94_1068_163_0_230.e9_6.2e9_6.9915e+27_160.dat
        79       0.871884        4.18869        189.746        24.3465        10.8048        16.5167        -2699.2     /gpfs/hpu/EHT2/IHARM/SANE/SANE_a+0.94_288x128x128_IHARM/m_1_1_160/image_a+0.94_1074_163_0_230.e9_6.2e9_6.9915e+27_160.dat
        80       0.841821         4.0357        197.223        23.2609        12.2584        16.8571       -2758.48     /gpfs/hpu/EHT2/IHARM/SANE/SANE_a+0.94_288x128x128_IHARM/m_1_1_160/image_a+0.94_1080_163_0_230.e9_6.2e9_6.9915e+27_160.dat
        81       0.725676        4.11261        194.169        23.4856        9.93391        15.6606        -2587.7     /gpfs/hpu/EHT2/IHARM/SANE/SANE_a+0.94_288x128x128_IHARM/m_1_1_160/image_a+0.94_1086_163_0_230.e9_6.2e9_6.9915e+27_160.dat
        82       0.670064        4.04941         192.77        21.9251        11.1227        15.6489       -2596.44     /gpfs/hpu/EHT2/IHARM/SANE/SANE_a+0.94_288x128x128_IHARM/m_1_1_160/image_a+0.94_1092_163_0_230.e9_6.2e9_6.9915e+27_160.dat
        83       0.677586        4.06142        198.177        27.1467        10.9505        17.8059       -2846.97     /gpfs/hpu/EHT2/IHARM/SANE/SANE_a+0.94_288x128x128_IHARM/m_1_1_160/image_a+0.94_1098_163_0_230.e9_6.2e9_6.9915e+27_160.dat
        84       0.757982        4.07597        190.591         23.811        10.9435        16.3628       -2665.12     /gpfs/hpu/EHT2/IHARM/SANE/SANE_a+0.94_288x128x128_IHARM/m_1_1_160/image_a+0.94_1104_163_0_230.e9_6.2e9_6.9915e+27_160.dat
        85       0.634586         4.0321        196.374         23.031        12.0882        16.6632       -2688.58     /gpfs/hpu/EHT2/IHARM/SANE/SANE_a+0.94_288x128x128_IHARM/m_1_1_160/image_a+0.94_1110_163_0_230.e9_6.2e9_6.9915e+27_160.dat
        86        0.75548        3.81852        185.319        21.6094        11.2257        15.5699       -2594.21     /gpfs/hpu/EHT2/IHARM/SANE/SANE_a+0.94_288x128x128_IHARM/m_1_1_160/image_a+0.94_1116_163_0_230.e9_6.2e9_6.9915e+27_160.dat
        87       0.473629        4.01133        197.693        36.4247        34.7429        35.0482       -4862.62     /gpfs/hpu/EHT2/IHARM/SANE/SANE_a+0.94_288x128x128_IHARM/m_1_1_160/image_a+0.94_1122_163_0_230.e9_6.2e9_6.9915e+27_160.dat
        88       0.842566         5.0482        194.305        44.5658        19.6811        30.1795       -4468.06     /gpfs/hpu/EHT2/IHARM/SANE/SANE_a+0.94_288x128x128_IHARM/m_1_1_160/image_a+0.94_1128_163_0_230.e9_6.2e9_6.9915e+27_160.dat
        89       0.873172        4.82057         195.01        40.9794        17.5475         27.445       -4105.56     /gpfs/hpu/EHT2/IHARM/SANE/SANE_a+0.94_288x128x128_IHARM/m_1_1_160/image_a+0.94_1134_163_0_230.e9_6.2e9_6.9915e+27_160.dat
        90       0.800535        5.06018        182.497        32.4017        11.4181        20.3334       -3164.68     /gpfs/hpu/EHT2/IHARM/SANE/SANE_a+0.94_288x128x128_IHARM/m_1_1_160/image_a+0.94_1140_163_0_230.e9_6.2e9_6.9915e+27_160.dat
        91        1.61855        8.01942        174.688        68.7642        27.2748        44.8455       -6193.05     /gpfs/hpu/EHT2/IHARM/SANE/SANE_a+0.94_288x128x128_IHARM/m_1_1_160/image_a+0.94_1146_163_0_230.e9_6.2e9_6.9915e+27_160.dat
        92       0.836005        5.78146        186.949        36.8637        23.9932         29.256       -4453.03     /gpfs/hpu/EHT2/IHARM/SANE/SANE_a+0.94_288x128x128_IHARM/m_1_1_160/image_a+0.94_1152_163_0_230.e9_6.2e9_6.9915e+27_160.dat
        93       0.864977        4.76205        184.559        38.8357         12.333        23.6184       -3549.97     /gpfs/hpu/EHT2/IHARM/SANE/SANE_a+0.94_288x128x128_IHARM/m_1_1_160/image_a+0.94_1158_163_0_230.e9_6.2e9_6.9915e+27_160.dat
        94       0.668401        4.11606        176.126        45.9552        14.1555        27.7043       -3991.44     /gpfs/hpu/EHT2/IHARM/SANE/SANE_a+0.94_288x128x128_IHARM/m_1_1_160/image_a+0.94_1164_163_0_230.e9_6.2e9_6.9915e+27_160.dat
        95       0.940452        4.89193        186.229        37.0196        13.2106        23.3232       -3526.58     /gpfs/hpu/EHT2/IHARM/SANE/SANE_a+0.94_288x128x128_IHARM/m_1_1_160/image_a+0.94_1170_163_0_230.e9_6.2e9_6.9915e+27_160.dat
        96       0.729727          4.366        176.325        21.5271        7.96712        13.7212       -2282.97     /gpfs/hpu/EHT2/IHARM/SANE/SANE_a+0.94_288x128x128_IHARM/m_1_1_160/image_a+0.94_1176_163_0_230.e9_6.2e9_6.9915e+27_160.dat
        97       0.784482        4.71151         178.37         31.963         11.586        20.2376       -3091.12     /gpfs/hpu/EHT2/IHARM/SANE/SANE_a+0.94_288x128x128_IHARM/m_1_1_160/image_a+0.94_1182_163_0_230.e9_6.2e9_6.9915e+27_160.dat
        98       0.734921        4.57371        179.992        28.0755         12.877        19.2786       -2925.79     /gpfs/hpu/EHT2/IHARM/SANE/SANE_a+0.94_288x128x128_IHARM/m_1_1_160/image_a+0.94_1188_163_0_230.e9_6.2e9_6.9915e+27_160.dat
        99       0.543712         4.2006        165.378        17.7666        15.2762        16.1659       -2502.75     /gpfs/hpu/EHT2/IHARM/SANE/SANE_a+0.94_288x128x128_IHARM/m_1_1_160/image_a+0.94_1194_163_0_230.e9_6.2e9_6.9915e+27_160.dat
