   # Index         I (Jy)      M/D (uas)       PA (deg)  VA red. chisq  CP red. chisq     red. chisq     log-liklhd     FileName
         0       0.465977        2.12729        109.766        9.88602        6.90813        8.10938       -1414.83     /gpfs/hpu/EHT2020/sc_4/Sa00/m_1_1_1/image_Sa0_1000_163_0_230.e9_6.2e9_1.72222e+28_1_4.dat
         1       0.424899        2.28024        219.091        7.18967        8.88884         8.0482       -1433.24     /gpfs/hpu/EHT2020/sc_4/Sa00/m_1_1_1/image_Sa0_1010_163_0_230.e9_6.2e9_1.72222e+28_1_4.dat
         2       0.427621        2.08117        177.541        14.5218        10.5498        12.1359       -1966.22     /gpfs/hpu/EHT2020/sc_4/Sa00/m_1_1_1/image_Sa0_1020_163_0_230.e9_6.2e9_1.72222e+28_1_4.dat
         3       0.482627        2.02014        105.783        14.4454        12.1691         13.004       -2092.27     /gpfs/hpu/EHT2020/sc_4/Sa00/m_1_1_1/image_Sa0_1030_163_0_230.e9_6.2e9_1.72222e+28_1_4.dat
         4       0.535777        2.12782       -231.117        10.1073        13.2005        11.7063       -1986.41     /gpfs/hpu/EHT2020/sc_4/Sa00/m_1_1_1/image_Sa0_1040_163_0_230.e9_6.2e9_1.72222e+28_1_4.dat
         5       0.556424        2.16522       -164.992        17.1698        9.00398        12.4182       -2016.79     /gpfs/hpu/EHT2020/sc_4/Sa00/m_1_1_1/image_Sa0_1050_163_0_230.e9_6.2e9_1.72222e+28_1_4.dat
         6        0.40187        2.12404        -207.13        13.7337        6.36589        9.46775       -1562.54     /gpfs/hpu/EHT2020/sc_4/Sa00/m_1_1_1/image_Sa0_1060_163_0_230.e9_6.2e9_1.72222e+28_1_4.dat
         7       0.526313        2.15989       -245.414        23.8803        16.9222        19.7196       -2945.76     /gpfs/hpu/EHT2020/sc_4/Sa00/m_1_1_1/image_Sa0_1070_163_0_230.e9_6.2e9_1.72222e+28_1_4.dat
         8       0.570414        2.15533       -177.018          29.27         9.2294        17.7643       -2720.05     /gpfs/hpu/EHT2020/sc_4/Sa00/m_1_1_1/image_Sa0_1080_163_0_230.e9_6.2e9_1.72222e+28_1_4.dat
         9       0.405768        2.20823       -277.231         9.7824        8.95291        9.20249       -1533.35     /gpfs/hpu/EHT2020/sc_4/Sa00/m_1_1_1/image_Sa0_1090_163_0_230.e9_6.2e9_1.72222e+28_1_4.dat
        10        0.70599        2.00284       -230.425        9.10369        6.09746        7.32075       -1467.45     /gpfs/hpu/EHT2020/sc_4/Sa00/m_1_1_1/image_Sa0_1100_163_0_230.e9_6.2e9_1.72222e+28_1_4.dat
        11       0.455843        2.17671        -265.82        25.5508        23.5934        24.1526       -3387.34     /gpfs/hpu/EHT2020/sc_4/Sa00/m_1_1_1/image_Sa0_1110_163_0_230.e9_6.2e9_1.72222e+28_1_4.dat
        12       0.440523        2.06902       -190.292        18.2554        6.12256        11.2832       -1787.05     /gpfs/hpu/EHT2020/sc_4/Sa00/m_1_1_1/image_Sa0_1120_163_0_230.e9_6.2e9_1.72222e+28_1_4.dat
        13       0.414309        2.01711       -229.451        7.89053        9.28197        8.56935       -1502.26     /gpfs/hpu/EHT2020/sc_4/Sa00/m_1_1_1/image_Sa0_1130_163_0_230.e9_6.2e9_1.72222e+28_1_4.dat
        14        0.57724        2.20084       -243.644        14.0324        15.3948        14.6208       -2297.01     /gpfs/hpu/EHT2020/sc_4/Sa00/m_1_1_1/image_Sa0_1140_163_0_230.e9_6.2e9_1.72222e+28_1_4.dat
        15       0.526177        2.33683       -204.229        27.8513        11.9046        18.6408       -2786.24     /gpfs/hpu/EHT2020/sc_4/Sa00/m_1_1_1/image_Sa0_1150_163_0_230.e9_6.2e9_1.72222e+28_1_4.dat
        16       0.460777        2.08292       -205.232        25.5507        9.76264        16.4563       -2475.69     /gpfs/hpu/EHT2020/sc_4/Sa00/m_1_1_1/image_Sa0_1160_163_0_230.e9_6.2e9_1.72222e+28_1_4.dat
        17       0.447741        2.14571       -291.892         2.4854        6.92551        4.92604       -1030.21     /gpfs/hpu/EHT2020/sc_4/Sa00/m_1_1_1/image_Sa0_1170_163_0_230.e9_6.2e9_1.72222e+28_1_4.dat
        18        0.56735        2.12014       -290.868        23.1822        12.4131        16.9093       -2557.46     /gpfs/hpu/EHT2020/sc_4/Sa00/m_1_1_1/image_Sa0_1180_163_0_230.e9_6.2e9_1.72222e+28_1_4.dat
        19        0.66111        2.25817       -200.268        9.16367        7.84665        8.31996       -1531.28     /gpfs/hpu/EHT2020/sc_4/Sa00/m_1_1_1/image_Sa0_1190_163_0_230.e9_6.2e9_1.72222e+28_1_4.dat
        20       0.524289        2.11925       -175.869         20.617        8.59676        13.6789       -2191.46     /gpfs/hpu/EHT2020/sc_4/Sa00/m_1_1_1/image_Sa0_1200_163_0_230.e9_6.2e9_1.72222e+28_1_4.dat
        21       0.367587        2.04608       -234.622        10.2847        4.73312        7.07111       -1256.23     /gpfs/hpu/EHT2020/sc_4/Sa00/m_1_1_1/image_Sa0_1210_163_0_230.e9_6.2e9_1.72222e+28_1_4.dat
        22       0.484765        2.31779       -235.461        3.69752        15.6196        10.2868       -1671.67     /gpfs/hpu/EHT2020/sc_4/Sa00/m_1_1_1/image_Sa0_1220_163_0_230.e9_6.2e9_1.72222e+28_1_4.dat
        23       0.655461        2.52583       -166.727        34.1094        10.4326        20.5218       -3018.43     /gpfs/hpu/EHT2020/sc_4/Sa00/m_1_1_1/image_Sa0_1230_163_0_230.e9_6.2e9_1.72222e+28_1_4.dat
        24       0.770352         2.1076        -175.45        17.6202        16.1395        16.5831       -2677.91     /gpfs/hpu/EHT2020/sc_4/Sa00/m_1_1_1/image_Sa0_1240_163_0_230.e9_6.2e9_1.72222e+28_1_4.dat
        25       0.659522        2.11213       -251.798        16.1955         12.547        13.9694        -2237.4     /gpfs/hpu/EHT2020/sc_4/Sa00/m_1_1_1/image_Sa0_1250_163_0_230.e9_6.2e9_1.72222e+28_1_4.dat
        26       0.803078        2.53659       -164.295        23.0522        9.79001        15.3936       -2424.88     /gpfs/hpu/EHT2020/sc_4/Sa00/m_1_1_1/image_Sa0_1260_163_0_230.e9_6.2e9_1.72222e+28_1_4.dat
        27        0.36577        2.31539       -235.033        15.8991        10.8084        12.8741       -1998.04     /gpfs/hpu/EHT2020/sc_4/Sa00/m_1_1_1/image_Sa0_1270_163_0_230.e9_6.2e9_1.72222e+28_1_4.dat
        28       0.690668        2.24685       -165.948        11.2809        7.62156        9.10818       -1695.82     /gpfs/hpu/EHT2020/sc_4/Sa00/m_1_1_1/image_Sa0_1280_163_0_230.e9_6.2e9_1.72222e+28_1_4.dat
        29        0.55661        2.36353       -251.075        7.21228        19.9397        14.2072       -2274.76     /gpfs/hpu/EHT2020/sc_4/Sa00/m_1_1_1/image_Sa0_1290_163_0_230.e9_6.2e9_1.72222e+28_1_4.dat
        30       0.721541        2.39052        -308.36        14.8979        35.6015        26.2382       -3702.71     /gpfs/hpu/EHT2020/sc_4/Sa00/m_1_1_1/image_Sa0_1300_163_0_230.e9_6.2e9_1.72222e+28_1_4.dat
        31       0.521032        2.18225       -268.566        13.1764        16.0334        14.6067        -2251.1     /gpfs/hpu/EHT2020/sc_4/Sa00/m_1_1_1/image_Sa0_1310_163_0_230.e9_6.2e9_1.72222e+28_1_4.dat
        32       0.557477        2.43134        -253.79        13.8237        16.1375         14.944       -2257.79     /gpfs/hpu/EHT2020/sc_4/Sa00/m_1_1_1/image_Sa0_1320_163_0_230.e9_6.2e9_1.72222e+28_1_4.dat
        33        2.10757        6.00179       -200.588        26.4608        33.0885        29.8287       -4256.44     /gpfs/hpu/EHT2020/sc_4/Sa00/m_1_1_1/image_Sa0_1330_163_0_230.e9_6.2e9_1.72222e+28_1_4.dat
        34       0.422002        2.18764       -222.588        20.1698        13.1494        16.0193       -2384.44     /gpfs/hpu/EHT2020/sc_4/Sa00/m_1_1_1/image_Sa0_1340_163_0_230.e9_6.2e9_1.72222e+28_1_4.dat
        35       0.484711        2.16513       -262.153        10.0089        10.7574        10.3044       -1732.37     /gpfs/hpu/EHT2020/sc_4/Sa00/m_1_1_1/image_Sa0_1350_163_0_230.e9_6.2e9_1.72222e+28_1_4.dat
        36       0.649874        2.32883       -177.978        13.9563        8.67969        10.8513       -1870.78     /gpfs/hpu/EHT2020/sc_4/Sa00/m_1_1_1/image_Sa0_1360_163_0_230.e9_6.2e9_1.72222e+28_1_4.dat
        37       0.971094        2.35029       -285.101         6.2618        19.0827        13.3203       -2162.81     /gpfs/hpu/EHT2020/sc_4/Sa00/m_1_1_1/image_Sa0_1370_163_0_230.e9_6.2e9_1.72222e+28_1_4.dat
        38       0.552703        2.09128       -188.668        20.8293        7.62782        13.2313       -2173.28     /gpfs/hpu/EHT2020/sc_4/Sa00/m_1_1_1/image_Sa0_1380_163_0_230.e9_6.2e9_1.72222e+28_1_4.dat
        39       0.450972        2.23092        -273.49        11.2483        17.1421        14.3918       -2194.28     /gpfs/hpu/EHT2020/sc_4/Sa00/m_1_1_1/image_Sa0_1390_163_0_230.e9_6.2e9_1.72222e+28_1_4.dat
        40       0.662628          2.477       -179.457        30.5485        12.1108        19.9192       -2985.17     /gpfs/hpu/EHT2020/sc_4/Sa00/m_1_1_1/image_Sa0_1400_163_0_230.e9_6.2e9_1.72222e+28_1_4.dat
        41       0.385318        2.23814       -257.071        11.8279        9.79381         10.553        -1734.5     /gpfs/hpu/EHT2020/sc_4/Sa00/m_1_1_1/image_Sa0_1410_163_0_230.e9_6.2e9_1.72222e+28_1_4.dat
        42       0.399993        2.13144       -228.097        11.0397        7.60747        8.99627       -1519.27     /gpfs/hpu/EHT2020/sc_4/Sa00/m_1_1_1/image_Sa0_1420_163_0_230.e9_6.2e9_1.72222e+28_1_4.dat
        43       0.396633        2.21924       -148.211        17.8709        8.20257        12.2748       -1951.71     /gpfs/hpu/EHT2020/sc_4/Sa00/m_1_1_1/image_Sa0_1430_163_0_230.e9_6.2e9_1.72222e+28_1_4.dat
        44       0.621584        2.25288       -258.077        18.9923        27.3535        23.4152       -3402.53     /gpfs/hpu/EHT2020/sc_4/Sa00/m_1_1_1/image_Sa0_1440_163_0_230.e9_6.2e9_1.72222e+28_1_4.dat
        45       0.399614        2.33991       -167.291        33.0532        12.0827        20.9843       -3037.94     /gpfs/hpu/EHT2020/sc_4/Sa00/m_1_1_1/image_Sa0_1450_163_0_230.e9_6.2e9_1.72222e+28_1_4.dat
        46       0.722693        2.21411       -161.945        33.7826        15.6782        23.2997       -3487.44     /gpfs/hpu/EHT2020/sc_4/Sa00/m_1_1_1/image_Sa0_1460_163_0_230.e9_6.2e9_1.72222e+28_1_4.dat
        47        0.54768        2.61264       -204.188         35.819        19.1423         26.106        -3720.7     /gpfs/hpu/EHT2020/sc_4/Sa00/m_1_1_1/image_Sa0_1470_163_0_230.e9_6.2e9_1.72222e+28_1_4.dat
        48       0.376056        2.08094       -203.816        22.4564        17.9171        19.6589        -3387.2     /gpfs/hpu/EHT2020/sc_4/Sa00/m_1_1_1/image_Sa0_1480_163_0_230.e9_6.2e9_1.72222e+28_1_4.dat
        49       0.736209        2.87969       -166.267        35.2555        18.5453        25.5306       -3670.51     /gpfs/hpu/EHT2020/sc_4/Sa00/m_1_1_1/image_Sa0_1490_163_0_230.e9_6.2e9_1.72222e+28_1_4.dat
        50       0.368222        2.23279       -274.664        11.2858        24.9651        18.7611        -2746.6     /gpfs/hpu/EHT2020/sc_4/Sa00/m_1_1_1/image_Sa0_1500_163_0_230.e9_6.2e9_1.72222e+28_1_4.dat
        51       0.405195        2.33965       -185.709        13.6876        10.9575        12.0029       -1905.78     /gpfs/hpu/EHT2020/sc_4/Sa00/m_1_1_1/image_Sa0_1510_163_0_230.e9_6.2e9_1.72222e+28_1_4.dat
        52       0.628204        2.37298       -147.848        19.4308        29.9561        25.0526       -3813.56     /gpfs/hpu/EHT2020/sc_4/Sa00/m_1_1_1/image_Sa0_1520_163_0_230.e9_6.2e9_1.72222e+28_1_4.dat
        53       0.584195         2.4121       -187.946        40.6922        13.9953        25.3444          -3672     /gpfs/hpu/EHT2020/sc_4/Sa00/m_1_1_1/image_Sa0_1530_163_0_230.e9_6.2e9_1.72222e+28_1_4.dat
        54       0.515869        2.23607       -149.929        20.4202        17.1326        18.3438       -2780.85     /gpfs/hpu/EHT2020/sc_4/Sa00/m_1_1_1/image_Sa0_1540_163_0_230.e9_6.2e9_1.72222e+28_1_4.dat
        55       0.689535        2.76173       -182.231        31.6792        15.1577        22.1026        -3281.2     /gpfs/hpu/EHT2020/sc_4/Sa00/m_1_1_1/image_Sa0_1550_163_0_230.e9_6.2e9_1.72222e+28_1_4.dat
        56       0.584846        2.36549        -163.11        23.3766        15.6636        18.8019        -2953.1     /gpfs/hpu/EHT2020/sc_4/Sa00/m_1_1_1/image_Sa0_1560_163_0_230.e9_6.2e9_1.72222e+28_1_4.dat
        57       0.684381         2.7539       -193.316        35.8273        18.5638        25.7876       -3853.22     /gpfs/hpu/EHT2020/sc_4/Sa00/m_1_1_1/image_Sa0_1570_163_0_230.e9_6.2e9_1.72222e+28_1_4.dat
        58       0.396914        2.14907        67.0731        12.8806        7.13226        9.52613       -1594.11     /gpfs/hpu/EHT2020/sc_4/Sa00/m_1_1_1/image_Sa0_1580_163_0_230.e9_6.2e9_1.72222e+28_1_4.dat
        59       0.447316        2.04734        139.128        16.1021         11.402         13.292       -2112.35     /gpfs/hpu/EHT2020/sc_4/Sa00/m_1_1_1/image_Sa0_1590_163_0_230.e9_6.2e9_1.72222e+28_1_4.dat
        60       0.750275        2.03633        144.454        40.8627        24.1956         31.094       -4529.02     /gpfs/hpu/EHT2020/sc_4/Sa00/m_1_1_1/image_Sa0_1600_163_0_230.e9_6.2e9_1.72222e+28_1_4.dat
        61       0.536589        2.43401        114.488        26.0776        21.1238        23.0056        -3358.7     /gpfs/hpu/EHT2020/sc_4/Sa00/m_1_1_1/image_Sa0_1610_163_0_230.e9_6.2e9_1.72222e+28_1_4.dat
        62        0.46143        2.34201        184.383        49.5548        41.2667        44.3434       -5996.25     /gpfs/hpu/EHT2020/sc_4/Sa00/m_1_1_1/image_Sa0_1620_163_0_230.e9_6.2e9_1.72222e+28_1_4.dat
        63       0.471435        2.08971        98.1152        8.23953        17.7002        13.4043       -2098.95     /gpfs/hpu/EHT2020/sc_4/Sa00/m_1_1_1/image_Sa0_1630_163_0_230.e9_6.2e9_1.72222e+28_1_4.dat
        64       0.374798        2.14911         180.29        29.4345        8.01612        17.1601       -2556.67     /gpfs/hpu/EHT2020/sc_4/Sa00/m_1_1_1/image_Sa0_1640_163_0_230.e9_6.2e9_1.72222e+28_1_4.dat
        65       0.582111        2.33077         191.22        16.9737        28.7598        23.3267       -3732.93     /gpfs/hpu/EHT2020/sc_4/Sa00/m_1_1_1/image_Sa0_1650_163_0_230.e9_6.2e9_1.72222e+28_1_4.dat
        66       0.478224        2.14329        102.441        14.3656        20.2767         17.481       -2700.47     /gpfs/hpu/EHT2020/sc_4/Sa00/m_1_1_1/image_Sa0_1660_163_0_230.e9_6.2e9_1.72222e+28_1_4.dat
        67        0.65013        2.30896        163.528        54.7452        20.2524        34.8894       -4933.33     /gpfs/hpu/EHT2020/sc_4/Sa00/m_1_1_1/image_Sa0_1670_163_0_230.e9_6.2e9_1.72222e+28_1_4.dat
        68        0.48194        2.15316        207.818        20.8313        15.8361        17.7997        -2742.1     /gpfs/hpu/EHT2020/sc_4/Sa00/m_1_1_1/image_Sa0_1680_163_0_230.e9_6.2e9_1.72222e+28_1_4.dat
        69       0.571525        2.45722        184.864         36.586        12.3663        22.6663       -3352.07     /gpfs/hpu/EHT2020/sc_4/Sa00/m_1_1_1/image_Sa0_1690_163_0_230.e9_6.2e9_1.72222e+28_1_4.dat
        70       0.496542         2.3881        176.371        22.9582        10.0131        15.4772       -2402.42     /gpfs/hpu/EHT2020/sc_4/Sa00/m_1_1_1/image_Sa0_1700_163_0_230.e9_6.2e9_1.72222e+28_1_4.dat
        71       0.739629         2.1934         212.84        24.9861        24.2942        24.2989       -3798.61     /gpfs/hpu/EHT2020/sc_4/Sa00/m_1_1_1/image_Sa0_1710_163_0_230.e9_6.2e9_1.72222e+28_1_4.dat
        72        1.49691        3.40692        101.151        7.31184        22.5237        15.6881        -2799.5     /gpfs/hpu/EHT2020/sc_4/Sa00/m_1_1_1/image_Sa0_1720_163_0_230.e9_6.2e9_1.72222e+28_1_4.dat
        73       0.570711        2.24641       -157.399        15.1227        25.0141        20.4438       -3240.44     /gpfs/hpu/EHT2020/sc_4/Sa00/m_1_1_1/image_Sa0_1730_163_0_230.e9_6.2e9_1.72222e+28_1_4.dat
        74       0.969379        2.35001       -142.636        17.1529        25.4518        21.5634       -3341.66     /gpfs/hpu/EHT2020/sc_4/Sa00/m_1_1_1/image_Sa0_1740_163_0_230.e9_6.2e9_1.72222e+28_1_4.dat
        75       0.637466        2.37344       -158.988        22.7208         12.815        16.9339       -2648.78     /gpfs/hpu/EHT2020/sc_4/Sa00/m_1_1_1/image_Sa0_1750_163_0_230.e9_6.2e9_1.72222e+28_1_4.dat
        76       0.689255        2.37738       -158.497        32.9662        12.6921        21.2858       -3261.06     /gpfs/hpu/EHT2020/sc_4/Sa00/m_1_1_1/image_Sa0_1760_163_0_230.e9_6.2e9_1.72222e+28_1_4.dat
        77       0.415065        2.24581       -212.255        36.2729        15.4223        24.2318        -3415.2     /gpfs/hpu/EHT2020/sc_4/Sa00/m_1_1_1/image_Sa0_1770_163_0_230.e9_6.2e9_1.72222e+28_1_4.dat
        78       0.683305        2.11439       -185.255        43.9053        9.68504        24.3323       -3558.25     /gpfs/hpu/EHT2020/sc_4/Sa00/m_1_1_1/image_Sa0_1780_163_0_230.e9_6.2e9_1.72222e+28_1_4.dat
        79       0.549139        1.99418        158.424        28.3232        12.6217        19.2435       -2801.31     /gpfs/hpu/EHT2020/sc_4/Sa00/m_1_1_1/image_Sa0_1790_163_0_230.e9_6.2e9_1.72222e+28_1_4.dat
        80        0.64702         2.1746        218.862        18.6983        15.7435        16.8279       -2805.35     /gpfs/hpu/EHT2020/sc_4/Sa00/m_1_1_1/image_Sa0_1800_163_0_230.e9_6.2e9_1.72222e+28_1_4.dat
        81       0.554358        2.14165        163.964        54.7377        16.2116        32.6376       -4526.73     /gpfs/hpu/EHT2020/sc_4/Sa00/m_1_1_1/image_Sa0_1810_163_0_230.e9_6.2e9_1.72222e+28_1_4.dat
        82       0.430464        2.11581        163.917        31.4328        21.2209        25.3702       -3620.24     /gpfs/hpu/EHT2020/sc_4/Sa00/m_1_1_1/image_Sa0_1820_163_0_230.e9_6.2e9_1.72222e+28_1_4.dat
        83       0.686352        2.07243        147.004        33.8263        13.2896        21.9895       -3314.28     /gpfs/hpu/EHT2020/sc_4/Sa00/m_1_1_1/image_Sa0_1830_163_0_230.e9_6.2e9_1.72222e+28_1_4.dat
        84       0.445719        1.97409        46.2342        2.80127        12.0483        7.91291       -1405.18     /gpfs/hpu/EHT2020/sc_4/Sa00/m_1_1_1/image_Sa0_1840_163_0_230.e9_6.2e9_1.72222e+28_1_4.dat
        85        0.45748        1.96203       -212.615        3.26105        9.59711        6.74731       -1272.62     /gpfs/hpu/EHT2020/sc_4/Sa00/m_1_1_1/image_Sa0_1850_163_0_230.e9_6.2e9_1.72222e+28_1_4.dat
        86       0.373359        1.95979       -158.559        24.5049        15.8916        19.4156       -2902.79     /gpfs/hpu/EHT2020/sc_4/Sa00/m_1_1_1/image_Sa0_1860_163_0_230.e9_6.2e9_1.72222e+28_1_4.dat
        87       0.542123        1.98317       -164.937        26.9772        15.0626         20.021       -3163.08     /gpfs/hpu/EHT2020/sc_4/Sa00/m_1_1_1/image_Sa0_1870_163_0_230.e9_6.2e9_1.72222e+28_1_4.dat
        88       0.611068        2.01124       -204.295        44.0197        31.9317        36.7608       -5116.77     /gpfs/hpu/EHT2020/sc_4/Sa00/m_1_1_1/image_Sa0_1880_163_0_230.e9_6.2e9_1.72222e+28_1_4.dat
        89        0.42165        1.90438       -218.494        7.22696        7.41095        7.24192        -1371.3     /gpfs/hpu/EHT2020/sc_4/Sa00/m_1_1_1/image_Sa0_1890_163_0_230.e9_6.2e9_1.72222e+28_1_4.dat
        90       0.566807        1.87249       -178.662        17.9595        9.50708        13.0389       -2102.58     /gpfs/hpu/EHT2020/sc_4/Sa00/m_1_1_1/image_Sa0_1900_163_0_230.e9_6.2e9_1.72222e+28_1_4.dat
        91       0.786907         1.9823        122.135        17.8811         17.178        17.2736       -2690.97     /gpfs/hpu/EHT2020/sc_4/Sa00/m_1_1_1/image_Sa0_1910_163_0_230.e9_6.2e9_1.72222e+28_1_4.dat
        92       0.384711        2.12783       -148.381        41.7807        71.7134        57.9314       -7685.06     /gpfs/hpu/EHT2020/sc_4/Sa00/m_1_1_1/image_Sa0_1920_163_0_230.e9_6.2e9_1.72222e+28_1_4.dat
        93       0.525406        2.20882        -189.64        20.4963         11.515        15.2507       -2399.23     /gpfs/hpu/EHT2020/sc_4/Sa00/m_1_1_1/image_Sa0_1930_163_0_230.e9_6.2e9_1.72222e+28_1_4.dat
        94       0.713514        1.91995        129.361        16.2405         10.287        12.7312       -2112.86     /gpfs/hpu/EHT2020/sc_4/Sa00/m_1_1_1/image_Sa0_1940_163_0_230.e9_6.2e9_1.72222e+28_1_4.dat
        95       0.534959        1.97414        198.235        19.8734        9.82731        14.0428       -2241.23     /gpfs/hpu/EHT2020/sc_4/Sa00/m_1_1_1/image_Sa0_1950_163_0_230.e9_6.2e9_1.72222e+28_1_4.dat
        96       0.421596        2.11131        177.247        23.6711        8.87456        15.1512       -2301.51     /gpfs/hpu/EHT2020/sc_4/Sa00/m_1_1_1/image_Sa0_1960_163_0_230.e9_6.2e9_1.72222e+28_1_4.dat
        97       0.382117        1.97513        199.355        13.3722        17.2785        15.3841       -2344.16     /gpfs/hpu/EHT2020/sc_4/Sa00/m_1_1_1/image_Sa0_1970_163_0_230.e9_6.2e9_1.72222e+28_1_4.dat
        98       0.510106        2.06251        167.131        28.4729        28.1051        27.9238       -3989.72     /gpfs/hpu/EHT2020/sc_4/Sa00/m_1_1_1/image_Sa0_1980_163_0_230.e9_6.2e9_1.72222e+28_1_4.dat
        99       0.380432        2.04642        191.492        42.2254        12.9909         25.447       -3620.39     /gpfs/hpu/EHT2020/sc_4/Sa00/m_1_1_1/image_Sa0_1990_163_0_230.e9_6.2e9_1.72222e+28_1_4.dat
