   # Index         I (Jy)      M/D (uas)       PA (deg)  VA red. chisq  CP red. chisq     red. chisq     log-liklhd     FileName
         0        1.39657        5.05984        323.763        25.0395        25.7282        25.1198       -3736.33     /gpfs/hpu/EHT2/IHARM/MAD/MAD_a-0.94_384x192x192_IHARM/m_1_1_40/image_a-0.94_0000_17_0_230.e9_6.2e9_2.37889e+25_40.dat
         1       0.801948        3.81058        327.501        43.0703        26.1032        33.1079       -4589.95     /gpfs/hpu/EHT2/IHARM/MAD/MAD_a-0.94_384x192x192_IHARM/m_1_1_40/image_a-0.94_0001_17_0_230.e9_6.2e9_2.37889e+25_40.dat
         2       0.857075        3.27012        343.104        7.70093        11.6123        9.78424       -1781.17     /gpfs/hpu/EHT2/IHARM/MAD/MAD_a-0.94_384x192x192_IHARM/m_1_1_40/image_a-0.94_0002_17_0_230.e9_6.2e9_2.37889e+25_40.dat
         3        1.21034        3.51035        286.122        10.5225        58.2011         36.926       -5527.74     /gpfs/hpu/EHT2/IHARM/MAD/MAD_a-0.94_384x192x192_IHARM/m_1_1_40/image_a-0.94_0003_17_0_230.e9_6.2e9_2.37889e+25_40.dat
         4       0.637176        4.03971        343.804        21.1663        6.09741        12.5251        -1987.6     /gpfs/hpu/EHT2/IHARM/MAD/MAD_a-0.94_384x192x192_IHARM/m_1_1_40/image_a-0.94_0004_17_0_230.e9_6.2e9_2.37889e+25_40.dat
         5       0.570292        3.76791        332.674          2.991        11.2738         7.5638       -1456.03     /gpfs/hpu/EHT2/IHARM/MAD/MAD_a-0.94_384x192x192_IHARM/m_1_1_40/image_a-0.94_0005_17_0_230.e9_6.2e9_2.37889e+25_40.dat
         6       0.629218        3.34825        334.032        8.45575        17.3654        13.3112       -2209.23     /gpfs/hpu/EHT2/IHARM/MAD/MAD_a-0.94_384x192x192_IHARM/m_1_1_40/image_a-0.94_0006_17_0_230.e9_6.2e9_2.37889e+25_40.dat
         7       0.866695        3.06279        278.511        6.81469        21.2933        14.7889       -2565.34     /gpfs/hpu/EHT2/IHARM/MAD/MAD_a-0.94_384x192x192_IHARM/m_1_1_40/image_a-0.94_0007_17_0_230.e9_6.2e9_2.37889e+25_40.dat
         8       0.536533        3.49829        223.987        7.29933        8.52494        7.89303       -1361.98     /gpfs/hpu/EHT2/IHARM/MAD/MAD_a-0.94_384x192x192_IHARM/m_1_1_40/image_a-0.94_0008_17_0_230.e9_6.2e9_2.37889e+25_40.dat
         9       0.439131        3.62327        222.291        3.94754        8.43828        6.39867        -1168.4     /gpfs/hpu/EHT2/IHARM/MAD/MAD_a-0.94_384x192x192_IHARM/m_1_1_40/image_a-0.94_0009_17_0_230.e9_6.2e9_2.37889e+25_40.dat
        10       0.636227        3.71362        203.283        13.1287        15.9107        14.5179       -2277.47     /gpfs/hpu/EHT2/IHARM/MAD/MAD_a-0.94_384x192x192_IHARM/m_1_1_40/image_a-0.94_0010_17_0_230.e9_6.2e9_2.37889e+25_40.dat
        11        1.05665        4.54224        206.764        8.25683        38.5731        25.0265       -3606.75     /gpfs/hpu/EHT2/IHARM/MAD/MAD_a-0.94_384x192x192_IHARM/m_1_1_40/image_a-0.94_0011_17_0_230.e9_6.2e9_2.37889e+25_40.dat
        12       0.734213        3.58776        271.732        8.75328        19.7206        14.7502       -2478.78     /gpfs/hpu/EHT2/IHARM/MAD/MAD_a-0.94_384x192x192_IHARM/m_1_1_40/image_a-0.94_0012_17_0_230.e9_6.2e9_2.37889e+25_40.dat
        13       0.739384        4.14084        332.071        3.70825        10.3589        7.36415       -1482.64     /gpfs/hpu/EHT2/IHARM/MAD/MAD_a-0.94_384x192x192_IHARM/m_1_1_40/image_a-0.94_0013_17_0_230.e9_6.2e9_2.37889e+25_40.dat
        14       0.673549        3.78027        260.597        1.91655        5.43255        3.84985       -957.355     /gpfs/hpu/EHT2/IHARM/MAD/MAD_a-0.94_384x192x192_IHARM/m_1_1_40/image_a-0.94_0014_17_0_230.e9_6.2e9_2.37889e+25_40.dat
        15       0.601042        3.80359        306.142        6.90495        6.87461        6.80454       -1268.88     /gpfs/hpu/EHT2/IHARM/MAD/MAD_a-0.94_384x192x192_IHARM/m_1_1_40/image_a-0.94_0015_17_0_230.e9_6.2e9_2.37889e+25_40.dat
        16       0.545064        4.10576        270.688        4.43736        18.8297        12.3923       -1969.55     /gpfs/hpu/EHT2/IHARM/MAD/MAD_a-0.94_384x192x192_IHARM/m_1_1_40/image_a-0.94_0016_17_0_230.e9_6.2e9_2.37889e+25_40.dat
        17       0.726961        3.37358        275.217        5.93764        9.06572        7.60644       -1421.54     /gpfs/hpu/EHT2/IHARM/MAD/MAD_a-0.94_384x192x192_IHARM/m_1_1_40/image_a-0.94_0017_17_0_230.e9_6.2e9_2.37889e+25_40.dat
        18       0.676077        3.42179        315.554        27.7832        10.4522        17.8033       -2671.11     /gpfs/hpu/EHT2/IHARM/MAD/MAD_a-0.94_384x192x192_IHARM/m_1_1_40/image_a-0.94_0018_17_0_230.e9_6.2e9_2.37889e+25_40.dat
        19       0.506389        4.06888        334.368         10.336        9.04389        9.49195       -1580.55     /gpfs/hpu/EHT2/IHARM/MAD/MAD_a-0.94_384x192x192_IHARM/m_1_1_40/image_a-0.94_0019_17_0_230.e9_6.2e9_2.37889e+25_40.dat
        20       0.508839        3.93004        338.057        7.21848        7.11375        7.07288       -1302.58     /gpfs/hpu/EHT2/IHARM/MAD/MAD_a-0.94_384x192x192_IHARM/m_1_1_40/image_a-0.94_0020_17_0_230.e9_6.2e9_2.37889e+25_40.dat
        21       0.759152         3.5776        109.945        10.9894        51.9556        33.6522       -4959.26     /gpfs/hpu/EHT2/IHARM/MAD/MAD_a-0.94_384x192x192_IHARM/m_1_1_40/image_a-0.94_0021_17_0_230.e9_6.2e9_2.37889e+25_40.dat
        22        0.72407         4.3494       -85.2418         5.2321        18.3446        12.4653       -1941.12     /gpfs/hpu/EHT2/IHARM/MAD/MAD_a-0.94_384x192x192_IHARM/m_1_1_40/image_a-0.94_0022_17_0_230.e9_6.2e9_2.37889e+25_40.dat
        23       0.583531        4.38459       -67.0788        5.36232        12.7839         9.4272        -1588.8     /gpfs/hpu/EHT2/IHARM/MAD/MAD_a-0.94_384x192x192_IHARM/m_1_1_40/image_a-0.94_0023_17_0_230.e9_6.2e9_2.37889e+25_40.dat
        24       0.678027        3.99768       -56.3315          4.069        9.16358        6.85467       -1308.51     /gpfs/hpu/EHT2/IHARM/MAD/MAD_a-0.94_384x192x192_IHARM/m_1_1_40/image_a-0.94_0024_17_0_230.e9_6.2e9_2.37889e+25_40.dat
        25       0.572126        3.60422       -85.7073        3.70019        5.84248        4.84751       -1040.49     /gpfs/hpu/EHT2/IHARM/MAD/MAD_a-0.94_384x192x192_IHARM/m_1_1_40/image_a-0.94_0025_17_0_230.e9_6.2e9_2.37889e+25_40.dat
        26       0.713493        3.34797       -55.7073        13.3091        14.1397        13.6103       -2221.24     /gpfs/hpu/EHT2/IHARM/MAD/MAD_a-0.94_384x192x192_IHARM/m_1_1_40/image_a-0.94_0026_17_0_230.e9_6.2e9_2.37889e+25_40.dat
        27       0.696471        3.38495       -42.2894        4.24326        3.95958        4.03408       -1011.08     /gpfs/hpu/EHT2/IHARM/MAD/MAD_a-0.94_384x192x192_IHARM/m_1_1_40/image_a-0.94_0027_17_0_230.e9_6.2e9_2.37889e+25_40.dat
        28         0.8865        3.58939       -40.4283        5.09081        8.30774        6.81929       -1455.29     /gpfs/hpu/EHT2/IHARM/MAD/MAD_a-0.94_384x192x192_IHARM/m_1_1_40/image_a-0.94_0028_17_0_230.e9_6.2e9_2.37889e+25_40.dat
        29       0.562564        3.52976       -43.8258        11.4691        16.9932        14.4042       -2185.54     /gpfs/hpu/EHT2/IHARM/MAD/MAD_a-0.94_384x192x192_IHARM/m_1_1_40/image_a-0.94_0029_17_0_230.e9_6.2e9_2.37889e+25_40.dat
        30         1.1244        3.81622       -38.5103        3.64368        13.5346        9.10344          -1737     /gpfs/hpu/EHT2/IHARM/MAD/MAD_a-0.94_384x192x192_IHARM/m_1_1_40/image_a-0.94_0030_17_0_230.e9_6.2e9_2.37889e+25_40.dat
        31       0.561417        4.05399       -81.9849        2.42248        2.59377        2.48849       -696.349     /gpfs/hpu/EHT2/IHARM/MAD/MAD_a-0.94_384x192x192_IHARM/m_1_1_40/image_a-0.94_0031_17_0_230.e9_6.2e9_2.37889e+25_40.dat
        32       0.638558         4.0218       -67.8144         3.8538        7.45764        5.81255       -1153.77     /gpfs/hpu/EHT2/IHARM/MAD/MAD_a-0.94_384x192x192_IHARM/m_1_1_40/image_a-0.94_0032_17_0_230.e9_6.2e9_2.37889e+25_40.dat
        33       0.678081        3.56277       -56.2929         13.293        4.34733        8.15438       -1457.71     /gpfs/hpu/EHT2/IHARM/MAD/MAD_a-0.94_384x192x192_IHARM/m_1_1_40/image_a-0.94_0033_17_0_230.e9_6.2e9_2.37889e+25_40.dat
        34       0.556627        3.48758       -39.0501        4.78419         12.017        8.75102       -1536.32     /gpfs/hpu/EHT2/IHARM/MAD/MAD_a-0.94_384x192x192_IHARM/m_1_1_40/image_a-0.94_0034_17_0_230.e9_6.2e9_2.37889e+25_40.dat
        35       0.654288        3.54258       -16.1481        7.00483         7.6199        7.26235       -1368.54     /gpfs/hpu/EHT2/IHARM/MAD/MAD_a-0.94_384x192x192_IHARM/m_1_1_40/image_a-0.94_0035_17_0_230.e9_6.2e9_2.37889e+25_40.dat
        36        1.07131        3.13727          6.637        21.9314        14.6003        17.5867       -2866.14     /gpfs/hpu/EHT2/IHARM/MAD/MAD_a-0.94_384x192x192_IHARM/m_1_1_40/image_a-0.94_0036_17_0_230.e9_6.2e9_2.37889e+25_40.dat
        37       0.713757        3.74245       -86.8444        4.94505          16.73         11.443       -1945.08     /gpfs/hpu/EHT2/IHARM/MAD/MAD_a-0.94_384x192x192_IHARM/m_1_1_40/image_a-0.94_0037_17_0_230.e9_6.2e9_2.37889e+25_40.dat
        38       0.678307        3.39117        44.7354        10.4443        10.6518        10.4334       -1796.57     /gpfs/hpu/EHT2/IHARM/MAD/MAD_a-0.94_384x192x192_IHARM/m_1_1_40/image_a-0.94_0038_17_0_230.e9_6.2e9_2.37889e+25_40.dat
        39       0.750622        4.43265       -63.8552        6.00638         37.573         23.499       -3330.31     /gpfs/hpu/EHT2/IHARM/MAD/MAD_a-0.94_384x192x192_IHARM/m_1_1_40/image_a-0.94_0039_17_0_230.e9_6.2e9_2.37889e+25_40.dat
        40        1.10569        4.62994       -21.6217        32.9651        22.8116        26.9164       -3909.47     /gpfs/hpu/EHT2/IHARM/MAD/MAD_a-0.94_384x192x192_IHARM/m_1_1_40/image_a-0.94_0040_17_0_230.e9_6.2e9_2.37889e+25_40.dat
        41       0.563373        4.04899       -43.0428        4.39253         8.0268        6.36169       -1203.33     /gpfs/hpu/EHT2/IHARM/MAD/MAD_a-0.94_384x192x192_IHARM/m_1_1_40/image_a-0.94_0041_17_0_230.e9_6.2e9_2.37889e+25_40.dat
        42        1.14243        4.29429       -38.4492        14.3326        8.53097        10.9309       -1810.61     /gpfs/hpu/EHT2/IHARM/MAD/MAD_a-0.94_384x192x192_IHARM/m_1_1_40/image_a-0.94_0042_17_0_230.e9_6.2e9_2.37889e+25_40.dat
        43       0.825818        3.74698       -29.0157        7.11155        4.74601        5.70922       -1160.86     /gpfs/hpu/EHT2/IHARM/MAD/MAD_a-0.94_384x192x192_IHARM/m_1_1_40/image_a-0.94_0043_17_0_230.e9_6.2e9_2.37889e+25_40.dat
        44       0.858398        3.34139       -83.6658        8.43209        17.9112        13.6048       -2369.61     /gpfs/hpu/EHT2/IHARM/MAD/MAD_a-0.94_384x192x192_IHARM/m_1_1_40/image_a-0.94_0044_17_0_230.e9_6.2e9_2.37889e+25_40.dat
        45        0.52166        3.43354        21.3898        17.9874        17.1879        17.3249       -2607.11     /gpfs/hpu/EHT2/IHARM/MAD/MAD_a-0.94_384x192x192_IHARM/m_1_1_40/image_a-0.94_0045_17_0_230.e9_6.2e9_2.37889e+25_40.dat
        46       0.899472        3.17322       -49.2331        4.87764        19.4622        12.9342       -2548.19     /gpfs/hpu/EHT2/IHARM/MAD/MAD_a-0.94_384x192x192_IHARM/m_1_1_40/image_a-0.94_0046_17_0_230.e9_6.2e9_2.37889e+25_40.dat
        47        1.81014        6.21115       -48.6043        55.9604        100.395         80.009         -10462     /gpfs/hpu/EHT2/IHARM/MAD/MAD_a-0.94_384x192x192_IHARM/m_1_1_40/image_a-0.94_0047_17_0_230.e9_6.2e9_2.37889e+25_40.dat
        48        1.03639        4.71432       -6.43729        9.71858        19.0654        14.8021       -2833.87     /gpfs/hpu/EHT2/IHARM/MAD/MAD_a-0.94_384x192x192_IHARM/m_1_1_40/image_a-0.94_0048_17_0_230.e9_6.2e9_2.37889e+25_40.dat
        49        1.62308        5.40626       -79.9413        24.7302        24.9504        24.5536       -3741.26     /gpfs/hpu/EHT2/IHARM/MAD/MAD_a-0.94_384x192x192_IHARM/m_1_1_40/image_a-0.94_0049_17_0_230.e9_6.2e9_2.37889e+25_40.dat
        50       0.816802        4.29942       -47.0504        14.5371        16.9601        15.7095       -2432.48     /gpfs/hpu/EHT2/IHARM/MAD/MAD_a-0.94_384x192x192_IHARM/m_1_1_40/image_a-0.94_0050_17_0_230.e9_6.2e9_2.37889e+25_40.dat
        51       0.475754        4.06995       -4.49147        5.46106        9.51005        7.64807       -1360.13     /gpfs/hpu/EHT2/IHARM/MAD/MAD_a-0.94_384x192x192_IHARM/m_1_1_40/image_a-0.94_0051_17_0_230.e9_6.2e9_2.37889e+25_40.dat
        52       0.811805        3.81113       -69.0085        11.0061         7.4578        8.89853       -1584.99     /gpfs/hpu/EHT2/IHARM/MAD/MAD_a-0.94_384x192x192_IHARM/m_1_1_40/image_a-0.94_0052_17_0_230.e9_6.2e9_2.37889e+25_40.dat
        53       0.693586        3.78351       -57.3663        5.12733        6.08837        5.60008       -1153.45     /gpfs/hpu/EHT2/IHARM/MAD/MAD_a-0.94_384x192x192_IHARM/m_1_1_40/image_a-0.94_0053_17_0_230.e9_6.2e9_2.37889e+25_40.dat
        54       0.447819        3.84975       -20.7734        5.32842        6.77263         6.0676        -1163.6     /gpfs/hpu/EHT2/IHARM/MAD/MAD_a-0.94_384x192x192_IHARM/m_1_1_40/image_a-0.94_0054_17_0_230.e9_6.2e9_2.37889e+25_40.dat
        55       0.805575        3.88212       -75.4338         4.9356        5.85002        5.38473       -1219.44     /gpfs/hpu/EHT2/IHARM/MAD/MAD_a-0.94_384x192x192_IHARM/m_1_1_40/image_a-0.94_0055_17_0_230.e9_6.2e9_2.37889e+25_40.dat
        56       0.564892        3.93083       -56.7313         3.8628        10.7327        7.63883       -1430.68     /gpfs/hpu/EHT2/IHARM/MAD/MAD_a-0.94_384x192x192_IHARM/m_1_1_40/image_a-0.94_0056_17_0_230.e9_6.2e9_2.37889e+25_40.dat
        57       0.533464        4.23729       -122.217        3.10477        10.6136        7.24551       -1276.23     /gpfs/hpu/EHT2/IHARM/MAD/MAD_a-0.94_384x192x192_IHARM/m_1_1_40/image_a-0.94_0057_17_0_230.e9_6.2e9_2.37889e+25_40.dat
        58       0.645304         3.6395       -72.1682        1.98786        4.03571        3.10334       -853.452     /gpfs/hpu/EHT2/IHARM/MAD/MAD_a-0.94_384x192x192_IHARM/m_1_1_40/image_a-0.94_0058_17_0_230.e9_6.2e9_2.37889e+25_40.dat
        59       0.916041        3.75853       -49.6959        7.51457        9.39272        8.46877       -1582.61     /gpfs/hpu/EHT2/IHARM/MAD/MAD_a-0.94_384x192x192_IHARM/m_1_1_40/image_a-0.94_0059_17_0_230.e9_6.2e9_2.37889e+25_40.dat
        60       0.751216        4.12867        -34.259        3.72038        14.2559         9.5379       -1699.49     /gpfs/hpu/EHT2/IHARM/MAD/MAD_a-0.94_384x192x192_IHARM/m_1_1_40/image_a-0.94_0060_17_0_230.e9_6.2e9_2.37889e+25_40.dat
        61       0.748446        3.45557       -28.4517        12.6964        16.0961        14.4346       -2337.97     /gpfs/hpu/EHT2/IHARM/MAD/MAD_a-0.94_384x192x192_IHARM/m_1_1_40/image_a-0.94_0061_17_0_230.e9_6.2e9_2.37889e+25_40.dat
        62       0.790914        5.10174       -66.5114        7.69838        10.6177        9.22973       -1596.05     /gpfs/hpu/EHT2/IHARM/MAD/MAD_a-0.94_384x192x192_IHARM/m_1_1_40/image_a-0.94_0062_17_0_230.e9_6.2e9_2.37889e+25_40.dat
        63       0.574637        4.17471       -71.5919        6.20586        13.8073        10.3606       -1708.89     /gpfs/hpu/EHT2/IHARM/MAD/MAD_a-0.94_384x192x192_IHARM/m_1_1_40/image_a-0.94_0063_17_0_230.e9_6.2e9_2.37889e+25_40.dat
        64       0.418239        3.93453       0.943946        9.75825         9.2843        9.37648       -1598.85     /gpfs/hpu/EHT2/IHARM/MAD/MAD_a-0.94_384x192x192_IHARM/m_1_1_40/image_a-0.94_0064_17_0_230.e9_6.2e9_2.37889e+25_40.dat
        65        0.85627         3.6159       -33.4765        13.0041        15.9482         14.485       -2368.81     /gpfs/hpu/EHT2/IHARM/MAD/MAD_a-0.94_384x192x192_IHARM/m_1_1_40/image_a-0.94_0065_17_0_230.e9_6.2e9_2.37889e+25_40.dat
        66       0.740189        3.76984       -82.5681         10.431         17.379         14.171       -2252.56     /gpfs/hpu/EHT2/IHARM/MAD/MAD_a-0.94_384x192x192_IHARM/m_1_1_40/image_a-0.94_0066_17_0_230.e9_6.2e9_2.37889e+25_40.dat
        67       0.884049        3.30332        2.16859        15.7278        15.1425        15.2119       -2540.66     /gpfs/hpu/EHT2/IHARM/MAD/MAD_a-0.94_384x192x192_IHARM/m_1_1_40/image_a-0.94_0067_17_0_230.e9_6.2e9_2.37889e+25_40.dat
        68        1.22182        4.10767       -17.3754        5.84583        12.0253        9.21367       -1844.47     /gpfs/hpu/EHT2/IHARM/MAD/MAD_a-0.94_384x192x192_IHARM/m_1_1_40/image_a-0.94_0068_17_0_230.e9_6.2e9_2.37889e+25_40.dat
        69       0.500829        3.87459       -62.8495        8.66439        8.91324        8.69805       -1493.62     /gpfs/hpu/EHT2/IHARM/MAD/MAD_a-0.94_384x192x192_IHARM/m_1_1_40/image_a-0.94_0069_17_0_230.e9_6.2e9_2.37889e+25_40.dat
        70       0.485216        4.24534       -7.68575        10.0548        16.3075        13.4125       -2106.77     /gpfs/hpu/EHT2/IHARM/MAD/MAD_a-0.94_384x192x192_IHARM/m_1_1_40/image_a-0.94_0070_17_0_230.e9_6.2e9_2.37889e+25_40.dat
        71       0.502793        3.75846         7.9073        7.34509        15.6471        11.8759       -1971.51     /gpfs/hpu/EHT2/IHARM/MAD/MAD_a-0.94_384x192x192_IHARM/m_1_1_40/image_a-0.94_0071_17_0_230.e9_6.2e9_2.37889e+25_40.dat
        72        0.66675        4.18863       -117.643        14.3316        36.7231         26.618       -4021.21     /gpfs/hpu/EHT2/IHARM/MAD/MAD_a-0.94_384x192x192_IHARM/m_1_1_40/image_a-0.94_0072_17_0_230.e9_6.2e9_2.37889e+25_40.dat
        73       0.559907        3.84305       -101.869        5.65489        10.9278         8.5206       -1461.86     /gpfs/hpu/EHT2/IHARM/MAD/MAD_a-0.94_384x192x192_IHARM/m_1_1_40/image_a-0.94_0073_17_0_230.e9_6.2e9_2.37889e+25_40.dat
        74       0.457467        3.93888       -101.096        3.97324        9.75389        7.14183       -1277.27     /gpfs/hpu/EHT2/IHARM/MAD/MAD_a-0.94_384x192x192_IHARM/m_1_1_40/image_a-0.94_0074_17_0_230.e9_6.2e9_2.37889e+25_40.dat
        75       0.515675        4.08293       -91.1068        6.19034        18.0104        12.6928       -2048.39     /gpfs/hpu/EHT2/IHARM/MAD/MAD_a-0.94_384x192x192_IHARM/m_1_1_40/image_a-0.94_0075_17_0_230.e9_6.2e9_2.37889e+25_40.dat
        76       0.620082        4.08821       -113.508        6.14298          6.838        6.45542       -1208.78     /gpfs/hpu/EHT2/IHARM/MAD/MAD_a-0.94_384x192x192_IHARM/m_1_1_40/image_a-0.94_0076_17_0_230.e9_6.2e9_2.37889e+25_40.dat
        77       0.581924         4.0137       -92.6472        3.66215        6.92353        5.43265       -1085.98     /gpfs/hpu/EHT2/IHARM/MAD/MAD_a-0.94_384x192x192_IHARM/m_1_1_40/image_a-0.94_0077_17_0_230.e9_6.2e9_2.37889e+25_40.dat
        78       0.818848        4.41832       -11.2956        18.2184        13.1514        15.1785       -2426.62     /gpfs/hpu/EHT2/IHARM/MAD/MAD_a-0.94_384x192x192_IHARM/m_1_1_40/image_a-0.94_0078_17_0_230.e9_6.2e9_2.37889e+25_40.dat
        79       0.732221        3.73628       -128.466        8.46512        25.2498        17.7026       -2653.34     /gpfs/hpu/EHT2/IHARM/MAD/MAD_a-0.94_384x192x192_IHARM/m_1_1_40/image_a-0.94_0079_17_0_230.e9_6.2e9_2.37889e+25_40.dat
        80        1.08025        3.62018       -102.573        7.14322        19.3333          13.84       -2300.22     /gpfs/hpu/EHT2/IHARM/MAD/MAD_a-0.94_384x192x192_IHARM/m_1_1_40/image_a-0.94_0080_17_0_230.e9_6.2e9_2.37889e+25_40.dat
        81       0.403305        3.64641       -26.0863        10.0956        19.8683        15.4115        -2310.1     /gpfs/hpu/EHT2/IHARM/MAD/MAD_a-0.94_384x192x192_IHARM/m_1_1_40/image_a-0.94_0081_17_0_230.e9_6.2e9_2.37889e+25_40.dat
        82       0.607161        3.64317       -63.5815        3.83896        17.1829        11.2178       -1776.09     /gpfs/hpu/EHT2/IHARM/MAD/MAD_a-0.94_384x192x192_IHARM/m_1_1_40/image_a-0.94_0082_17_0_230.e9_6.2e9_2.37889e+25_40.dat
        83       0.959449        3.41821       -75.6276        6.46888        10.1452        8.43633        -1651.7     /gpfs/hpu/EHT2/IHARM/MAD/MAD_a-0.94_384x192x192_IHARM/m_1_1_40/image_a-0.94_0083_17_0_230.e9_6.2e9_2.37889e+25_40.dat
        84       0.542463        2.88358       -79.3358        14.9315        14.7739        14.6632       -2213.01     /gpfs/hpu/EHT2/IHARM/MAD/MAD_a-0.94_384x192x192_IHARM/m_1_1_40/image_a-0.94_0084_17_0_230.e9_6.2e9_2.37889e+25_40.dat
        85       0.607277        3.57413       -25.6716        6.96477        11.3356        9.31267       -1611.51     /gpfs/hpu/EHT2/IHARM/MAD/MAD_a-0.94_384x192x192_IHARM/m_1_1_40/image_a-0.94_0085_17_0_230.e9_6.2e9_2.37889e+25_40.dat
        86       0.485639         3.5105       -29.9146        7.64306         6.8742        7.12277       -1298.36     /gpfs/hpu/EHT2/IHARM/MAD/MAD_a-0.94_384x192x192_IHARM/m_1_1_40/image_a-0.94_0086_17_0_230.e9_6.2e9_2.37889e+25_40.dat
        87       0.750173        3.80866        -27.886        2.53344         8.9749        6.08715       -1179.32     /gpfs/hpu/EHT2/IHARM/MAD/MAD_a-0.94_384x192x192_IHARM/m_1_1_40/image_a-0.94_0087_17_0_230.e9_6.2e9_2.37889e+25_40.dat
        88        1.04256        4.33065        10.4636        4.46856        19.3695        12.7062        -2140.8     /gpfs/hpu/EHT2/IHARM/MAD/MAD_a-0.94_384x192x192_IHARM/m_1_1_40/image_a-0.94_0088_17_0_230.e9_6.2e9_2.37889e+25_40.dat
        89       0.941751        3.28993        -38.281        3.77006        5.33951        4.59778       -1152.97     /gpfs/hpu/EHT2/IHARM/MAD/MAD_a-0.94_384x192x192_IHARM/m_1_1_40/image_a-0.94_0089_17_0_230.e9_6.2e9_2.37889e+25_40.dat
        90       0.779942        3.54916        17.0938        7.95017        5.15759        6.30006       -1222.16     /gpfs/hpu/EHT2/IHARM/MAD/MAD_a-0.94_384x192x192_IHARM/m_1_1_40/image_a-0.94_0090_17_0_230.e9_6.2e9_2.37889e+25_40.dat
        91       0.612457        3.36516       -39.5295        14.0396        17.3178        15.6939       -2358.98     /gpfs/hpu/EHT2/IHARM/MAD/MAD_a-0.94_384x192x192_IHARM/m_1_1_40/image_a-0.94_0091_17_0_230.e9_6.2e9_2.37889e+25_40.dat
        92       0.581515        3.76981        28.0182        18.4213        54.7428        38.4097        -5476.9     /gpfs/hpu/EHT2/IHARM/MAD/MAD_a-0.94_384x192x192_IHARM/m_1_1_40/image_a-0.94_0092_17_0_230.e9_6.2e9_2.37889e+25_40.dat
        93       0.896726        3.70009        323.654        6.38307        10.3622        8.52004          -1784     /gpfs/hpu/EHT2/IHARM/MAD/MAD_a-0.94_384x192x192_IHARM/m_1_1_40/image_a-0.94_0093_17_0_230.e9_6.2e9_2.37889e+25_40.dat
        94       0.994716         3.8788        236.383        14.1712         34.343        25.2244       -4099.44     /gpfs/hpu/EHT2/IHARM/MAD/MAD_a-0.94_384x192x192_IHARM/m_1_1_40/image_a-0.94_0094_17_0_230.e9_6.2e9_2.37889e+25_40.dat
        95        0.95513        3.75093        274.804        2.78295        7.25927        5.24014       -1140.45     /gpfs/hpu/EHT2/IHARM/MAD/MAD_a-0.94_384x192x192_IHARM/m_1_1_40/image_a-0.94_0095_17_0_230.e9_6.2e9_2.37889e+25_40.dat
        96       0.844545        4.01446        248.031        4.55042        28.8604        18.0227        -2796.7     /gpfs/hpu/EHT2/IHARM/MAD/MAD_a-0.94_384x192x192_IHARM/m_1_1_40/image_a-0.94_0096_17_0_230.e9_6.2e9_2.37889e+25_40.dat
        97        0.85532        3.80596        317.535        2.54536        9.37761        6.31639       -1395.16     /gpfs/hpu/EHT2/IHARM/MAD/MAD_a-0.94_384x192x192_IHARM/m_1_1_40/image_a-0.94_0097_17_0_230.e9_6.2e9_2.37889e+25_40.dat
        98       0.511856        3.89846        219.005        14.1404        8.14566        10.6336       -1801.45     /gpfs/hpu/EHT2/IHARM/MAD/MAD_a-0.94_384x192x192_IHARM/m_1_1_40/image_a-0.94_0098_17_0_230.e9_6.2e9_2.37889e+25_40.dat
        99       0.507722        3.37881        268.981        23.6634        21.7402         22.307       -3210.03     /gpfs/hpu/EHT2/IHARM/MAD/MAD_a-0.94_384x192x192_IHARM/m_1_1_40/image_a-0.94_0099_17_0_230.e9_6.2e9_2.37889e+25_40.dat
