   # Index         I (Jy)      M/D (uas)       PA (deg)  VA red. chisq  CP red. chisq     red. chisq     log-liklhd     FileName
         0       0.528043        3.69769        175.293        5.58934        8.56619         7.1782       -1336.21     /gpfs/hpu/EHT2/IHARM/MAD/MAD_a+0.75_384x192x192_IHARM/m_1_1_80/image_a+0.75_0000_163_0_230.e9_6.2e9_1.50206e+25_80.dat
         1       0.688688        4.23564        112.417        6.80796        26.2039        17.5185       -2571.17     /gpfs/hpu/EHT2/IHARM/MAD/MAD_a+0.75_384x192x192_IHARM/m_1_1_80/image_a+0.75_0001_163_0_230.e9_6.2e9_1.50206e+25_80.dat
         2       0.521953        3.70111        114.274        12.7623        16.6454        14.7687       -2293.18     /gpfs/hpu/EHT2/IHARM/MAD/MAD_a+0.75_384x192x192_IHARM/m_1_1_80/image_a+0.75_0002_163_0_230.e9_6.2e9_1.50206e+25_80.dat
         3       0.573842        3.83344        100.635        3.69536        6.22468         5.0581       -1056.53     /gpfs/hpu/EHT2/IHARM/MAD/MAD_a+0.75_384x192x192_IHARM/m_1_1_80/image_a+0.75_0003_163_0_230.e9_6.2e9_1.50206e+25_80.dat
         4       0.579067        4.15141        148.934        10.7903        7.40199        8.77436       -1526.89     /gpfs/hpu/EHT2/IHARM/MAD/MAD_a+0.75_384x192x192_IHARM/m_1_1_80/image_a+0.75_0004_163_0_230.e9_6.2e9_1.50206e+25_80.dat
         5       0.849934        4.24991        103.982        12.6066         12.319         12.294       -1974.51     /gpfs/hpu/EHT2/IHARM/MAD/MAD_a+0.75_384x192x192_IHARM/m_1_1_80/image_a+0.75_0005_163_0_230.e9_6.2e9_1.50206e+25_80.dat
         6       0.558161        3.74809        158.792        2.85777        8.21357        5.80344       -1192.03     /gpfs/hpu/EHT2/IHARM/MAD/MAD_a+0.75_384x192x192_IHARM/m_1_1_80/image_a+0.75_0006_163_0_230.e9_6.2e9_1.50206e+25_80.dat
         7       0.513279        3.92132        101.566         22.714        11.0255        15.9351       -2374.18     /gpfs/hpu/EHT2/IHARM/MAD/MAD_a+0.75_384x192x192_IHARM/m_1_1_80/image_a+0.75_0007_163_0_230.e9_6.2e9_1.50206e+25_80.dat
         8       0.593026        3.85731        71.6871        11.4946        15.4959        13.5821       -2099.11     /gpfs/hpu/EHT2/IHARM/MAD/MAD_a+0.75_384x192x192_IHARM/m_1_1_80/image_a+0.75_0008_163_0_230.e9_6.2e9_1.50206e+25_80.dat
         9       0.440597        3.53319        120.259        4.01389        12.5198        8.69845        -1539.8     /gpfs/hpu/EHT2/IHARM/MAD/MAD_a+0.75_384x192x192_IHARM/m_1_1_80/image_a+0.75_0009_163_0_230.e9_6.2e9_1.50206e+25_80.dat
        10       0.459233        3.61409         150.08        18.5781        27.9141        23.5484       -3377.95     /gpfs/hpu/EHT2/IHARM/MAD/MAD_a+0.75_384x192x192_IHARM/m_1_1_80/image_a+0.75_0010_163_0_230.e9_6.2e9_1.50206e+25_80.dat
        11       0.456458        3.69252        192.362        4.77758         5.9702        5.38342       -1102.22     /gpfs/hpu/EHT2/IHARM/MAD/MAD_a+0.75_384x192x192_IHARM/m_1_1_80/image_a+0.75_0011_163_0_230.e9_6.2e9_1.50206e+25_80.dat
        12       0.596626        3.82857        181.797        5.74547        10.8231        8.50141       -1561.94     /gpfs/hpu/EHT2/IHARM/MAD/MAD_a+0.75_384x192x192_IHARM/m_1_1_80/image_a+0.75_0012_163_0_230.e9_6.2e9_1.50206e+25_80.dat
        13       0.538588        3.79271        152.576        28.1949        15.0248        20.5253       -3014.92     /gpfs/hpu/EHT2/IHARM/MAD/MAD_a+0.75_384x192x192_IHARM/m_1_1_80/image_a+0.75_0013_163_0_230.e9_6.2e9_1.50206e+25_80.dat
        14       0.532542        3.70551        156.144        21.5286        7.30143        13.3514       -2063.73     /gpfs/hpu/EHT2/IHARM/MAD/MAD_a+0.75_384x192x192_IHARM/m_1_1_80/image_a+0.75_0014_163_0_230.e9_6.2e9_1.50206e+25_80.dat
        15       0.434451        3.71442        141.475        5.75002        9.00711        7.49288       -1327.08     /gpfs/hpu/EHT2/IHARM/MAD/MAD_a+0.75_384x192x192_IHARM/m_1_1_80/image_a+0.75_0015_163_0_230.e9_6.2e9_1.50206e+25_80.dat
        16       0.677275        3.90488        222.497        9.79561        16.6082         13.468       -2267.33     /gpfs/hpu/EHT2/IHARM/MAD/MAD_a+0.75_384x192x192_IHARM/m_1_1_80/image_a+0.75_0016_163_0_230.e9_6.2e9_1.50206e+25_80.dat
        17       0.603316        3.67773         204.61        12.0191        8.42596        9.87431       -1700.54     /gpfs/hpu/EHT2/IHARM/MAD/MAD_a+0.75_384x192x192_IHARM/m_1_1_80/image_a+0.75_0017_163_0_230.e9_6.2e9_1.50206e+25_80.dat
        18       0.563491        4.13845        183.566        3.48997        11.6268        7.97551       -1398.18     /gpfs/hpu/EHT2/IHARM/MAD/MAD_a+0.75_384x192x192_IHARM/m_1_1_80/image_a+0.75_0018_163_0_230.e9_6.2e9_1.50206e+25_80.dat
        19       0.512188        4.01633        81.3691         5.0903        10.6767        8.13726       -1412.79     /gpfs/hpu/EHT2/IHARM/MAD/MAD_a+0.75_384x192x192_IHARM/m_1_1_80/image_a+0.75_0019_163_0_230.e9_6.2e9_1.50206e+25_80.dat
        20       0.417413        3.89672        141.181        3.94416         7.4949        5.87226       -1127.92     /gpfs/hpu/EHT2/IHARM/MAD/MAD_a+0.75_384x192x192_IHARM/m_1_1_80/image_a+0.75_0020_163_0_230.e9_6.2e9_1.50206e+25_80.dat
        21       0.499051        3.68149        111.001        5.32144        8.68856        7.13071       -1331.11     /gpfs/hpu/EHT2/IHARM/MAD/MAD_a+0.75_384x192x192_IHARM/m_1_1_80/image_a+0.75_0021_163_0_230.e9_6.2e9_1.50206e+25_80.dat
        22       0.417512         4.1827        161.203        16.7032        29.0268        23.3586       -3294.23     /gpfs/hpu/EHT2/IHARM/MAD/MAD_a+0.75_384x192x192_IHARM/m_1_1_80/image_a+0.75_0022_163_0_230.e9_6.2e9_1.50206e+25_80.dat
        23       0.545661        3.86897         133.88        9.46892        13.8888        11.8138       -1924.79     /gpfs/hpu/EHT2/IHARM/MAD/MAD_a+0.75_384x192x192_IHARM/m_1_1_80/image_a+0.75_0023_163_0_230.e9_6.2e9_1.50206e+25_80.dat
        24       0.511745        3.63496         142.27        8.78257         8.5369        8.53962       -1501.26     /gpfs/hpu/EHT2/IHARM/MAD/MAD_a+0.75_384x192x192_IHARM/m_1_1_80/image_a+0.75_0024_163_0_230.e9_6.2e9_1.50206e+25_80.dat
        25       0.896106        3.91261        156.272        12.4096        8.92337        10.3196       -1831.09     /gpfs/hpu/EHT2/IHARM/MAD/MAD_a+0.75_384x192x192_IHARM/m_1_1_80/image_a+0.75_0025_163_0_230.e9_6.2e9_1.50206e+25_80.dat
        26       0.751631        4.39877         87.157        26.5827        18.1327        21.5591        -3135.2     /gpfs/hpu/EHT2/IHARM/MAD/MAD_a+0.75_384x192x192_IHARM/m_1_1_80/image_a+0.75_0026_163_0_230.e9_6.2e9_1.50206e+25_80.dat
        27        1.17018        4.61485        47.8102        43.3846        78.2569        62.2645       -8244.81     /gpfs/hpu/EHT2/IHARM/MAD/MAD_a+0.75_384x192x192_IHARM/m_1_1_80/image_a+0.75_0027_163_0_230.e9_6.2e9_1.50206e+25_80.dat
        28        1.22319        3.12096        195.358        19.1664        9.24107        13.4116       -2281.42     /gpfs/hpu/EHT2/IHARM/MAD/MAD_a+0.75_384x192x192_IHARM/m_1_1_80/image_a+0.75_0028_163_0_230.e9_6.2e9_1.50206e+25_80.dat
        29       0.630267        3.20914        133.456        8.93476         18.836        14.3362       -2256.44     /gpfs/hpu/EHT2/IHARM/MAD/MAD_a+0.75_384x192x192_IHARM/m_1_1_80/image_a+0.75_0029_163_0_230.e9_6.2e9_1.50206e+25_80.dat
        30       0.548513        4.13616        158.059        7.14935         9.2939         8.2562       -1405.01     /gpfs/hpu/EHT2/IHARM/MAD/MAD_a+0.75_384x192x192_IHARM/m_1_1_80/image_a+0.75_0030_163_0_230.e9_6.2e9_1.50206e+25_80.dat
        31       0.544384        3.62573        200.913        5.18528        12.6722        9.28866       -1631.49     /gpfs/hpu/EHT2/IHARM/MAD/MAD_a+0.75_384x192x192_IHARM/m_1_1_80/image_a+0.75_0031_163_0_230.e9_6.2e9_1.50206e+25_80.dat
        32       0.674141        3.64629        191.039        6.83484         9.1431         8.0366       -1563.36     /gpfs/hpu/EHT2/IHARM/MAD/MAD_a+0.75_384x192x192_IHARM/m_1_1_80/image_a+0.75_0032_163_0_230.e9_6.2e9_1.50206e+25_80.dat
        33       0.955804        3.65501        186.086        5.94507        9.66416        7.94265       -1615.14     /gpfs/hpu/EHT2/IHARM/MAD/MAD_a+0.75_384x192x192_IHARM/m_1_1_80/image_a+0.75_0033_163_0_230.e9_6.2e9_1.50206e+25_80.dat
        34        1.10117        4.33854          192.8        11.1808        16.8933        14.2243       -2410.47     /gpfs/hpu/EHT2/IHARM/MAD/MAD_a+0.75_384x192x192_IHARM/m_1_1_80/image_a+0.75_0034_163_0_230.e9_6.2e9_1.50206e+25_80.dat
        35       0.895521        4.54916        183.042        16.1378        11.3735        13.2915       -2261.91     /gpfs/hpu/EHT2/IHARM/MAD/MAD_a+0.75_384x192x192_IHARM/m_1_1_80/image_a+0.75_0035_163_0_230.e9_6.2e9_1.50206e+25_80.dat
        36       0.486656        3.94106        155.372        4.56913        4.55731        4.50728       -962.272     /gpfs/hpu/EHT2/IHARM/MAD/MAD_a+0.75_384x192x192_IHARM/m_1_1_80/image_a+0.75_0036_163_0_230.e9_6.2e9_1.50206e+25_80.dat
        37        0.42571        3.85032        125.921        6.62291        9.32342         8.0455       -1381.31     /gpfs/hpu/EHT2/IHARM/MAD/MAD_a+0.75_384x192x192_IHARM/m_1_1_80/image_a+0.75_0037_163_0_230.e9_6.2e9_1.50206e+25_80.dat
        38       0.437703        3.76888        133.536         7.2915        12.3944        10.0428       -1646.65     /gpfs/hpu/EHT2/IHARM/MAD/MAD_a+0.75_384x192x192_IHARM/m_1_1_80/image_a+0.75_0038_163_0_230.e9_6.2e9_1.50206e+25_80.dat
        39       0.465637        3.63078        142.783        4.82824        5.92829        5.38196       -1099.63     /gpfs/hpu/EHT2/IHARM/MAD/MAD_a+0.75_384x192x192_IHARM/m_1_1_80/image_a+0.75_0039_163_0_230.e9_6.2e9_1.50206e+25_80.dat
        40       0.358464        3.68273        114.966        6.20175        7.87255        7.05645       -1266.17     /gpfs/hpu/EHT2/IHARM/MAD/MAD_a+0.75_384x192x192_IHARM/m_1_1_80/image_a+0.75_0040_163_0_230.e9_6.2e9_1.50206e+25_80.dat
        41       0.509748        3.94812        135.766        4.35985        3.87145        4.03534       -897.507     /gpfs/hpu/EHT2/IHARM/MAD/MAD_a+0.75_384x192x192_IHARM/m_1_1_80/image_a+0.75_0041_163_0_230.e9_6.2e9_1.50206e+25_80.dat
        42       0.490019        3.89108         164.94        13.7657        6.32438        9.45842       -1618.19     /gpfs/hpu/EHT2/IHARM/MAD/MAD_a+0.75_384x192x192_IHARM/m_1_1_80/image_a+0.75_0042_163_0_230.e9_6.2e9_1.50206e+25_80.dat
        43       0.567411        3.99201        155.513        15.6993        7.67105         11.042       -1844.04     /gpfs/hpu/EHT2/IHARM/MAD/MAD_a+0.75_384x192x192_IHARM/m_1_1_80/image_a+0.75_0043_163_0_230.e9_6.2e9_1.50206e+25_80.dat
        44       0.539586        3.80137        145.087        6.60217        5.56841        5.94707       -1192.39     /gpfs/hpu/EHT2/IHARM/MAD/MAD_a+0.75_384x192x192_IHARM/m_1_1_80/image_a+0.75_0044_163_0_230.e9_6.2e9_1.50206e+25_80.dat
        45       0.418899        3.92615        175.378        2.97574        4.25472        3.65144       -910.553     /gpfs/hpu/EHT2/IHARM/MAD/MAD_a+0.75_384x192x192_IHARM/m_1_1_80/image_a+0.75_0045_163_0_230.e9_6.2e9_1.50206e+25_80.dat
        46       0.400922         4.0714        183.211        6.27018        4.70079        5.32104       -1061.03     /gpfs/hpu/EHT2/IHARM/MAD/MAD_a+0.75_384x192x192_IHARM/m_1_1_80/image_a+0.75_0046_163_0_230.e9_6.2e9_1.50206e+25_80.dat
        47        0.52866        3.68645         187.34        8.46303        9.21454        8.77883       -1607.38     /gpfs/hpu/EHT2/IHARM/MAD/MAD_a+0.75_384x192x192_IHARM/m_1_1_80/image_a+0.75_0047_163_0_230.e9_6.2e9_1.50206e+25_80.dat
        48       0.572704        3.83454        186.668        7.81758        7.65482        7.63244       -1475.94     /gpfs/hpu/EHT2/IHARM/MAD/MAD_a+0.75_384x192x192_IHARM/m_1_1_80/image_a+0.75_0048_163_0_230.e9_6.2e9_1.50206e+25_80.dat
        49       0.394723        3.74512        130.859        3.89661        8.80905        6.58301       -1246.89     /gpfs/hpu/EHT2/IHARM/MAD/MAD_a+0.75_384x192x192_IHARM/m_1_1_80/image_a+0.75_0049_163_0_230.e9_6.2e9_1.50206e+25_80.dat
        50       0.510525        4.21594        193.738          5.272        3.60401        4.28007       -924.254     /gpfs/hpu/EHT2/IHARM/MAD/MAD_a+0.75_384x192x192_IHARM/m_1_1_80/image_a+0.75_0050_163_0_230.e9_6.2e9_1.50206e+25_80.dat
        51        1.05217        4.09981        138.918        6.92308        14.0198        10.7883       -1932.89     /gpfs/hpu/EHT2/IHARM/MAD/MAD_a+0.75_384x192x192_IHARM/m_1_1_80/image_a+0.75_0051_163_0_230.e9_6.2e9_1.50206e+25_80.dat
        52       0.645794        3.95277        179.683        9.60617        5.87198        7.41207       -1442.21     /gpfs/hpu/EHT2/IHARM/MAD/MAD_a+0.75_384x192x192_IHARM/m_1_1_80/image_a+0.75_0052_163_0_230.e9_6.2e9_1.50206e+25_80.dat
        53       0.400959        3.78513        161.051        7.26275        9.04124        8.16454        -1454.9     /gpfs/hpu/EHT2/IHARM/MAD/MAD_a+0.75_384x192x192_IHARM/m_1_1_80/image_a+0.75_0053_163_0_230.e9_6.2e9_1.50206e+25_80.dat
        54       0.561956        3.97935        180.317         13.229        5.56365        8.80358       -1553.27     /gpfs/hpu/EHT2/IHARM/MAD/MAD_a+0.75_384x192x192_IHARM/m_1_1_80/image_a+0.75_0054_163_0_230.e9_6.2e9_1.50206e+25_80.dat
        55       0.475159        3.93564        79.4545        3.95061        10.3795        7.48019       -1311.03     /gpfs/hpu/EHT2/IHARM/MAD/MAD_a+0.75_384x192x192_IHARM/m_1_1_80/image_a+0.75_0055_163_0_230.e9_6.2e9_1.50206e+25_80.dat
        56       0.474242         3.9154        174.043        6.23245        6.39218        6.24594       -1245.63     /gpfs/hpu/EHT2/IHARM/MAD/MAD_a+0.75_384x192x192_IHARM/m_1_1_80/image_a+0.75_0056_163_0_230.e9_6.2e9_1.50206e+25_80.dat
        57       0.387301        3.68575         101.19        6.62526         9.0705        7.90577       -1368.85     /gpfs/hpu/EHT2/IHARM/MAD/MAD_a+0.75_384x192x192_IHARM/m_1_1_80/image_a+0.75_0057_163_0_230.e9_6.2e9_1.50206e+25_80.dat
        58       0.441159        3.53795        175.003        3.49227        5.56199        4.60172       -1010.67     /gpfs/hpu/EHT2/IHARM/MAD/MAD_a+0.75_384x192x192_IHARM/m_1_1_80/image_a+0.75_0058_163_0_230.e9_6.2e9_1.50206e+25_80.dat
        59        0.55743        3.60249        171.277        6.87763        4.03511        5.21271        -1070.8     /gpfs/hpu/EHT2/IHARM/MAD/MAD_a+0.75_384x192x192_IHARM/m_1_1_80/image_a+0.75_0059_163_0_230.e9_6.2e9_1.50206e+25_80.dat
        60       0.489827        3.82548        126.698         4.4423        9.31544        7.10023       -1273.68     /gpfs/hpu/EHT2/IHARM/MAD/MAD_a+0.75_384x192x192_IHARM/m_1_1_80/image_a+0.75_0060_163_0_230.e9_6.2e9_1.50206e+25_80.dat
        61       0.457197        3.82487        133.182        9.27668        10.4758        9.83171       -1601.51     /gpfs/hpu/EHT2/IHARM/MAD/MAD_a+0.75_384x192x192_IHARM/m_1_1_80/image_a+0.75_0061_163_0_230.e9_6.2e9_1.50206e+25_80.dat
        62       0.489957         3.8135        108.325        2.46497        5.17158        3.94125       -873.041     /gpfs/hpu/EHT2/IHARM/MAD/MAD_a+0.75_384x192x192_IHARM/m_1_1_80/image_a+0.75_0062_163_0_230.e9_6.2e9_1.50206e+25_80.dat
        63       0.468368        3.83928         86.516        3.30129        20.3606         12.754       -1977.13     /gpfs/hpu/EHT2/IHARM/MAD/MAD_a+0.75_384x192x192_IHARM/m_1_1_80/image_a+0.75_0063_163_0_230.e9_6.2e9_1.50206e+25_80.dat
        64         0.6869         3.5715        48.5567        9.71673        24.1089        17.6077       -2576.53     /gpfs/hpu/EHT2/IHARM/MAD/MAD_a+0.75_384x192x192_IHARM/m_1_1_80/image_a+0.75_0064_163_0_230.e9_6.2e9_1.50206e+25_80.dat
        65       0.740732        4.02319        83.8081        13.8255        13.6949        13.5856       -2164.36     /gpfs/hpu/EHT2/IHARM/MAD/MAD_a+0.75_384x192x192_IHARM/m_1_1_80/image_a+0.75_0065_163_0_230.e9_6.2e9_1.50206e+25_80.dat
        66       0.847265         4.5164        17.2107        5.96548        17.4914        12.3069        -2051.6     /gpfs/hpu/EHT2/IHARM/MAD/MAD_a+0.75_384x192x192_IHARM/m_1_1_80/image_a+0.75_0066_163_0_230.e9_6.2e9_1.50206e+25_80.dat
        67        0.68634        3.48449         182.66        13.2134        11.9261        12.3373       -2105.93     /gpfs/hpu/EHT2/IHARM/MAD/MAD_a+0.75_384x192x192_IHARM/m_1_1_80/image_a+0.75_0067_163_0_230.e9_6.2e9_1.50206e+25_80.dat
        68       0.630598        3.61757        102.118        16.0195        26.4313        21.6194       -3175.97     /gpfs/hpu/EHT2/IHARM/MAD/MAD_a+0.75_384x192x192_IHARM/m_1_1_80/image_a+0.75_0068_163_0_230.e9_6.2e9_1.50206e+25_80.dat
        69       0.547017        3.81772        158.223        2.47915        6.41509        4.63932        -983.13     /gpfs/hpu/EHT2/IHARM/MAD/MAD_a+0.75_384x192x192_IHARM/m_1_1_80/image_a+0.75_0069_163_0_230.e9_6.2e9_1.50206e+25_80.dat
        70       0.595906        3.90282        204.748        8.15218        5.72908        6.70523       -1320.81     /gpfs/hpu/EHT2/IHARM/MAD/MAD_a+0.75_384x192x192_IHARM/m_1_1_80/image_a+0.75_0070_163_0_230.e9_6.2e9_1.50206e+25_80.dat
        71        0.46337        3.83743        197.729        9.42031         6.3667        7.60716       -1382.19     /gpfs/hpu/EHT2/IHARM/MAD/MAD_a+0.75_384x192x192_IHARM/m_1_1_80/image_a+0.75_0071_163_0_230.e9_6.2e9_1.50206e+25_80.dat
        72       0.504403        3.99105        191.693        17.5585        7.34529        11.6629       -1899.21     /gpfs/hpu/EHT2/IHARM/MAD/MAD_a+0.75_384x192x192_IHARM/m_1_1_80/image_a+0.75_0072_163_0_230.e9_6.2e9_1.50206e+25_80.dat
        73       0.393939        3.95029        137.677        4.23444        9.30963        7.00731       -1266.55     /gpfs/hpu/EHT2/IHARM/MAD/MAD_a+0.75_384x192x192_IHARM/m_1_1_80/image_a+0.75_0073_163_0_230.e9_6.2e9_1.50206e+25_80.dat
        74       0.438638        3.77653        191.887        10.8102        8.35806        9.31493       -1595.53     /gpfs/hpu/EHT2/IHARM/MAD/MAD_a+0.75_384x192x192_IHARM/m_1_1_80/image_a+0.75_0074_163_0_230.e9_6.2e9_1.50206e+25_80.dat
        75        0.45684        3.99088        134.395        9.71639        14.8672         12.465       -2000.26     /gpfs/hpu/EHT2/IHARM/MAD/MAD_a+0.75_384x192x192_IHARM/m_1_1_80/image_a+0.75_0075_163_0_230.e9_6.2e9_1.50206e+25_80.dat
        76       0.469357        4.00275        173.161        21.2194        9.78237        14.5986       -2265.96     /gpfs/hpu/EHT2/IHARM/MAD/MAD_a+0.75_384x192x192_IHARM/m_1_1_80/image_a+0.75_0076_163_0_230.e9_6.2e9_1.50206e+25_80.dat
        77       0.572376        3.92651        169.491        15.0786        18.3561        16.7199       -2588.41     /gpfs/hpu/EHT2/IHARM/MAD/MAD_a+0.75_384x192x192_IHARM/m_1_1_80/image_a+0.75_0077_163_0_230.e9_6.2e9_1.50206e+25_80.dat
        78       0.450799        3.80233        130.281        8.04014        7.49327        7.63857       -1368.16     /gpfs/hpu/EHT2/IHARM/MAD/MAD_a+0.75_384x192x192_IHARM/m_1_1_80/image_a+0.75_0078_163_0_230.e9_6.2e9_1.50206e+25_80.dat
        79       0.467344        3.78601        124.305        3.17492        4.41002        3.82379       -861.549     /gpfs/hpu/EHT2/IHARM/MAD/MAD_a+0.75_384x192x192_IHARM/m_1_1_80/image_a+0.75_0079_163_0_230.e9_6.2e9_1.50206e+25_80.dat
        80       0.512895        3.71055        95.7595        7.22578        7.69093         7.3972       -1320.21     /gpfs/hpu/EHT2/IHARM/MAD/MAD_a+0.75_384x192x192_IHARM/m_1_1_80/image_a+0.75_0080_163_0_230.e9_6.2e9_1.50206e+25_80.dat
        81       0.474356        3.41708        156.842        5.94481        8.20112        7.12842       -1280.15     /gpfs/hpu/EHT2/IHARM/MAD/MAD_a+0.75_384x192x192_IHARM/m_1_1_80/image_a+0.75_0081_163_0_230.e9_6.2e9_1.50206e+25_80.dat
        82       0.598011         3.4484        138.674        5.28786        3.39909        4.17289       -1001.41     /gpfs/hpu/EHT2/IHARM/MAD/MAD_a+0.75_384x192x192_IHARM/m_1_1_80/image_a+0.75_0082_163_0_230.e9_6.2e9_1.50206e+25_80.dat
        83        0.61414        3.81012        109.559        5.76787        3.61895        4.50232       -1002.77     /gpfs/hpu/EHT2/IHARM/MAD/MAD_a+0.75_384x192x192_IHARM/m_1_1_80/image_a+0.75_0083_163_0_230.e9_6.2e9_1.50206e+25_80.dat
        84        1.08081        4.06443        168.955         8.4055        11.1962        9.85668       -1891.78     /gpfs/hpu/EHT2/IHARM/MAD/MAD_a+0.75_384x192x192_IHARM/m_1_1_80/image_a+0.75_0084_163_0_230.e9_6.2e9_1.50206e+25_80.dat
        85       0.826966        4.01212         142.69        7.01116        8.49883        7.75416       -1455.41     /gpfs/hpu/EHT2/IHARM/MAD/MAD_a+0.75_384x192x192_IHARM/m_1_1_80/image_a+0.75_0085_163_0_230.e9_6.2e9_1.50206e+25_80.dat
        86       0.841293        3.49481          124.4        6.93517        9.53946        8.30044       -1587.11     /gpfs/hpu/EHT2/IHARM/MAD/MAD_a+0.75_384x192x192_IHARM/m_1_1_80/image_a+0.75_0086_163_0_230.e9_6.2e9_1.50206e+25_80.dat
        87       0.780728        3.91924        188.277        6.43381        9.98391        8.33144       -1538.03     /gpfs/hpu/EHT2/IHARM/MAD/MAD_a+0.75_384x192x192_IHARM/m_1_1_80/image_a+0.75_0087_163_0_230.e9_6.2e9_1.50206e+25_80.dat
        88       0.498868        3.74629        176.125         6.6899        5.23064        5.79697       -1139.16     /gpfs/hpu/EHT2/IHARM/MAD/MAD_a+0.75_384x192x192_IHARM/m_1_1_80/image_a+0.75_0088_163_0_230.e9_6.2e9_1.50206e+25_80.dat
        89       0.472625        3.81575         97.001        3.81227        11.5372        8.06469        -1399.6     /gpfs/hpu/EHT2/IHARM/MAD/MAD_a+0.75_384x192x192_IHARM/m_1_1_80/image_a+0.75_0089_163_0_230.e9_6.2e9_1.50206e+25_80.dat
        90       0.562595        3.74195        186.682        15.2449        10.7462        12.5572       -2076.69     /gpfs/hpu/EHT2/IHARM/MAD/MAD_a+0.75_384x192x192_IHARM/m_1_1_80/image_a+0.75_0090_163_0_230.e9_6.2e9_1.50206e+25_80.dat
        91       0.483009         3.9796        137.435        9.52794        7.53697         8.3048        -1470.6     /gpfs/hpu/EHT2/IHARM/MAD/MAD_a+0.75_384x192x192_IHARM/m_1_1_80/image_a+0.75_0091_163_0_230.e9_6.2e9_1.50206e+25_80.dat
        92       0.505335        4.05088        137.668        4.50268        3.33441        3.79813       -922.852     /gpfs/hpu/EHT2/IHARM/MAD/MAD_a+0.75_384x192x192_IHARM/m_1_1_80/image_a+0.75_0092_163_0_230.e9_6.2e9_1.50206e+25_80.dat
        93       0.476227        3.88757        115.838        3.58757        3.30861        3.38894       -800.326     /gpfs/hpu/EHT2/IHARM/MAD/MAD_a+0.75_384x192x192_IHARM/m_1_1_80/image_a+0.75_0093_163_0_230.e9_6.2e9_1.50206e+25_80.dat
        94       0.517655        3.87989        169.288        7.07442        4.77342        5.70845       -1166.48     /gpfs/hpu/EHT2/IHARM/MAD/MAD_a+0.75_384x192x192_IHARM/m_1_1_80/image_a+0.75_0094_163_0_230.e9_6.2e9_1.50206e+25_80.dat
        95       0.429445        3.92285        162.411        9.08955        6.03009        7.27715       -1320.09     /gpfs/hpu/EHT2/IHARM/MAD/MAD_a+0.75_384x192x192_IHARM/m_1_1_80/image_a+0.75_0095_163_0_230.e9_6.2e9_1.50206e+25_80.dat
        96       0.381131        3.71903        144.341        3.82512        4.63061        4.22707       -911.498     /gpfs/hpu/EHT2/IHARM/MAD/MAD_a+0.75_384x192x192_IHARM/m_1_1_80/image_a+0.75_0096_163_0_230.e9_6.2e9_1.50206e+25_80.dat
        97       0.482211        3.75334        174.322        13.3001        9.01964        10.7573       -1748.74     /gpfs/hpu/EHT2/IHARM/MAD/MAD_a+0.75_384x192x192_IHARM/m_1_1_80/image_a+0.75_0097_163_0_230.e9_6.2e9_1.50206e+25_80.dat
        98       0.663726        3.84881        181.812         19.156        6.20001        11.7149       -1903.67     /gpfs/hpu/EHT2/IHARM/MAD/MAD_a+0.75_384x192x192_IHARM/m_1_1_80/image_a+0.75_0098_163_0_230.e9_6.2e9_1.50206e+25_80.dat
        99       0.674808        3.53789        85.0614        6.12278        7.99425         7.0901       -1341.09     /gpfs/hpu/EHT2/IHARM/MAD/MAD_a+0.75_384x192x192_IHARM/m_1_1_80/image_a+0.75_0099_163_0_230.e9_6.2e9_1.50206e+25_80.dat
