   # Index         I (Jy)      M/D (uas)       PA (deg)  VA red. chisq  CP red. chisq     red. chisq     log-liklhd     FileName
         0       0.404321        3.04563       -216.936        3.68321        12.9711         8.8069       -1522.57     /gpfs/hpu/EHT2020/sc_4/Sa0/m_1_1_160/image_Sa0_1000_163_0_230.e9_6.2e9_6.94871e+29_160_4.dat
         1       0.624418        2.99192       -199.392        3.88448        21.9595        13.8954       -2295.99     /gpfs/hpu/EHT2020/sc_4/Sa0/m_1_1_160/image_Sa0_1010_163_0_230.e9_6.2e9_6.94871e+29_160_4.dat
         2       0.399446          3.196       -192.317        1.80164        6.00044        4.11627       -938.944     /gpfs/hpu/EHT2020/sc_4/Sa0/m_1_1_160/image_Sa0_1020_163_0_230.e9_6.2e9_6.94871e+29_160_4.dat
         3       0.354846        3.15524       -214.547        5.79734        7.73965        6.80801       -1247.05     /gpfs/hpu/EHT2020/sc_4/Sa0/m_1_1_160/image_Sa0_1030_163_0_230.e9_6.2e9_6.94871e+29_160_4.dat
         4       0.438113        3.05679       -226.694        6.31267        53.1328        32.2894       -4589.24     /gpfs/hpu/EHT2020/sc_4/Sa0/m_1_1_160/image_Sa0_1040_163_0_230.e9_6.2e9_6.94871e+29_160_4.dat
         5       0.459682        2.97029       -211.518        3.91433        8.85632        6.61696       -1335.94     /gpfs/hpu/EHT2020/sc_4/Sa0/m_1_1_160/image_Sa0_1050_163_0_230.e9_6.2e9_6.94871e+29_160_4.dat
         6       0.518009        3.17332       -195.359        7.11516         6.3734        6.61633       -1320.23     /gpfs/hpu/EHT2020/sc_4/Sa0/m_1_1_160/image_Sa0_1060_163_0_230.e9_6.2e9_6.94871e+29_160_4.dat
         7       0.573396        3.14486       -212.734        2.04407        13.9032        8.61839       -1588.28     /gpfs/hpu/EHT2020/sc_4/Sa0/m_1_1_160/image_Sa0_1070_163_0_230.e9_6.2e9_6.94871e+29_160_4.dat
         8       0.478607        3.04697       -228.791        3.22623        17.0656        10.8881       -1852.42     /gpfs/hpu/EHT2020/sc_4/Sa0/m_1_1_160/image_Sa0_1080_163_0_230.e9_6.2e9_6.94871e+29_160_4.dat
         9         0.6325        3.04886       -231.785         4.0898        20.9829        13.4405       -2255.79     /gpfs/hpu/EHT2020/sc_4/Sa0/m_1_1_160/image_Sa0_1090_163_0_230.e9_6.2e9_6.94871e+29_160_4.dat
        10       0.524804        3.06966        -245.58        4.91345        28.4185        17.9334       -2750.31     /gpfs/hpu/EHT2020/sc_4/Sa0/m_1_1_160/image_Sa0_1100_163_0_230.e9_6.2e9_6.94871e+29_160_4.dat
        11       0.540681         3.0468       -239.417        6.59714        45.6144        28.2286       -4072.27     /gpfs/hpu/EHT2020/sc_4/Sa0/m_1_1_160/image_Sa0_1110_163_0_230.e9_6.2e9_6.94871e+29_160_4.dat
        12       0.413951        3.06872       -182.921        2.28588        3.97961         3.2007       -824.251     /gpfs/hpu/EHT2020/sc_4/Sa0/m_1_1_160/image_Sa0_1120_163_0_230.e9_6.2e9_6.94871e+29_160_4.dat
        13       0.466096        3.05301       -223.699        3.76429        11.8775        8.23336       -1451.46     /gpfs/hpu/EHT2020/sc_4/Sa0/m_1_1_160/image_Sa0_1130_163_0_230.e9_6.2e9_6.94871e+29_160_4.dat
        14       0.536981        3.06226       -192.039        4.73916        11.5945        8.49649       -1549.56     /gpfs/hpu/EHT2020/sc_4/Sa0/m_1_1_160/image_Sa0_1140_163_0_230.e9_6.2e9_6.94871e+29_160_4.dat
        15       0.422486        3.32302       -198.147        3.46811        5.96583        4.81602       -1009.93     /gpfs/hpu/EHT2020/sc_4/Sa0/m_1_1_160/image_Sa0_1150_163_0_230.e9_6.2e9_6.94871e+29_160_4.dat
        16       0.426179        3.02422       -192.523        7.00495        20.4463        14.3997       -2258.98     /gpfs/hpu/EHT2020/sc_4/Sa0/m_1_1_160/image_Sa0_1160_163_0_230.e9_6.2e9_6.94871e+29_160_4.dat
        17       0.427577        3.03701       -220.248        3.02736         9.1695        6.40854       -1247.55     /gpfs/hpu/EHT2020/sc_4/Sa0/m_1_1_160/image_Sa0_1170_163_0_230.e9_6.2e9_6.94871e+29_160_4.dat
        18       0.516689        3.12679       -236.981        4.71047        25.4872        16.2148       -2538.65     /gpfs/hpu/EHT2020/sc_4/Sa0/m_1_1_160/image_Sa0_1180_163_0_230.e9_6.2e9_6.94871e+29_160_4.dat
        19       0.400711         3.0886       -192.871        3.86224        3.14755        3.41783       -844.785     /gpfs/hpu/EHT2020/sc_4/Sa0/m_1_1_160/image_Sa0_1190_163_0_230.e9_6.2e9_6.94871e+29_160_4.dat
        20        0.38124        3.04879       -205.623         1.8991        6.01422        4.16599       -925.428     /gpfs/hpu/EHT2020/sc_4/Sa0/m_1_1_160/image_Sa0_1200_163_0_230.e9_6.2e9_6.94871e+29_160_4.dat
        21       0.491635        3.37531       -173.494        4.57183        7.57887         6.1898       -1243.65     /gpfs/hpu/EHT2020/sc_4/Sa0/m_1_1_160/image_Sa0_1210_163_0_230.e9_6.2e9_6.94871e+29_160_4.dat
        22       0.451445        3.36608        -220.22        3.27864         9.5547         6.7313       -1255.69     /gpfs/hpu/EHT2020/sc_4/Sa0/m_1_1_160/image_Sa0_1220_163_0_230.e9_6.2e9_6.94871e+29_160_4.dat
        23       0.407763        3.18991       -204.689        2.56169        6.99902        4.99986       -1047.86     /gpfs/hpu/EHT2020/sc_4/Sa0/m_1_1_160/image_Sa0_1230_163_0_230.e9_6.2e9_6.94871e+29_160_4.dat
        24        0.46521         3.1547       -226.411        2.71565        11.5268        7.58578       -1408.94     /gpfs/hpu/EHT2020/sc_4/Sa0/m_1_1_160/image_Sa0_1240_163_0_230.e9_6.2e9_6.94871e+29_160_4.dat
        25       0.513176        3.08761       -201.328        3.03105        8.35296        5.95577       -1200.94     /gpfs/hpu/EHT2020/sc_4/Sa0/m_1_1_160/image_Sa0_1250_163_0_230.e9_6.2e9_6.94871e+29_160_4.dat
        26       0.395611        3.02325       -246.298        7.06031        13.1242        10.3492       -1685.68     /gpfs/hpu/EHT2020/sc_4/Sa0/m_1_1_160/image_Sa0_1260_163_0_230.e9_6.2e9_6.94871e+29_160_4.dat
        27        0.49626        3.03957       -236.512        8.27982        78.5506         47.282       -6688.93     /gpfs/hpu/EHT2020/sc_4/Sa0/m_1_1_160/image_Sa0_1270_163_0_230.e9_6.2e9_6.94871e+29_160_4.dat
        28       0.545771        3.05796       -280.736        8.61688        42.4119        27.3179       -3975.06     /gpfs/hpu/EHT2020/sc_4/Sa0/m_1_1_160/image_Sa0_1280_163_0_230.e9_6.2e9_6.94871e+29_160_4.dat
        29        0.59442        2.94286       -229.871        5.70622        32.3611        20.4693       -3107.34     /gpfs/hpu/EHT2020/sc_4/Sa0/m_1_1_160/image_Sa0_1290_163_0_230.e9_6.2e9_6.94871e+29_160_4.dat
        30       0.554001        3.15118       -254.865        4.46686        27.2272        17.0778       -2618.64     /gpfs/hpu/EHT2020/sc_4/Sa0/m_1_1_160/image_Sa0_1300_163_0_230.e9_6.2e9_6.94871e+29_160_4.dat
        31       0.410062        3.18803       -225.485        3.01099          8.197        5.86033        -1151.5     /gpfs/hpu/EHT2020/sc_4/Sa0/m_1_1_160/image_Sa0_1310_163_0_230.e9_6.2e9_6.94871e+29_160_4.dat
        32       0.366918        2.97967       -226.904        4.42483        8.97609        6.90386       -1237.08     /gpfs/hpu/EHT2020/sc_4/Sa0/m_1_1_160/image_Sa0_1320_163_0_230.e9_6.2e9_6.94871e+29_160_4.dat
        33       0.446352        3.02472       -235.164        2.61238        12.3262        7.98602        -1449.8     /gpfs/hpu/EHT2020/sc_4/Sa0/m_1_1_160/image_Sa0_1330_163_0_230.e9_6.2e9_6.94871e+29_160_4.dat
        34       0.473046         3.1207       -259.062         6.0244        8.86447        7.53189        -1347.3     /gpfs/hpu/EHT2020/sc_4/Sa0/m_1_1_160/image_Sa0_1340_163_0_230.e9_6.2e9_6.94871e+29_160_4.dat
        35       0.458911        3.06824       -175.792        2.95367        12.7136        8.34884        -1504.1     /gpfs/hpu/EHT2020/sc_4/Sa0/m_1_1_160/image_Sa0_1350_163_0_230.e9_6.2e9_6.94871e+29_160_4.dat
        36       0.454879        2.97129       -189.885        3.00888        7.70823        5.58744       -1156.58     /gpfs/hpu/EHT2020/sc_4/Sa0/m_1_1_160/image_Sa0_1360_163_0_230.e9_6.2e9_6.94871e+29_160_4.dat
        37       0.542604        3.01241       -206.427        3.93969        23.0479        14.5248        -2332.4     /gpfs/hpu/EHT2020/sc_4/Sa0/m_1_1_160/image_Sa0_1370_163_0_230.e9_6.2e9_6.94871e+29_160_4.dat
        38       0.399106        2.83991       -219.787        6.28017        21.9118        14.9024       -2298.04     /gpfs/hpu/EHT2020/sc_4/Sa0/m_1_1_160/image_Sa0_1380_163_0_230.e9_6.2e9_6.94871e+29_160_4.dat
        39       0.535514        2.96747       -195.312        2.25835        16.6231        10.2243       -1750.66     /gpfs/hpu/EHT2020/sc_4/Sa0/m_1_1_160/image_Sa0_1390_163_0_230.e9_6.2e9_6.94871e+29_160_4.dat
        40       0.473159        3.02332       -196.728         2.9685         8.2078        5.84801        -1192.8     /gpfs/hpu/EHT2020/sc_4/Sa0/m_1_1_160/image_Sa0_1400_163_0_230.e9_6.2e9_6.94871e+29_160_4.dat
        41       0.447556        3.25491       -194.546         4.2136        8.30756        6.44072        -1187.1     /gpfs/hpu/EHT2020/sc_4/Sa0/m_1_1_160/image_Sa0_1410_163_0_230.e9_6.2e9_6.94871e+29_160_4.dat
        42       0.456045        3.23056       -221.631        3.59147        5.92527        4.84667       -985.883     /gpfs/hpu/EHT2020/sc_4/Sa0/m_1_1_160/image_Sa0_1420_163_0_230.e9_6.2e9_6.94871e+29_160_4.dat
        43       0.426975         3.1805       -230.251        8.38308        18.3809         13.845       -2108.66     /gpfs/hpu/EHT2020/sc_4/Sa0/m_1_1_160/image_Sa0_1430_163_0_230.e9_6.2e9_6.94871e+29_160_4.dat
        44       0.584692        3.00281        -176.47        8.45022        23.6023        16.7794       -2690.05     /gpfs/hpu/EHT2020/sc_4/Sa0/m_1_1_160/image_Sa0_1440_163_0_230.e9_6.2e9_6.94871e+29_160_4.dat
        45       0.485301        2.90336       -236.057        8.67523        17.9915        13.7543        -2180.6     /gpfs/hpu/EHT2020/sc_4/Sa0/m_1_1_160/image_Sa0_1450_163_0_230.e9_6.2e9_6.94871e+29_160_4.dat
        46       0.473324        3.16511       -188.844        2.06754        8.59688        5.67579       -1145.79     /gpfs/hpu/EHT2020/sc_4/Sa0/m_1_1_160/image_Sa0_1460_163_0_230.e9_6.2e9_6.94871e+29_160_4.dat
        47       0.543289        3.21502       -219.107        3.27477         11.842        8.00242       -1467.67     /gpfs/hpu/EHT2020/sc_4/Sa0/m_1_1_160/image_Sa0_1470_163_0_230.e9_6.2e9_6.94871e+29_160_4.dat
        48       0.478861         3.1562       -169.614        1.73765        6.85486        4.56411       -1007.43     /gpfs/hpu/EHT2020/sc_4/Sa0/m_1_1_160/image_Sa0_1480_163_0_230.e9_6.2e9_6.94871e+29_160_4.dat
        49       0.485255        2.97948        -199.85        2.15046        6.53549        4.56451       -1049.32     /gpfs/hpu/EHT2020/sc_4/Sa0/m_1_1_160/image_Sa0_1490_163_0_230.e9_6.2e9_6.94871e+29_160_4.dat
        50       0.399759        3.11974       -168.598        2.19101        7.40383        5.06519       -1067.91     /gpfs/hpu/EHT2020/sc_4/Sa0/m_1_1_160/image_Sa0_1500_163_0_230.e9_6.2e9_6.94871e+29_160_4.dat
        51       0.594716        3.08288       -201.383        3.27878        20.1801        12.6439       -2116.29     /gpfs/hpu/EHT2020/sc_4/Sa0/m_1_1_160/image_Sa0_1510_163_0_230.e9_6.2e9_6.94871e+29_160_4.dat
        52       0.570787        3.06739       -199.857        5.18625        9.41406        7.47608       -1409.42     /gpfs/hpu/EHT2020/sc_4/Sa0/m_1_1_160/image_Sa0_1520_163_0_230.e9_6.2e9_6.94871e+29_160_4.dat
        53        0.42964        3.22922       -187.867        3.17501        8.30879         5.9933       -1176.87     /gpfs/hpu/EHT2020/sc_4/Sa0/m_1_1_160/image_Sa0_1530_163_0_230.e9_6.2e9_6.94871e+29_160_4.dat
        54        0.57327        3.31712       -196.759        3.29224         4.6487        4.00722       -937.465     /gpfs/hpu/EHT2020/sc_4/Sa0/m_1_1_160/image_Sa0_1540_163_0_230.e9_6.2e9_6.94871e+29_160_4.dat
        55       0.476995        3.05957       -260.306         2.5315        9.08267        6.14629       -1209.32     /gpfs/hpu/EHT2020/sc_4/Sa0/m_1_1_160/image_Sa0_1550_163_0_230.e9_6.2e9_6.94871e+29_160_4.dat
        56       0.439935        3.03564       -175.487         2.5244        5.26153        4.01695       -927.102     /gpfs/hpu/EHT2020/sc_4/Sa0/m_1_1_160/image_Sa0_1560_163_0_230.e9_6.2e9_6.94871e+29_160_4.dat
        57       0.409659        2.93912       -246.559        8.07054        16.1276        12.4562        -1968.6     /gpfs/hpu/EHT2020/sc_4/Sa0/m_1_1_160/image_Sa0_1570_163_0_230.e9_6.2e9_6.94871e+29_160_4.dat
        58       0.406825        3.09601       -218.532        2.62273         9.5731        6.45855        -1213.1     /gpfs/hpu/EHT2020/sc_4/Sa0/m_1_1_160/image_Sa0_1580_163_0_230.e9_6.2e9_6.94871e+29_160_4.dat
        59        0.44843        3.21798        -218.86        3.99769        5.11468        4.57088       -945.806     /gpfs/hpu/EHT2020/sc_4/Sa0/m_1_1_160/image_Sa0_1590_163_0_230.e9_6.2e9_6.94871e+29_160_4.dat
        60       0.498841        3.20765       -258.066        4.79963        20.4771        13.4653        -2171.8     /gpfs/hpu/EHT2020/sc_4/Sa0/m_1_1_160/image_Sa0_1600_163_0_230.e9_6.2e9_6.94871e+29_160_4.dat
        61       0.603469        3.39984       -270.538        9.18367         35.131         23.511       -3434.12     /gpfs/hpu/EHT2020/sc_4/Sa0/m_1_1_160/image_Sa0_1610_163_0_230.e9_6.2e9_6.94871e+29_160_4.dat
        62       0.686453        3.17101       -171.603        3.35848         19.942        12.5458       -2150.22     /gpfs/hpu/EHT2020/sc_4/Sa0/m_1_1_160/image_Sa0_1620_163_0_230.e9_6.2e9_6.94871e+29_160_4.dat
        63       0.436193        3.09605       -234.865        5.67738        18.8243        12.9243       -2076.26     /gpfs/hpu/EHT2020/sc_4/Sa0/m_1_1_160/image_Sa0_1630_163_0_230.e9_6.2e9_6.94871e+29_160_4.dat
        64       0.489602        3.16763       -212.729        2.13371         7.5694        5.13259       -1086.84     /gpfs/hpu/EHT2020/sc_4/Sa0/m_1_1_160/image_Sa0_1640_163_0_230.e9_6.2e9_6.94871e+29_160_4.dat
        65       0.449331        3.16126       -225.221        6.48325        16.7218        12.1021       -1899.32     /gpfs/hpu/EHT2020/sc_4/Sa0/m_1_1_160/image_Sa0_1650_163_0_230.e9_6.2e9_6.94871e+29_160_4.dat
        66       0.458461        3.30236       -192.165        2.12895         9.2019        6.03895       -1192.16     /gpfs/hpu/EHT2020/sc_4/Sa0/m_1_1_160/image_Sa0_1660_163_0_230.e9_6.2e9_6.94871e+29_160_4.dat
        67        0.40417        3.15277        -240.84        6.00588        20.6974        14.1084        -2195.9     /gpfs/hpu/EHT2020/sc_4/Sa0/m_1_1_160/image_Sa0_1670_163_0_230.e9_6.2e9_6.94871e+29_160_4.dat
        68       0.574003        3.27326       -161.286        3.31119        44.3178        26.0893       -3893.31     /gpfs/hpu/EHT2020/sc_4/Sa0/m_1_1_160/image_Sa0_1680_163_0_230.e9_6.2e9_6.94871e+29_160_4.dat
        69       0.433933        3.15281       -179.117        2.23123        7.92707         5.3737       -1103.47     /gpfs/hpu/EHT2020/sc_4/Sa0/m_1_1_160/image_Sa0_1690_163_0_230.e9_6.2e9_6.94871e+29_160_4.dat
        70       0.433081        3.22298       -195.039        3.37481        11.4034        7.80153       -1398.82     /gpfs/hpu/EHT2020/sc_4/Sa0/m_1_1_160/image_Sa0_1700_163_0_230.e9_6.2e9_6.94871e+29_160_4.dat
        71       0.447235        3.29707       -260.349        8.99408        22.5331        16.4191        -2508.2     /gpfs/hpu/EHT2020/sc_4/Sa0/m_1_1_160/image_Sa0_1710_163_0_230.e9_6.2e9_6.94871e+29_160_4.dat
        72       0.431784        3.01047       -202.837        4.28216        13.4151        9.31237       -1652.24     /gpfs/hpu/EHT2020/sc_4/Sa0/m_1_1_160/image_Sa0_1720_163_0_230.e9_6.2e9_6.94871e+29_160_4.dat
        73       0.433868        3.08757        -245.19        9.31554         41.199        26.9444       -3852.75     /gpfs/hpu/EHT2020/sc_4/Sa0/m_1_1_160/image_Sa0_1730_163_0_230.e9_6.2e9_6.94871e+29_160_4.dat
        74       0.415394        3.02715       -267.028        7.06182        18.5416        13.3643       -2118.83     /gpfs/hpu/EHT2020/sc_4/Sa0/m_1_1_160/image_Sa0_1740_163_0_230.e9_6.2e9_6.94871e+29_160_4.dat
        75        0.46441         3.2736       -211.859        3.81537        11.6209        8.11264       -1411.36     /gpfs/hpu/EHT2020/sc_4/Sa0/m_1_1_160/image_Sa0_1750_163_0_230.e9_6.2e9_6.94871e+29_160_4.dat
        76        0.40744        3.11517       -245.773        5.31999        13.5947        9.86011       -1625.83     /gpfs/hpu/EHT2020/sc_4/Sa0/m_1_1_160/image_Sa0_1760_163_0_230.e9_6.2e9_6.94871e+29_160_4.dat
        77       0.456055        3.09275       -163.049        2.20451        8.69903        5.79173       -1202.57     /gpfs/hpu/EHT2020/sc_4/Sa0/m_1_1_160/image_Sa0_1770_163_0_230.e9_6.2e9_6.94871e+29_160_4.dat
        78       0.404456        3.25324       -250.989        3.88835        7.04413        5.59735       -1108.74     /gpfs/hpu/EHT2020/sc_4/Sa0/m_1_1_160/image_Sa0_1780_163_0_230.e9_6.2e9_6.94871e+29_160_4.dat
        79       0.342802        3.11358       -238.866        9.55584        11.3362         10.431       -1675.97     /gpfs/hpu/EHT2020/sc_4/Sa0/m_1_1_160/image_Sa0_1790_163_0_230.e9_6.2e9_6.94871e+29_160_4.dat
        80       0.450651        3.15989       -286.614        7.75531        17.9206         13.318       -2072.92     /gpfs/hpu/EHT2020/sc_4/Sa0/m_1_1_160/image_Sa0_1800_163_0_230.e9_6.2e9_6.94871e+29_160_4.dat
        81         0.7869        3.18855       -315.938        5.28623        23.8583        15.5568       -2548.53     /gpfs/hpu/EHT2020/sc_4/Sa0/m_1_1_160/image_Sa0_1810_163_0_230.e9_6.2e9_6.94871e+29_160_4.dat
        82       0.624515        3.08805       -207.678        4.01716        24.3501        15.2828       -2457.76     /gpfs/hpu/EHT2020/sc_4/Sa0/m_1_1_160/image_Sa0_1820_163_0_230.e9_6.2e9_6.94871e+29_160_4.dat
        83       0.426374        3.07633       -234.995         2.4968        8.87923        6.01811       -1175.17     /gpfs/hpu/EHT2020/sc_4/Sa0/m_1_1_160/image_Sa0_1830_163_0_230.e9_6.2e9_6.94871e+29_160_4.dat
        84       0.444425        3.24532       -191.599        5.47017        16.5973        11.5957       -1888.03     /gpfs/hpu/EHT2020/sc_4/Sa0/m_1_1_160/image_Sa0_1840_163_0_230.e9_6.2e9_6.94871e+29_160_4.dat
        85       0.488917        3.03669       -221.715        4.37807        10.6989        7.84235       -1458.63     /gpfs/hpu/EHT2020/sc_4/Sa0/m_1_1_160/image_Sa0_1850_163_0_230.e9_6.2e9_6.94871e+29_160_4.dat
        86       0.483084        3.13275       -218.264        3.19027          14.06        9.20015       -1602.22     /gpfs/hpu/EHT2020/sc_4/Sa0/m_1_1_160/image_Sa0_1860_163_0_230.e9_6.2e9_6.94871e+29_160_4.dat
        87       0.429041        3.11278       -220.844        4.08166        6.76089        5.52314       -1110.64     /gpfs/hpu/EHT2020/sc_4/Sa0/m_1_1_160/image_Sa0_1870_163_0_230.e9_6.2e9_6.94871e+29_160_4.dat
        88       0.369808        3.06843        -252.51        10.0978        16.4489        13.5097       -2073.63     /gpfs/hpu/EHT2020/sc_4/Sa0/m_1_1_160/image_Sa0_1880_163_0_230.e9_6.2e9_6.94871e+29_160_4.dat
        89       0.519767        2.96022       -268.937        5.03891         24.324        15.7092       -2464.85     /gpfs/hpu/EHT2020/sc_4/Sa0/m_1_1_160/image_Sa0_1890_163_0_230.e9_6.2e9_6.94871e+29_160_4.dat
        90       0.445458        3.18841       -191.952         4.7295         39.811        24.1935       -3520.11     /gpfs/hpu/EHT2020/sc_4/Sa0/m_1_1_160/image_Sa0_1900_163_0_230.e9_6.2e9_6.94871e+29_160_4.dat
        91       0.604991        3.05586       -171.896        4.40383         12.117        8.64259       -1620.24     /gpfs/hpu/EHT2020/sc_4/Sa0/m_1_1_160/image_Sa0_1910_163_0_230.e9_6.2e9_6.94871e+29_160_4.dat
        92       0.597148        3.16803       -180.164        3.76264        15.8191        10.4259       -1829.98     /gpfs/hpu/EHT2020/sc_4/Sa0/m_1_1_160/image_Sa0_1920_163_0_230.e9_6.2e9_6.94871e+29_160_4.dat
        93       0.619955        3.24272       -170.929        4.80782          28.58        17.9777        -2783.8     /gpfs/hpu/EHT2020/sc_4/Sa0/m_1_1_160/image_Sa0_1930_163_0_230.e9_6.2e9_6.94871e+29_160_4.dat
        94       0.435644         3.1806       -186.564        2.25054          7.617        5.20949       -1075.94     /gpfs/hpu/EHT2020/sc_4/Sa0/m_1_1_160/image_Sa0_1940_163_0_230.e9_6.2e9_6.94871e+29_160_4.dat
        95       0.456133        3.15235       -192.942        2.15316        9.30342        6.10589       -1198.46     /gpfs/hpu/EHT2020/sc_4/Sa0/m_1_1_160/image_Sa0_1950_163_0_230.e9_6.2e9_6.94871e+29_160_4.dat
        96       0.389878        3.07631       -193.828        1.67369        4.80515        3.39595       -837.751     /gpfs/hpu/EHT2020/sc_4/Sa0/m_1_1_160/image_Sa0_1960_163_0_230.e9_6.2e9_6.94871e+29_160_4.dat
        97       0.385146        2.99944       -218.161        3.24522         6.7102        5.13406       -1040.25     /gpfs/hpu/EHT2020/sc_4/Sa0/m_1_1_160/image_Sa0_1970_163_0_230.e9_6.2e9_6.94871e+29_160_4.dat
        98       0.400873        3.04467        -196.59        2.08714        4.22511        3.25157       -833.382     /gpfs/hpu/EHT2020/sc_4/Sa0/m_1_1_160/image_Sa0_1980_163_0_230.e9_6.2e9_6.94871e+29_160_4.dat
        99       0.474689        3.18939         -206.4        1.61972        4.56652        3.23988       -804.439     /gpfs/hpu/EHT2020/sc_4/Sa0/m_1_1_160/image_Sa0_1990_163_0_230.e9_6.2e9_6.94871e+29_160_4.dat
