   # Index         I (Jy)      M/D (uas)       PA (deg)  VA red. chisq  CP red. chisq     red. chisq     log-liklhd     FileName
         0       0.528312        3.09759        262.827        4.15016        8.91774        6.75288       -1298.11     /gpfs/hpu/EHT2/IHARM/SANE/SANE_a-0.94_288x128x128_IHARM/m_1_1_10/image_a-0.94_1200_17_0_230.e9_6.2e9_6.8376e+28_10.dat
         1       0.434635        3.20405        313.353        3.85239        7.93202         6.0759       -1154.06     /gpfs/hpu/EHT2/IHARM/SANE/SANE_a-0.94_288x128x128_IHARM/m_1_1_10/image_a-0.94_1206_17_0_230.e9_6.2e9_6.8376e+28_10.dat
         2       0.886155         3.4123        359.548         10.135        7.52919         8.5624        -1632.5     /gpfs/hpu/EHT2/IHARM/SANE/SANE_a-0.94_288x128x128_IHARM/m_1_1_10/image_a-0.94_1212_17_0_230.e9_6.2e9_6.8376e+28_10.dat
         3       0.590557        3.20827        295.565        9.51551        14.4103        12.1241       -2084.45     /gpfs/hpu/EHT2/IHARM/SANE/SANE_a-0.94_288x128x128_IHARM/m_1_1_10/image_a-0.94_1218_17_0_230.e9_6.2e9_6.8376e+28_10.dat
         4       0.614037        3.32563        229.279        7.13899        31.4301        20.5694       -3057.32     /gpfs/hpu/EHT2/IHARM/SANE/SANE_a-0.94_288x128x128_IHARM/m_1_1_10/image_a-0.94_1224_17_0_230.e9_6.2e9_6.8376e+28_10.dat
         5         1.2835        3.76696         185.65        14.6649        59.4859        39.4282       -6849.01     /gpfs/hpu/EHT2/IHARM/SANE/SANE_a-0.94_288x128x128_IHARM/m_1_1_10/image_a-0.94_1230_17_0_230.e9_6.2e9_6.8376e+28_10.dat
         6       0.614248        3.05155        243.827        11.3942        68.9259          43.27       -5896.51     /gpfs/hpu/EHT2/IHARM/SANE/SANE_a-0.94_288x128x128_IHARM/m_1_1_10/image_a-0.94_1236_17_0_230.e9_6.2e9_6.8376e+28_10.dat
         7       0.992523        3.54556        346.656        8.82668        54.8114        34.3082       -5711.53     /gpfs/hpu/EHT2/IHARM/SANE/SANE_a-0.94_288x128x128_IHARM/m_1_1_10/image_a-0.94_1242_17_0_230.e9_6.2e9_6.8376e+28_10.dat
         8       0.833992        3.65609        301.733        3.70482        23.9452        14.9228        -2395.8     /gpfs/hpu/EHT2/IHARM/SANE/SANE_a-0.94_288x128x128_IHARM/m_1_1_10/image_a-0.94_1248_17_0_230.e9_6.2e9_6.8376e+28_10.dat
         9       0.559449         3.2153        304.925        5.37883        14.9916        10.6628       -1768.97     /gpfs/hpu/EHT2/IHARM/SANE/SANE_a-0.94_288x128x128_IHARM/m_1_1_10/image_a-0.94_1254_17_0_230.e9_6.2e9_6.8376e+28_10.dat
        10       0.784909        3.32486        359.986        5.30757        25.3551        16.3989       -2613.16     /gpfs/hpu/EHT2/IHARM/SANE/SANE_a-0.94_288x128x128_IHARM/m_1_1_10/image_a-0.94_1260_17_0_230.e9_6.2e9_6.8376e+28_10.dat
        11       0.896707        3.19491        303.912        6.55114        30.5698        19.8371        -3357.8     /gpfs/hpu/EHT2/IHARM/SANE/SANE_a-0.94_288x128x128_IHARM/m_1_1_10/image_a-0.94_1266_17_0_230.e9_6.2e9_6.8376e+28_10.dat
        12       0.621768        3.25657        332.872          3.413        17.1036        10.9899        -1837.2     /gpfs/hpu/EHT2/IHARM/SANE/SANE_a-0.94_288x128x128_IHARM/m_1_1_10/image_a-0.94_1272_17_0_230.e9_6.2e9_6.8376e+28_10.dat
        13       0.753865        3.05749        321.449        7.14826        30.6179        20.1215       -3075.19     /gpfs/hpu/EHT2/IHARM/SANE/SANE_a-0.94_288x128x128_IHARM/m_1_1_10/image_a-0.94_1278_17_0_230.e9_6.2e9_6.8376e+28_10.dat
        14       0.815443        3.09925        277.222        6.01236         104.69        60.8491       -9310.43     /gpfs/hpu/EHT2/IHARM/SANE/SANE_a-0.94_288x128x128_IHARM/m_1_1_10/image_a-0.94_1284_17_0_230.e9_6.2e9_6.8376e+28_10.dat
        15       0.681324        3.03878        341.813        11.3547         10.975        11.0061       -1881.12     /gpfs/hpu/EHT2/IHARM/SANE/SANE_a-0.94_288x128x128_IHARM/m_1_1_10/image_a-0.94_1290_17_0_230.e9_6.2e9_6.8376e+28_10.dat
        16       0.780097        3.19035        296.204        6.96774        7.42175        7.13609       -1355.93     /gpfs/hpu/EHT2/IHARM/SANE/SANE_a-0.94_288x128x128_IHARM/m_1_1_10/image_a-0.94_1296_17_0_230.e9_6.2e9_6.8376e+28_10.dat
        17       0.516744        3.00996        345.741        4.34824        5.02919        4.67455       -993.227     /gpfs/hpu/EHT2/IHARM/SANE/SANE_a-0.94_288x128x128_IHARM/m_1_1_10/image_a-0.94_1302_17_0_230.e9_6.2e9_6.8376e+28_10.dat
        18       0.535965        3.29957        319.505        11.1115        9.97952        10.3472       -1757.71     /gpfs/hpu/EHT2/IHARM/SANE/SANE_a-0.94_288x128x128_IHARM/m_1_1_10/image_a-0.94_1308_17_0_230.e9_6.2e9_6.8376e+28_10.dat
        19        0.60482        3.30192        311.892        4.40066        7.86086        6.27286       -1186.85     /gpfs/hpu/EHT2/IHARM/SANE/SANE_a-0.94_288x128x128_IHARM/m_1_1_10/image_a-0.94_1314_17_0_230.e9_6.2e9_6.8376e+28_10.dat
        20        0.63236        3.47264        345.985        7.76301        26.1815        17.9181       -2675.14     /gpfs/hpu/EHT2/IHARM/SANE/SANE_a-0.94_288x128x128_IHARM/m_1_1_10/image_a-0.94_1320_17_0_230.e9_6.2e9_6.8376e+28_10.dat
        21       0.935489        3.56851        359.931        10.7608        58.1263        36.9872       -5951.22     /gpfs/hpu/EHT2/IHARM/SANE/SANE_a-0.94_288x128x128_IHARM/m_1_1_10/image_a-0.94_1326_17_0_230.e9_6.2e9_6.8376e+28_10.dat
        22       0.477283        3.10062        299.168        14.1166        11.3232        12.3914       -1999.03     /gpfs/hpu/EHT2/IHARM/SANE/SANE_a-0.94_288x128x128_IHARM/m_1_1_10/image_a-0.94_1332_17_0_230.e9_6.2e9_6.8376e+28_10.dat
        23       0.864549        3.32569        317.256        5.47676        19.0461        12.9612       -2274.16     /gpfs/hpu/EHT2/IHARM/SANE/SANE_a-0.94_288x128x128_IHARM/m_1_1_10/image_a-0.94_1338_17_0_230.e9_6.2e9_6.8376e+28_10.dat
        24       0.821605        3.83983        359.994        8.35329        36.0364        23.6565        -3509.7     /gpfs/hpu/EHT2/IHARM/SANE/SANE_a-0.94_288x128x128_IHARM/m_1_1_10/image_a-0.94_1344_17_0_230.e9_6.2e9_6.8376e+28_10.dat
        25       0.702386        3.13516        324.945          7.374        42.9614        27.0874       -4185.95     /gpfs/hpu/EHT2/IHARM/SANE/SANE_a-0.94_288x128x128_IHARM/m_1_1_10/image_a-0.94_1350_17_0_230.e9_6.2e9_6.8376e+28_10.dat
        26        0.94126        3.56499        248.447        9.14724         39.252        25.7884       -3849.45     /gpfs/hpu/EHT2/IHARM/SANE/SANE_a-0.94_288x128x128_IHARM/m_1_1_10/image_a-0.94_1356_17_0_230.e9_6.2e9_6.8376e+28_10.dat
        27       0.545385        3.35815        359.513        9.52388        14.6905        12.2837       -2022.92     /gpfs/hpu/EHT2/IHARM/SANE/SANE_a-0.94_288x128x128_IHARM/m_1_1_10/image_a-0.94_1362_17_0_230.e9_6.2e9_6.8376e+28_10.dat
        28       0.790772        3.16928        315.216        4.87136        16.4291        11.2438       -1988.79     /gpfs/hpu/EHT2/IHARM/SANE/SANE_a-0.94_288x128x128_IHARM/m_1_1_10/image_a-0.94_1368_17_0_230.e9_6.2e9_6.8376e+28_10.dat
        29       0.535644        3.26268         295.78        9.13651        15.1451        12.3695       -2014.55     /gpfs/hpu/EHT2/IHARM/SANE/SANE_a-0.94_288x128x128_IHARM/m_1_1_10/image_a-0.94_1374_17_0_230.e9_6.2e9_6.8376e+28_10.dat
        30       0.677297        3.05132        318.992        4.56167        9.73309        7.38413       -1464.31     /gpfs/hpu/EHT2/IHARM/SANE/SANE_a-0.94_288x128x128_IHARM/m_1_1_10/image_a-0.94_1380_17_0_230.e9_6.2e9_6.8376e+28_10.dat
        31       0.445884        3.18892        308.795        6.58965        4.49697        5.34546       -1067.83     /gpfs/hpu/EHT2/IHARM/SANE/SANE_a-0.94_288x128x128_IHARM/m_1_1_10/image_a-0.94_1386_17_0_230.e9_6.2e9_6.8376e+28_10.dat
        32       0.885506        3.40522         305.05        5.13952        15.2444        10.7002       -1859.86     /gpfs/hpu/EHT2/IHARM/SANE/SANE_a-0.94_288x128x128_IHARM/m_1_1_10/image_a-0.94_1392_17_0_230.e9_6.2e9_6.8376e+28_10.dat
        33       0.600251        3.04323        304.267         7.2364        12.6054        10.1364       -1745.01     /gpfs/hpu/EHT2/IHARM/SANE/SANE_a-0.94_288x128x128_IHARM/m_1_1_10/image_a-0.94_1398_17_0_230.e9_6.2e9_6.8376e+28_10.dat
        34       0.684216        3.26699        320.703        4.79351        12.0753        8.78751       -1571.73     /gpfs/hpu/EHT2/IHARM/SANE/SANE_a-0.94_288x128x128_IHARM/m_1_1_10/image_a-0.94_1404_17_0_230.e9_6.2e9_6.8376e+28_10.dat
        35       0.921077        3.39755        328.589        9.55834        77.4904        47.2436       -7360.93     /gpfs/hpu/EHT2/IHARM/SANE/SANE_a-0.94_288x128x128_IHARM/m_1_1_10/image_a-0.94_1410_17_0_230.e9_6.2e9_6.8376e+28_10.dat
        36       0.560385         3.3662        241.884        7.99906        14.1159         11.306       -1903.05     /gpfs/hpu/EHT2/IHARM/SANE/SANE_a-0.94_288x128x128_IHARM/m_1_1_10/image_a-0.94_1416_17_0_230.e9_6.2e9_6.8376e+28_10.dat
        37       0.646107        3.26051          343.4        3.53538        10.6125        7.43068       -1458.07     /gpfs/hpu/EHT2/IHARM/SANE/SANE_a-0.94_288x128x128_IHARM/m_1_1_10/image_a-0.94_1422_17_0_230.e9_6.2e9_6.8376e+28_10.dat
        38       0.324694        3.36386        314.633        10.7961        25.7966        19.0125       -2757.89     /gpfs/hpu/EHT2/IHARM/SANE/SANE_a-0.94_288x128x128_IHARM/m_1_1_10/image_a-0.94_1428_17_0_230.e9_6.2e9_6.8376e+28_10.dat
        39       0.440563        3.21757        359.982        14.8373        43.3188        30.5064       -4212.17     /gpfs/hpu/EHT2/IHARM/SANE/SANE_a-0.94_288x128x128_IHARM/m_1_1_10/image_a-0.94_1434_17_0_230.e9_6.2e9_6.8376e+28_10.dat
        40       0.429898        3.33739        312.884        5.93283        7.61188        6.79537       -1247.15     /gpfs/hpu/EHT2/IHARM/SANE/SANE_a-0.94_288x128x128_IHARM/m_1_1_10/image_a-0.94_1440_17_0_230.e9_6.2e9_6.8376e+28_10.dat
        41       0.490643        3.28575        353.174        12.9824        15.8545        14.4236       -2285.46     /gpfs/hpu/EHT2/IHARM/SANE/SANE_a-0.94_288x128x128_IHARM/m_1_1_10/image_a-0.94_1446_17_0_230.e9_6.2e9_6.8376e+28_10.dat
        42       0.867265        3.39408        309.119         3.3483        13.7193        9.07873       -1604.47     /gpfs/hpu/EHT2/IHARM/SANE/SANE_a-0.94_288x128x128_IHARM/m_1_1_10/image_a-0.94_1452_17_0_230.e9_6.2e9_6.8376e+28_10.dat
        43       0.626782        3.29837        347.437        4.85868        11.7195        8.61764       -1475.27     /gpfs/hpu/EHT2/IHARM/SANE/SANE_a-0.94_288x128x128_IHARM/m_1_1_10/image_a-0.94_1458_17_0_230.e9_6.2e9_6.8376e+28_10.dat
        44       0.922921        3.90293        166.962        15.5568        77.3015        49.7265       -7607.12     /gpfs/hpu/EHT2/IHARM/SANE/SANE_a-0.94_288x128x128_IHARM/m_1_1_10/image_a-0.94_1464_17_0_230.e9_6.2e9_6.8376e+28_10.dat
        45       0.800098        3.37801         304.46        3.93691        12.9524        8.90595       -1595.78     /gpfs/hpu/EHT2/IHARM/SANE/SANE_a-0.94_288x128x128_IHARM/m_1_1_10/image_a-0.94_1470_17_0_230.e9_6.2e9_6.8376e+28_10.dat
        46       0.490381         3.2756        332.405        8.09288        23.9374        16.8117       -2589.09     /gpfs/hpu/EHT2/IHARM/SANE/SANE_a-0.94_288x128x128_IHARM/m_1_1_10/image_a-0.94_1476_17_0_230.e9_6.2e9_6.8376e+28_10.dat
        47       0.670325        3.00416        331.978        7.04242        64.3643        38.8541       -5366.87     /gpfs/hpu/EHT2/IHARM/SANE/SANE_a-0.94_288x128x128_IHARM/m_1_1_10/image_a-0.94_1482_17_0_230.e9_6.2e9_6.8376e+28_10.dat
        48       0.608506        3.23797        307.898        7.04566        24.1647        16.4863       -2525.87     /gpfs/hpu/EHT2/IHARM/SANE/SANE_a-0.94_288x128x128_IHARM/m_1_1_10/image_a-0.94_1488_17_0_230.e9_6.2e9_6.8376e+28_10.dat
        49       0.586063        3.35326        246.437        4.03292        14.1003        9.58616       -1684.09     /gpfs/hpu/EHT2/IHARM/SANE/SANE_a-0.94_288x128x128_IHARM/m_1_1_10/image_a-0.94_1494_17_0_230.e9_6.2e9_6.8376e+28_10.dat
        50       0.904079        3.20946        347.366        8.27626        59.6302        36.7521       -5693.73     /gpfs/hpu/EHT2/IHARM/SANE/SANE_a-0.94_288x128x128_IHARM/m_1_1_10/image_a-0.94_1500_17_0_230.e9_6.2e9_6.8376e+28_10.dat
        51       0.911101        3.59351        295.778        5.40262        26.4909        17.0719        -2629.7     /gpfs/hpu/EHT2/IHARM/SANE/SANE_a-0.94_288x128x128_IHARM/m_1_1_10/image_a-0.94_1506_17_0_230.e9_6.2e9_6.8376e+28_10.dat
        52       0.558674        3.11029         343.83        11.8833         50.901         33.451       -5100.59     /gpfs/hpu/EHT2/IHARM/SANE/SANE_a-0.94_288x128x128_IHARM/m_1_1_10/image_a-0.94_1512_17_0_230.e9_6.2e9_6.8376e+28_10.dat
        53        0.85861        3.09409        79.3122        5.68247        33.0644        20.8505       -3100.27     /gpfs/hpu/EHT2/IHARM/SANE/SANE_a-0.94_288x128x128_IHARM/m_1_1_10/image_a-0.94_1518_17_0_230.e9_6.2e9_6.8376e+28_10.dat
        54       0.571051        3.03883        39.1216        5.30868         13.401        9.74743       -1741.41     /gpfs/hpu/EHT2/IHARM/SANE/SANE_a-0.94_288x128x128_IHARM/m_1_1_10/image_a-0.94_1524_17_0_230.e9_6.2e9_6.8376e+28_10.dat
        55       0.791389        3.46819       -54.5157        3.93312        19.7262        12.6737       -2066.66     /gpfs/hpu/EHT2/IHARM/SANE/SANE_a-0.94_288x128x128_IHARM/m_1_1_10/image_a-0.94_1530_17_0_230.e9_6.2e9_6.8376e+28_10.dat
        56        0.57908        3.51319       -154.486        3.07875        17.7669        11.2147       -1817.45     /gpfs/hpu/EHT2/IHARM/SANE/SANE_a-0.94_288x128x128_IHARM/m_1_1_10/image_a-0.94_1536_17_0_230.e9_6.2e9_6.8376e+28_10.dat
        57        1.09059        3.48793       -154.762        7.34771        38.9037        24.8182       -3818.08     /gpfs/hpu/EHT2/IHARM/SANE/SANE_a-0.94_288x128x128_IHARM/m_1_1_10/image_a-0.94_1542_17_0_230.e9_6.2e9_6.8376e+28_10.dat
        58        1.23933        3.66888       -169.692        4.51465        17.7608        11.8309       -2078.29     /gpfs/hpu/EHT2/IHARM/SANE/SANE_a-0.94_288x128x128_IHARM/m_1_1_10/image_a-0.94_1548_17_0_230.e9_6.2e9_6.8376e+28_10.dat
        59       0.713377        3.56669       -146.516        5.27346        19.0857        12.8955       -2093.86     /gpfs/hpu/EHT2/IHARM/SANE/SANE_a-0.94_288x128x128_IHARM/m_1_1_10/image_a-0.94_1554_17_0_230.e9_6.2e9_6.8376e+28_10.dat
        60       0.712509        3.25267       -153.639        7.11634        38.0138        24.2232       -3524.54     /gpfs/hpu/EHT2/IHARM/SANE/SANE_a-0.94_288x128x128_IHARM/m_1_1_10/image_a-0.94_1560_17_0_230.e9_6.2e9_6.8376e+28_10.dat
        61       0.671778        3.71813        81.2101        7.46734        118.767        69.3101       -11300.8     /gpfs/hpu/EHT2/IHARM/SANE/SANE_a-0.94_288x128x128_IHARM/m_1_1_10/image_a-0.94_1566_17_0_230.e9_6.2e9_6.8376e+28_10.dat
        62       0.715466        3.42611        298.708        5.49317        15.0151        10.7252       -1938.01     /gpfs/hpu/EHT2/IHARM/SANE/SANE_a-0.94_288x128x128_IHARM/m_1_1_10/image_a-0.94_1572_17_0_230.e9_6.2e9_6.8376e+28_10.dat
        63       0.520163        3.20056        295.977        4.04928        11.5143        8.15422       -1477.23     /gpfs/hpu/EHT2/IHARM/SANE/SANE_a-0.94_288x128x128_IHARM/m_1_1_10/image_a-0.94_1578_17_0_230.e9_6.2e9_6.8376e+28_10.dat
        64       0.487299        3.56686         237.36         9.5143        7.46834        8.26073       -1455.01     /gpfs/hpu/EHT2/IHARM/SANE/SANE_a-0.94_288x128x128_IHARM/m_1_1_10/image_a-0.94_1584_17_0_230.e9_6.2e9_6.8376e+28_10.dat
        65        0.53911        3.35417        244.859        5.29909        13.2059        9.63474       -1619.58     /gpfs/hpu/EHT2/IHARM/SANE/SANE_a-0.94_288x128x128_IHARM/m_1_1_10/image_a-0.94_1590_17_0_230.e9_6.2e9_6.8376e+28_10.dat
        66        0.47145        3.40953        172.889         4.4984        14.8786        10.2201       -1738.82     /gpfs/hpu/EHT2/IHARM/SANE/SANE_a-0.94_288x128x128_IHARM/m_1_1_10/image_a-0.94_1596_17_0_230.e9_6.2e9_6.8376e+28_10.dat
        67       0.530135        3.19121        275.686        6.71203        34.0789        21.8592       -3148.83     /gpfs/hpu/EHT2/IHARM/SANE/SANE_a-0.94_288x128x128_IHARM/m_1_1_10/image_a-0.94_1602_17_0_230.e9_6.2e9_6.8376e+28_10.dat
        68       0.704398        3.51286        266.385        9.74479        12.1453        10.9627       -1801.68     /gpfs/hpu/EHT2/IHARM/SANE/SANE_a-0.94_288x128x128_IHARM/m_1_1_10/image_a-0.94_1608_17_0_230.e9_6.2e9_6.8376e+28_10.dat
        69       0.532078        3.31123        286.043        3.70171        9.81387        7.05805       -1302.68     /gpfs/hpu/EHT2/IHARM/SANE/SANE_a-0.94_288x128x128_IHARM/m_1_1_10/image_a-0.94_1614_17_0_230.e9_6.2e9_6.8376e+28_10.dat
        70       0.503443         3.3625        267.614        5.09322        18.2439        12.3493        -1931.4     /gpfs/hpu/EHT2/IHARM/SANE/SANE_a-0.94_288x128x128_IHARM/m_1_1_10/image_a-0.94_1620_17_0_230.e9_6.2e9_6.8376e+28_10.dat
        71       0.403896        3.47252        293.479         3.2434        3.84304        3.53784       -813.347     /gpfs/hpu/EHT2/IHARM/SANE/SANE_a-0.94_288x128x128_IHARM/m_1_1_10/image_a-0.94_1626_17_0_230.e9_6.2e9_6.8376e+28_10.dat
        72       0.767921        3.12115        263.327        5.72711        9.64747        7.83932       -1540.57     /gpfs/hpu/EHT2/IHARM/SANE/SANE_a-0.94_288x128x128_IHARM/m_1_1_10/image_a-0.94_1632_17_0_230.e9_6.2e9_6.8376e+28_10.dat
        73       0.601261        3.28672        311.781         4.7122        7.52549        6.22066       -1236.53     /gpfs/hpu/EHT2/IHARM/SANE/SANE_a-0.94_288x128x128_IHARM/m_1_1_10/image_a-0.94_1638_17_0_230.e9_6.2e9_6.8376e+28_10.dat
        74         0.4027        3.42228         334.56        9.96732         10.371        10.0714       -1661.43     /gpfs/hpu/EHT2/IHARM/SANE/SANE_a-0.94_288x128x128_IHARM/m_1_1_10/image_a-0.94_1644_17_0_230.e9_6.2e9_6.8376e+28_10.dat
        75       0.507321        3.42629         268.57        9.49637        10.1009         9.7179       -1676.71     /gpfs/hpu/EHT2/IHARM/SANE/SANE_a-0.94_288x128x128_IHARM/m_1_1_10/image_a-0.94_1650_17_0_230.e9_6.2e9_6.8376e+28_10.dat
        76       0.733821        3.44141       -43.3482        7.61519        15.7369        12.0424       -1971.14     /gpfs/hpu/EHT2/IHARM/SANE/SANE_a-0.94_288x128x128_IHARM/m_1_1_10/image_a-0.94_1656_17_0_230.e9_6.2e9_6.8376e+28_10.dat
        77       0.651569        3.44539       -9.48389        2.20944        5.92888         4.2524       -993.413     /gpfs/hpu/EHT2/IHARM/SANE/SANE_a-0.94_288x128x128_IHARM/m_1_1_10/image_a-0.94_1662_17_0_230.e9_6.2e9_6.8376e+28_10.dat
        78       0.657091        3.18047        20.1065        7.50404        45.9086        28.7835       -4131.91     /gpfs/hpu/EHT2/IHARM/SANE/SANE_a-0.94_288x128x128_IHARM/m_1_1_10/image_a-0.94_1668_17_0_230.e9_6.2e9_6.8376e+28_10.dat
        79       0.740898        3.24989        -36.742         11.209        29.0285        20.9891       -3131.32     /gpfs/hpu/EHT2/IHARM/SANE/SANE_a-0.94_288x128x128_IHARM/m_1_1_10/image_a-0.94_1674_17_0_230.e9_6.2e9_6.8376e+28_10.dat
        80       0.907796         3.5209       -32.0371        8.28908        28.1341        19.2316       -3040.57     /gpfs/hpu/EHT2/IHARM/SANE/SANE_a-0.94_288x128x128_IHARM/m_1_1_10/image_a-0.94_1680_17_0_230.e9_6.2e9_6.8376e+28_10.dat
        81       0.670583        3.48836       -32.3302        2.24499         7.7391        5.27504       -1118.94     /gpfs/hpu/EHT2/IHARM/SANE/SANE_a-0.94_288x128x128_IHARM/m_1_1_10/image_a-0.94_1686_17_0_230.e9_6.2e9_6.8376e+28_10.dat
        82       0.686192        3.03228       -61.0675        5.70157        14.4506         10.501       -1826.34     /gpfs/hpu/EHT2/IHARM/SANE/SANE_a-0.94_288x128x128_IHARM/m_1_1_10/image_a-0.94_1692_17_0_230.e9_6.2e9_6.8376e+28_10.dat
        83       0.718039        3.23755        116.551        7.71363         31.672         20.952       -3164.83     /gpfs/hpu/EHT2/IHARM/SANE/SANE_a-0.94_288x128x128_IHARM/m_1_1_10/image_a-0.94_1698_17_0_230.e9_6.2e9_6.8376e+28_10.dat
        84       0.695046        3.11682        177.652        3.68112        29.2314        17.8541        -2790.2     /gpfs/hpu/EHT2/IHARM/SANE/SANE_a-0.94_288x128x128_IHARM/m_1_1_10/image_a-0.94_1704_17_0_230.e9_6.2e9_6.8376e+28_10.dat
        85        1.11907        4.03019        260.528        8.76772        35.5865         23.585       -3548.65     /gpfs/hpu/EHT2/IHARM/SANE/SANE_a-0.94_288x128x128_IHARM/m_1_1_10/image_a-0.94_1710_17_0_230.e9_6.2e9_6.8376e+28_10.dat
        86        1.07495        3.59096        310.436        4.30921        22.6211        14.4467       -2332.14     /gpfs/hpu/EHT2/IHARM/SANE/SANE_a-0.94_288x128x128_IHARM/m_1_1_10/image_a-0.94_1716_17_0_230.e9_6.2e9_6.8376e+28_10.dat
        87       0.773059        3.43264         314.07        6.86032        58.4079        35.4611       -5125.15     /gpfs/hpu/EHT2/IHARM/SANE/SANE_a-0.94_288x128x128_IHARM/m_1_1_10/image_a-0.94_1722_17_0_230.e9_6.2e9_6.8376e+28_10.dat
        88        0.78283        3.33921        214.333        7.73323        43.1804        27.3643       -4679.56     /gpfs/hpu/EHT2/IHARM/SANE/SANE_a-0.94_288x128x128_IHARM/m_1_1_10/image_a-0.94_1728_17_0_230.e9_6.2e9_6.8376e+28_10.dat
        89       0.879452        3.60647        359.997        10.1255         61.313        38.4864       -5441.88     /gpfs/hpu/EHT2/IHARM/SANE/SANE_a-0.94_288x128x128_IHARM/m_1_1_10/image_a-0.94_1734_17_0_230.e9_6.2e9_6.8376e+28_10.dat
        90       0.864088        3.66689        165.269        4.43508        30.2004        18.7186        -2927.9     /gpfs/hpu/EHT2/IHARM/SANE/SANE_a-0.94_288x128x128_IHARM/m_1_1_10/image_a-0.94_1740_17_0_230.e9_6.2e9_6.8376e+28_10.dat
        91       0.989864        3.36022        327.758        6.10526        32.4712        20.7028       -3209.62     /gpfs/hpu/EHT2/IHARM/SANE/SANE_a-0.94_288x128x128_IHARM/m_1_1_10/image_a-0.94_1746_17_0_230.e9_6.2e9_6.8376e+28_10.dat
        92        1.23659        3.65971        213.821        8.62608        22.9668        16.5016       -2611.71     /gpfs/hpu/EHT2/IHARM/SANE/SANE_a-0.94_288x128x128_IHARM/m_1_1_10/image_a-0.94_1752_17_0_230.e9_6.2e9_6.8376e+28_10.dat
        93       0.997402        3.51485        266.262        8.08371        41.7588        26.7245       -3917.43     /gpfs/hpu/EHT2/IHARM/SANE/SANE_a-0.94_288x128x128_IHARM/m_1_1_10/image_a-0.94_1758_17_0_230.e9_6.2e9_6.8376e+28_10.dat
        94       0.524297        3.36458        176.575        4.50024         21.713        14.0239       -2151.85     /gpfs/hpu/EHT2/IHARM/SANE/SANE_a-0.94_288x128x128_IHARM/m_1_1_10/image_a-0.94_1764_17_0_230.e9_6.2e9_6.8376e+28_10.dat
        95       0.772081        3.53576        190.483        6.01087        32.5099        20.6836       -3156.86     /gpfs/hpu/EHT2/IHARM/SANE/SANE_a-0.94_288x128x128_IHARM/m_1_1_10/image_a-0.94_1770_17_0_230.e9_6.2e9_6.8376e+28_10.dat
        96       0.742247        3.75945        231.227        3.95256        12.5924        8.71241       -1530.66     /gpfs/hpu/EHT2/IHARM/SANE/SANE_a-0.94_288x128x128_IHARM/m_1_1_10/image_a-0.94_1776_17_0_230.e9_6.2e9_6.8376e+28_10.dat
        97       0.641635        3.41378         260.74        7.69644        11.0544        9.47186       -1591.13     /gpfs/hpu/EHT2/IHARM/SANE/SANE_a-0.94_288x128x128_IHARM/m_1_1_10/image_a-0.94_1782_17_0_230.e9_6.2e9_6.8376e+28_10.dat
        98       0.648879        3.14907        272.063        6.74191        3.85862        5.05594       -1125.92     /gpfs/hpu/EHT2/IHARM/SANE/SANE_a-0.94_288x128x128_IHARM/m_1_1_10/image_a-0.94_1788_17_0_230.e9_6.2e9_6.8376e+28_10.dat
        99       0.660361        3.09104        309.986        14.9771        6.24762         9.9384       -1689.75     /gpfs/hpu/EHT2/IHARM/SANE/SANE_a-0.94_288x128x128_IHARM/m_1_1_10/image_a-0.94_1794_17_0_230.e9_6.2e9_6.8376e+28_10.dat
