   # Index         I (Jy)      M/D (uas)       PA (deg)  VA red. chisq  CP red. chisq     red. chisq     log-liklhd     FileName
         0        1.08526        3.51166       -61.7549        12.7509        14.9344        13.8117        -2341.8     /gpfs/hpu/EHT2020/sc_64/Ma-0.94/m_1_1_10/image_Ma-0.94_1400_17_0_230.e9_6.2e9_2.08482e+25_10_64.dat
         1       0.637281        4.20018       -38.6933        6.86142        23.1706        15.8537       -2425.31     /gpfs/hpu/EHT2020/sc_64/Ma-0.94/m_1_1_10/image_Ma-0.94_1406_17_0_230.e9_6.2e9_2.08482e+25_10_64.dat
         2       0.672096        3.80048       -51.2511        2.12202        4.58738        3.46821       -859.379     /gpfs/hpu/EHT2020/sc_64/Ma-0.94/m_1_1_10/image_Ma-0.94_1412_17_0_230.e9_6.2e9_2.08482e+25_10_64.dat
         3       0.846519        4.05864       -47.8924         4.7089        5.91807        5.32478       -1091.79     /gpfs/hpu/EHT2020/sc_64/Ma-0.94/m_1_1_10/image_Ma-0.94_1418_17_0_230.e9_6.2e9_2.08482e+25_10_64.dat
         4         1.6825        3.89612       -38.4113        18.8369        8.80736        13.0281       -2168.31     /gpfs/hpu/EHT2020/sc_64/Ma-0.94/m_1_1_10/image_Ma-0.94_1424_17_0_230.e9_6.2e9_2.08482e+25_10_64.dat
         5       0.792911         3.9526       -30.9485          5.857        4.35488        4.95029       -1040.77     /gpfs/hpu/EHT2020/sc_64/Ma-0.94/m_1_1_10/image_Ma-0.94_1430_17_0_230.e9_6.2e9_2.08482e+25_10_64.dat
         6       0.959126        3.79108       -57.6286        11.8835         5.7855        8.34651       -1534.38     /gpfs/hpu/EHT2020/sc_64/Ma-0.94/m_1_1_10/image_Ma-0.94_1436_17_0_230.e9_6.2e9_2.08482e+25_10_64.dat
         7       0.740688        3.85763       -1.84902        14.0161        34.5497        25.2725       -3559.41     /gpfs/hpu/EHT2020/sc_64/Ma-0.94/m_1_1_10/image_Ma-0.94_1442_17_0_230.e9_6.2e9_2.08482e+25_10_64.dat
         8       0.585111        3.98384        12.2833        12.5329        9.40816        10.6425       -1719.71     /gpfs/hpu/EHT2020/sc_64/Ma-0.94/m_1_1_10/image_Ma-0.94_1448_17_0_230.e9_6.2e9_2.08482e+25_10_64.dat
         9       0.934955        3.04545       -71.8362        7.59137          19.64         14.204       -2417.04     /gpfs/hpu/EHT2020/sc_64/Ma-0.94/m_1_1_10/image_Ma-0.94_1454_17_0_230.e9_6.2e9_2.08482e+25_10_64.dat
        10         1.2235        3.60178       -40.2682        4.69878        17.4482        11.7364       -2079.45     /gpfs/hpu/EHT2020/sc_64/Ma-0.94/m_1_1_10/image_Ma-0.94_1460_17_0_230.e9_6.2e9_2.08482e+25_10_64.dat
        11        1.36536        4.38718       -292.462         12.425        90.2043        55.5551       -7504.17     /gpfs/hpu/EHT2020/sc_64/Ma-0.94/m_1_1_10/image_Ma-0.94_1466_17_0_230.e9_6.2e9_2.08482e+25_10_64.dat
        12       0.745111        3.43988       -55.0879        9.65618         63.936        39.7435       -6921.29     /gpfs/hpu/EHT2020/sc_64/Ma-0.94/m_1_1_10/image_Ma-0.94_1472_17_0_230.e9_6.2e9_2.08482e+25_10_64.dat
        13        1.32203        4.28213       -124.085         16.522        46.7764        33.1572       -4764.35     /gpfs/hpu/EHT2020/sc_64/Ma-0.94/m_1_1_10/image_Ma-0.94_1478_17_0_230.e9_6.2e9_2.08482e+25_10_64.dat
        14        1.27372        4.58143       -110.259        32.2652        23.3746        26.9277       -3943.11     /gpfs/hpu/EHT2020/sc_64/Ma-0.94/m_1_1_10/image_Ma-0.94_1484_17_0_230.e9_6.2e9_2.08482e+25_10_64.dat
        15        1.14647         4.6739       -86.0138        23.7617        16.2409        19.2893       -2847.75     /gpfs/hpu/EHT2020/sc_64/Ma-0.94/m_1_1_10/image_Ma-0.94_1490_17_0_230.e9_6.2e9_2.08482e+25_10_64.dat
        16       0.966414        5.22263         27.521        14.4196        39.6077        28.2611       -4196.32     /gpfs/hpu/EHT2020/sc_64/Ma-0.94/m_1_1_10/image_Ma-0.94_1496_17_0_230.e9_6.2e9_2.08482e+25_10_64.dat
        17        1.04146        4.88732        -38.305        14.5537        11.9832        12.9473       -2016.74     /gpfs/hpu/EHT2020/sc_64/Ma-0.94/m_1_1_10/image_Ma-0.94_1502_17_0_230.e9_6.2e9_2.08482e+25_10_64.dat
        18        1.02899        5.27829       -46.4137         7.6301        25.7126        17.5998       -2613.58     /gpfs/hpu/EHT2020/sc_64/Ma-0.94/m_1_1_10/image_Ma-0.94_1508_17_0_230.e9_6.2e9_2.08482e+25_10_64.dat
        19       0.877836        4.04722        38.9608        15.3318        11.1237        12.8047       -2166.59     /gpfs/hpu/EHT2020/sc_64/Ma-0.94/m_1_1_10/image_Ma-0.94_1514_17_0_230.e9_6.2e9_2.08482e+25_10_64.dat
        20         1.2827        4.34139         281.81        6.08916        22.4112        15.0979       -2413.55     /gpfs/hpu/EHT2020/sc_64/Ma-0.94/m_1_1_10/image_Ma-0.94_1520_17_0_230.e9_6.2e9_2.08482e+25_10_64.dat
        21        1.42067        3.79833        296.426        9.75123        27.8013        19.6773       -3026.97     /gpfs/hpu/EHT2020/sc_64/Ma-0.94/m_1_1_10/image_Ma-0.94_1526_17_0_230.e9_6.2e9_2.08482e+25_10_64.dat
        22        1.18526        4.21262        289.913         5.3929         16.202        11.3424       -1915.92     /gpfs/hpu/EHT2020/sc_64/Ma-0.94/m_1_1_10/image_Ma-0.94_1532_17_0_230.e9_6.2e9_2.08482e+25_10_64.dat
        23        1.04265        3.61843        311.089        8.65902        24.3299        17.2744       -2773.93     /gpfs/hpu/EHT2020/sc_64/Ma-0.94/m_1_1_10/image_Ma-0.94_1538_17_0_230.e9_6.2e9_2.08482e+25_10_64.dat
        24       0.555403         4.0246        311.503        1.41822        7.76778        4.93429       -1003.42     /gpfs/hpu/EHT2020/sc_64/Ma-0.94/m_1_1_10/image_Ma-0.94_1544_17_0_230.e9_6.2e9_2.08482e+25_10_64.dat
        25        1.46496        3.79562        303.653         11.925        13.2714          12.53       -2249.72     /gpfs/hpu/EHT2020/sc_64/Ma-0.94/m_1_1_10/image_Ma-0.94_1550_17_0_230.e9_6.2e9_2.08482e+25_10_64.dat
        26       0.528953        3.90866        309.842        6.84216        6.37916        6.50175       -1226.89     /gpfs/hpu/EHT2020/sc_64/Ma-0.94/m_1_1_10/image_Ma-0.94_1556_17_0_230.e9_6.2e9_2.08482e+25_10_64.dat
        27       0.596063        4.23695        292.984        3.37185        11.2851        7.73441        -1373.2     /gpfs/hpu/EHT2020/sc_64/Ma-0.94/m_1_1_10/image_Ma-0.94_1562_17_0_230.e9_6.2e9_2.08482e+25_10_64.dat
        28       0.617335        4.10386        305.541         3.3898        5.73634        4.65453       -976.955     /gpfs/hpu/EHT2020/sc_64/Ma-0.94/m_1_1_10/image_Ma-0.94_1568_17_0_230.e9_6.2e9_2.08482e+25_10_64.dat
        29       0.653509        4.19037        291.842        2.02453        5.37459        3.86418       -898.816     /gpfs/hpu/EHT2020/sc_64/Ma-0.94/m_1_1_10/image_Ma-0.94_1574_17_0_230.e9_6.2e9_2.08482e+25_10_64.dat
        30       0.669147         3.6501        265.357        2.53942        10.5036        6.94037       -1308.32     /gpfs/hpu/EHT2020/sc_64/Ma-0.94/m_1_1_10/image_Ma-0.94_1580_17_0_230.e9_6.2e9_2.08482e+25_10_64.dat
        31       0.802237        4.02339        310.464        4.88404        5.48309         5.1583       -1119.63     /gpfs/hpu/EHT2020/sc_64/Ma-0.94/m_1_1_10/image_Ma-0.94_1586_17_0_230.e9_6.2e9_2.08482e+25_10_64.dat
        32       0.834177        3.80629        302.858        3.21581        4.69867        4.00205       -990.503     /gpfs/hpu/EHT2020/sc_64/Ma-0.94/m_1_1_10/image_Ma-0.94_1592_17_0_230.e9_6.2e9_2.08482e+25_10_64.dat
        33       0.887787        4.45112        234.916         5.6976        8.35242        7.10596       -1290.03     /gpfs/hpu/EHT2020/sc_64/Ma-0.94/m_1_1_10/image_Ma-0.94_1598_17_0_230.e9_6.2e9_2.08482e+25_10_64.dat
        34       0.652444        3.74587        278.993        8.47546        7.85781        8.02924       -1417.94     /gpfs/hpu/EHT2020/sc_64/Ma-0.94/m_1_1_10/image_Ma-0.94_1604_17_0_230.e9_6.2e9_2.08482e+25_10_64.dat
        35       0.599863        4.36485        230.629        3.92487         13.162        9.01738        -1502.7     /gpfs/hpu/EHT2020/sc_64/Ma-0.94/m_1_1_10/image_Ma-0.94_1610_17_0_230.e9_6.2e9_2.08482e+25_10_64.dat
        36       0.611013        4.53804        242.741        3.54984        19.8293        12.5656       -1947.64     /gpfs/hpu/EHT2020/sc_64/Ma-0.94/m_1_1_10/image_Ma-0.94_1616_17_0_230.e9_6.2e9_2.08482e+25_10_64.dat
        37       0.592587        4.26925        250.695        3.12863        9.99488        6.91152       -1247.32     /gpfs/hpu/EHT2020/sc_64/Ma-0.94/m_1_1_10/image_Ma-0.94_1622_17_0_230.e9_6.2e9_2.08482e+25_10_64.dat
        38       0.783326        4.03431         315.35        6.53339        15.4797        11.4325       -1904.54     /gpfs/hpu/EHT2020/sc_64/Ma-0.94/m_1_1_10/image_Ma-0.94_1628_17_0_230.e9_6.2e9_2.08482e+25_10_64.dat
        39       0.678255        4.36134        359.979        14.2722         7.0314        10.0704       -1702.25     /gpfs/hpu/EHT2020/sc_64/Ma-0.94/m_1_1_10/image_Ma-0.94_1634_17_0_230.e9_6.2e9_2.08482e+25_10_64.dat
        40       0.700083        4.01931        348.547        10.9968        14.3397        12.7239       -2094.71     /gpfs/hpu/EHT2020/sc_64/Ma-0.94/m_1_1_10/image_Ma-0.94_1640_17_0_230.e9_6.2e9_2.08482e+25_10_64.dat
        41        0.65793        4.03571        359.067        12.8999        10.7735        11.5606       -1939.03     /gpfs/hpu/EHT2020/sc_64/Ma-0.94/m_1_1_10/image_Ma-0.94_1646_17_0_230.e9_6.2e9_2.08482e+25_10_64.dat
        42       0.858941        3.63172        322.209        13.8123        15.4149        14.5369       -2359.43     /gpfs/hpu/EHT2020/sc_64/Ma-0.94/m_1_1_10/image_Ma-0.94_1652_17_0_230.e9_6.2e9_2.08482e+25_10_64.dat
        43       0.857339        3.43796         232.26        7.60732         12.774        10.3903       -1793.81     /gpfs/hpu/EHT2020/sc_64/Ma-0.94/m_1_1_10/image_Ma-0.94_1658_17_0_230.e9_6.2e9_2.08482e+25_10_64.dat
        44        0.77226        3.44239          346.7        5.96655        12.8727         9.7373       -1737.22     /gpfs/hpu/EHT2020/sc_64/Ma-0.94/m_1_1_10/image_Ma-0.94_1664_17_0_230.e9_6.2e9_2.08482e+25_10_64.dat
        45        1.10045        3.48191        348.449          8.102        19.7842        14.5045       -2391.02     /gpfs/hpu/EHT2020/sc_64/Ma-0.94/m_1_1_10/image_Ma-0.94_1670_17_0_230.e9_6.2e9_2.08482e+25_10_64.dat
        46       0.913728        3.67165        265.386        2.92586        15.5386        9.90886       -1651.77     /gpfs/hpu/EHT2020/sc_64/Ma-0.94/m_1_1_10/image_Ma-0.94_1676_17_0_230.e9_6.2e9_2.08482e+25_10_64.dat
        47        1.19345        3.87458        299.234        10.8164        19.8075        15.6887       -2519.88     /gpfs/hpu/EHT2020/sc_64/Ma-0.94/m_1_1_10/image_Ma-0.94_1682_17_0_230.e9_6.2e9_2.08482e+25_10_64.dat
        48       0.701223        4.03723        283.757        2.03794        6.29569        4.38252       -942.572     /gpfs/hpu/EHT2020/sc_64/Ma-0.94/m_1_1_10/image_Ma-0.94_1688_17_0_230.e9_6.2e9_2.08482e+25_10_64.dat
        49       0.824388        4.09918        295.903        5.23165         7.9468        6.67921       -1334.55     /gpfs/hpu/EHT2020/sc_64/Ma-0.94/m_1_1_10/image_Ma-0.94_1694_17_0_230.e9_6.2e9_2.08482e+25_10_64.dat
        50       0.650203        4.36571        342.259        7.27415        7.82625        7.49337       -1340.41     /gpfs/hpu/EHT2020/sc_64/Ma-0.94/m_1_1_10/image_Ma-0.94_1700_17_0_230.e9_6.2e9_2.08482e+25_10_64.dat
        51       0.582449        4.21296        359.979        6.50098        31.1788        20.1543       -2969.03     /gpfs/hpu/EHT2020/sc_64/Ma-0.94/m_1_1_10/image_Ma-0.94_1706_17_0_230.e9_6.2e9_2.08482e+25_10_64.dat
        52       0.741812        3.66325        356.186        9.70601        18.3357        14.3906       -2360.57     /gpfs/hpu/EHT2020/sc_64/Ma-0.94/m_1_1_10/image_Ma-0.94_1712_17_0_230.e9_6.2e9_2.08482e+25_10_64.dat
        53        1.02038        4.44917        258.139        8.36922        64.3213        39.4026       -5430.05     /gpfs/hpu/EHT2020/sc_64/Ma-0.94/m_1_1_10/image_Ma-0.94_1718_17_0_230.e9_6.2e9_2.08482e+25_10_64.dat
        54       0.939829        4.12527        252.034        7.96645        34.9286        22.8732       -3420.43     /gpfs/hpu/EHT2020/sc_64/Ma-0.94/m_1_1_10/image_Ma-0.94_1724_17_0_230.e9_6.2e9_2.08482e+25_10_64.dat
        55       0.650902        4.21938        247.964        4.26214        7.12085        5.80132       -1098.96     /gpfs/hpu/EHT2020/sc_64/Ma-0.94/m_1_1_10/image_Ma-0.94_1730_17_0_230.e9_6.2e9_2.08482e+25_10_64.dat
        56        0.64372        4.32508        248.696        3.11628        10.1174        6.97436       -1271.69     /gpfs/hpu/EHT2020/sc_64/Ma-0.94/m_1_1_10/image_Ma-0.94_1736_17_0_230.e9_6.2e9_2.08482e+25_10_64.dat
        57       0.581175         3.8236        176.491        5.77778        16.7599        11.8189       -1964.67     /gpfs/hpu/EHT2020/sc_64/Ma-0.94/m_1_1_10/image_Ma-0.94_1742_17_0_230.e9_6.2e9_2.08482e+25_10_64.dat
        58       0.578182         4.2585        215.122        2.31827         7.8461         5.3662       -1072.65     /gpfs/hpu/EHT2020/sc_64/Ma-0.94/m_1_1_10/image_Ma-0.94_1748_17_0_230.e9_6.2e9_2.08482e+25_10_64.dat
        59       0.607351        4.23327        188.006         3.4095        12.7048        8.54065       -1502.83     /gpfs/hpu/EHT2020/sc_64/Ma-0.94/m_1_1_10/image_Ma-0.94_1754_17_0_230.e9_6.2e9_2.08482e+25_10_64.dat
        60       0.567516        3.98948        268.301        3.80682        4.89177        4.36449       -959.198     /gpfs/hpu/EHT2020/sc_64/Ma-0.94/m_1_1_10/image_Ma-0.94_1760_17_0_230.e9_6.2e9_2.08482e+25_10_64.dat
        61       0.662385        4.14629        252.865         4.4646        11.5654        8.36185       -1493.85     /gpfs/hpu/EHT2020/sc_64/Ma-0.94/m_1_1_10/image_Ma-0.94_1766_17_0_230.e9_6.2e9_2.08482e+25_10_64.dat
        62         0.6493        3.87912        259.892        2.68979        4.48056        3.65373       -863.621     /gpfs/hpu/EHT2020/sc_64/Ma-0.94/m_1_1_10/image_Ma-0.94_1772_17_0_230.e9_6.2e9_2.08482e+25_10_64.dat
        63       0.622637        4.38688        325.929        7.93468        7.30745        7.48967       -1357.44     /gpfs/hpu/EHT2020/sc_64/Ma-0.94/m_1_1_10/image_Ma-0.94_1778_17_0_230.e9_6.2e9_2.08482e+25_10_64.dat
        64       0.827073        4.51655        340.009        27.9284        10.2118        17.7321       -2716.37     /gpfs/hpu/EHT2020/sc_64/Ma-0.94/m_1_1_10/image_Ma-0.94_1784_17_0_230.e9_6.2e9_2.08482e+25_10_64.dat
        65        0.52974        3.82965        310.591         11.608        11.6075        11.4673       -1865.15     /gpfs/hpu/EHT2020/sc_64/Ma-0.94/m_1_1_10/image_Ma-0.94_1790_17_0_230.e9_6.2e9_2.08482e+25_10_64.dat
        66       0.921767        3.87157        332.026        29.8598        11.6568        19.3695       -2939.83     /gpfs/hpu/EHT2020/sc_64/Ma-0.94/m_1_1_10/image_Ma-0.94_1796_17_0_230.e9_6.2e9_2.08482e+25_10_64.dat
        67       0.563647        3.67318        315.624        6.31656        9.52337        8.02458        -1444.9     /gpfs/hpu/EHT2020/sc_64/Ma-0.94/m_1_1_10/image_Ma-0.94_1802_17_0_230.e9_6.2e9_2.08482e+25_10_64.dat
        68       0.715116        3.72654        256.905        4.30113        6.44922        5.44441       -1128.43     /gpfs/hpu/EHT2020/sc_64/Ma-0.94/m_1_1_10/image_Ma-0.94_1808_17_0_230.e9_6.2e9_2.08482e+25_10_64.dat
        69       0.903357        3.43086        338.138        6.45661        10.3284        8.53297       -1601.14     /gpfs/hpu/EHT2020/sc_64/Ma-0.94/m_1_1_10/image_Ma-0.94_1814_17_0_230.e9_6.2e9_2.08482e+25_10_64.dat
        70       0.640459        3.75489        267.997        10.2955         9.8188         9.9057       -1638.91     /gpfs/hpu/EHT2020/sc_64/Ma-0.94/m_1_1_10/image_Ma-0.94_1820_17_0_230.e9_6.2e9_2.08482e+25_10_64.dat
        71        0.75422         4.0569        284.385         4.7685        21.7538        14.1623       -2164.06     /gpfs/hpu/EHT2020/sc_64/Ma-0.94/m_1_1_10/image_Ma-0.94_1826_17_0_230.e9_6.2e9_2.08482e+25_10_64.dat
        72       0.822931        3.66746        284.418        8.31933        16.8152        12.9462       -2201.35     /gpfs/hpu/EHT2020/sc_64/Ma-0.94/m_1_1_10/image_Ma-0.94_1832_17_0_230.e9_6.2e9_2.08482e+25_10_64.dat
        73       0.904596        3.58826        332.197        5.55789        6.66623         6.1074       -1339.36     /gpfs/hpu/EHT2020/sc_64/Ma-0.94/m_1_1_10/image_Ma-0.94_1838_17_0_230.e9_6.2e9_2.08482e+25_10_64.dat
        74        0.68857        3.66078        298.942        12.6803         15.016        13.8267       -2130.46     /gpfs/hpu/EHT2020/sc_64/Ma-0.94/m_1_1_10/image_Ma-0.94_1844_17_0_230.e9_6.2e9_2.08482e+25_10_64.dat
        75       0.542891        3.56976        326.109        6.67177        9.69216        8.27177       -1439.28     /gpfs/hpu/EHT2020/sc_64/Ma-0.94/m_1_1_10/image_Ma-0.94_1850_17_0_230.e9_6.2e9_2.08482e+25_10_64.dat
        76       0.582091        3.59038        299.244        4.59649        7.00098        5.87887       -1171.33     /gpfs/hpu/EHT2020/sc_64/Ma-0.94/m_1_1_10/image_Ma-0.94_1856_17_0_230.e9_6.2e9_2.08482e+25_10_64.dat
        77       0.511306        3.78039        336.367        5.48308        8.00308        6.81901       -1239.85     /gpfs/hpu/EHT2020/sc_64/Ma-0.94/m_1_1_10/image_Ma-0.94_1862_17_0_230.e9_6.2e9_2.08482e+25_10_64.dat
        78       0.679366        3.92148        299.173        5.24079        8.91408         7.2214       -1307.62     /gpfs/hpu/EHT2020/sc_64/Ma-0.94/m_1_1_10/image_Ma-0.94_1868_17_0_230.e9_6.2e9_2.08482e+25_10_64.dat
        79       0.706617        3.46653        352.933        11.2798        11.4227        11.2229       -1810.01     /gpfs/hpu/EHT2020/sc_64/Ma-0.94/m_1_1_10/image_Ma-0.94_1874_17_0_230.e9_6.2e9_2.08482e+25_10_64.dat
        80         1.0431        4.19236        352.333        4.77172         17.753        11.9374       -2049.96     /gpfs/hpu/EHT2020/sc_64/Ma-0.94/m_1_1_10/image_Ma-0.94_1880_17_0_230.e9_6.2e9_2.08482e+25_10_64.dat
        81       0.865345        4.47593        282.457        4.65152        35.5212        21.7727       -3208.31     /gpfs/hpu/EHT2020/sc_64/Ma-0.94/m_1_1_10/image_Ma-0.94_1886_17_0_230.e9_6.2e9_2.08482e+25_10_64.dat
        82       0.771988        4.04326        329.694        4.02778        10.5952        7.63352       -1440.99     /gpfs/hpu/EHT2020/sc_64/Ma-0.94/m_1_1_10/image_Ma-0.94_1892_17_0_230.e9_6.2e9_2.08482e+25_10_64.dat
        83         1.1614        3.80355        346.634        8.53474        17.4987        13.4195       -2190.44     /gpfs/hpu/EHT2020/sc_64/Ma-0.94/m_1_1_10/image_Ma-0.94_1898_17_0_230.e9_6.2e9_2.08482e+25_10_64.dat
        84       0.688657        3.63221        295.079        14.3362        11.1491        12.3893        -2007.2     /gpfs/hpu/EHT2020/sc_64/Ma-0.94/m_1_1_10/image_Ma-0.94_1904_17_0_230.e9_6.2e9_2.08482e+25_10_64.dat
        85         1.2978        3.17188        348.286        9.48925        11.2129        10.3336       -1840.53     /gpfs/hpu/EHT2020/sc_64/Ma-0.94/m_1_1_10/image_Ma-0.94_1910_17_0_230.e9_6.2e9_2.08482e+25_10_64.dat
        86       0.746864        3.45026        359.996        15.5203        17.7685        16.5836        -2532.4     /gpfs/hpu/EHT2020/sc_64/Ma-0.94/m_1_1_10/image_Ma-0.94_1916_17_0_230.e9_6.2e9_2.08482e+25_10_64.dat
        87        1.10716        3.94875         340.44        11.2989        16.8512        14.2518       -2560.86     /gpfs/hpu/EHT2020/sc_64/Ma-0.94/m_1_1_10/image_Ma-0.94_1922_17_0_230.e9_6.2e9_2.08482e+25_10_64.dat
        88         1.5184        3.27309         280.26        12.3522        70.7646        44.7064       -6691.98     /gpfs/hpu/EHT2020/sc_64/Ma-0.94/m_1_1_10/image_Ma-0.94_1928_17_0_230.e9_6.2e9_2.08482e+25_10_64.dat
        89       0.815769        3.74773        269.674        11.1966        48.5225        31.8312       -4498.98     /gpfs/hpu/EHT2020/sc_64/Ma-0.94/m_1_1_10/image_Ma-0.94_1934_17_0_230.e9_6.2e9_2.08482e+25_10_64.dat
        90        1.24652        3.95915          345.8        11.5366        17.6804        14.8158       -2663.03     /gpfs/hpu/EHT2020/sc_64/Ma-0.94/m_1_1_10/image_Ma-0.94_1940_17_0_230.e9_6.2e9_2.08482e+25_10_64.dat
        91       0.846038        3.63621        323.108        7.32165        12.5604        10.1482       -2080.78     /gpfs/hpu/EHT2020/sc_64/Ma-0.94/m_1_1_10/image_Ma-0.94_1946_17_0_230.e9_6.2e9_2.08482e+25_10_64.dat
        92        1.08982        3.98199        272.047        4.92684        14.7469        10.3316       -1803.79     /gpfs/hpu/EHT2020/sc_64/Ma-0.94/m_1_1_10/image_Ma-0.94_1952_17_0_230.e9_6.2e9_2.08482e+25_10_64.dat
        93       0.838025        4.16598        245.079        10.4303        26.7278        19.3729       -3048.23     /gpfs/hpu/EHT2020/sc_64/Ma-0.94/m_1_1_10/image_Ma-0.94_1958_17_0_230.e9_6.2e9_2.08482e+25_10_64.dat
        94         1.0912        4.05654        243.296        6.48692        33.2708        21.3124        -3321.4     /gpfs/hpu/EHT2020/sc_64/Ma-0.94/m_1_1_10/image_Ma-0.94_1964_17_0_230.e9_6.2e9_2.08482e+25_10_64.dat
        95       0.741574          3.713        259.442        4.69407        8.88783        6.97091       -1381.36     /gpfs/hpu/EHT2020/sc_64/Ma-0.94/m_1_1_10/image_Ma-0.94_1970_17_0_230.e9_6.2e9_2.08482e+25_10_64.dat
        96       0.796524        3.59335        290.358        7.25757        9.76875        8.56713       -1664.64     /gpfs/hpu/EHT2020/sc_64/Ma-0.94/m_1_1_10/image_Ma-0.94_1976_17_0_230.e9_6.2e9_2.08482e+25_10_64.dat
        97       0.787668        3.61143         296.96        7.89645        20.6473        14.8962       -2477.48     /gpfs/hpu/EHT2020/sc_64/Ma-0.94/m_1_1_10/image_Ma-0.94_1982_17_0_230.e9_6.2e9_2.08482e+25_10_64.dat
        98       0.774015        4.09833         344.98        2.05035        12.2302        7.69015       -1461.42     /gpfs/hpu/EHT2020/sc_64/Ma-0.94/m_1_1_10/image_Ma-0.94_1988_17_0_230.e9_6.2e9_2.08482e+25_10_64.dat
        99       0.871099        3.44385        320.493        3.46669        13.9679        9.26816       -1734.17     /gpfs/hpu/EHT2020/sc_64/Ma-0.94/m_1_1_10/image_Ma-0.94_1994_17_0_230.e9_6.2e9_2.08482e+25_10_64.dat
