   # Index         I (Jy)      M/D (uas)       PA (deg)  VA red. chisq  CP red. chisq     red. chisq     log-liklhd     FileName
         0        0.41347        3.40532        274.776        4.20228        7.47784        5.97414       -1128.45     /gpfs/hpu/EHT2/IHARM/SANE/SANE_a-0.94_288x128x128_IHARM/m_1_1_80/image_a-0.94_1200_17_0_230.e9_6.2e9_1.22955e+29_80.dat
         1       0.669744        3.42114        302.485         7.2407        9.86885        8.61555       -1537.08     /gpfs/hpu/EHT2/IHARM/SANE/SANE_a-0.94_288x128x128_IHARM/m_1_1_80/image_a-0.94_1206_17_0_230.e9_6.2e9_1.22955e+29_80.dat
         2       0.578608        3.31456        325.053        6.29507        9.35553        7.92192       -1414.26     /gpfs/hpu/EHT2/IHARM/SANE/SANE_a-0.94_288x128x128_IHARM/m_1_1_80/image_a-0.94_1212_17_0_230.e9_6.2e9_1.22955e+29_80.dat
         3       0.642184        3.20266        299.919        9.59084        4.34464        6.55556       -1315.72     /gpfs/hpu/EHT2/IHARM/SANE/SANE_a-0.94_288x128x128_IHARM/m_1_1_80/image_a-0.94_1218_17_0_230.e9_6.2e9_1.22955e+29_80.dat
         4       0.676444        3.35114        323.179        2.84645        9.78823        6.67478       -1400.77     /gpfs/hpu/EHT2/IHARM/SANE/SANE_a-0.94_288x128x128_IHARM/m_1_1_80/image_a-0.94_1224_17_0_230.e9_6.2e9_1.22955e+29_80.dat
         5       0.683417        3.41971        256.394        7.28716        30.6692          20.21       -3104.67     /gpfs/hpu/EHT2/IHARM/SANE/SANE_a-0.94_288x128x128_IHARM/m_1_1_80/image_a-0.94_1230_17_0_230.e9_6.2e9_1.22955e+29_80.dat
         6       0.637459        3.39671        331.558           14.2        51.2951        34.6699       -5874.23     /gpfs/hpu/EHT2/IHARM/SANE/SANE_a-0.94_288x128x128_IHARM/m_1_1_80/image_a-0.94_1236_17_0_230.e9_6.2e9_1.22955e+29_80.dat
         7        0.78055        3.54261        320.677        3.07595        9.09717        6.38925       -1338.72     /gpfs/hpu/EHT2/IHARM/SANE/SANE_a-0.94_288x128x128_IHARM/m_1_1_80/image_a-0.94_1242_17_0_230.e9_6.2e9_1.22955e+29_80.dat
         8       0.880849        3.92776         321.67        5.94497        15.3038        11.0808       -1962.38     /gpfs/hpu/EHT2/IHARM/SANE/SANE_a-0.94_288x128x128_IHARM/m_1_1_80/image_a-0.94_1248_17_0_230.e9_6.2e9_1.22955e+29_80.dat
         9       0.853124        3.39417         306.69        6.93076        13.1091        10.2848       -1843.06     /gpfs/hpu/EHT2/IHARM/SANE/SANE_a-0.94_288x128x128_IHARM/m_1_1_80/image_a-0.94_1254_17_0_230.e9_6.2e9_1.22955e+29_80.dat
        10        0.89092        3.48607        355.637        4.30158        24.1972        15.3205       -2492.85     /gpfs/hpu/EHT2/IHARM/SANE/SANE_a-0.94_288x128x128_IHARM/m_1_1_80/image_a-0.94_1260_17_0_230.e9_6.2e9_1.22955e+29_80.dat
        11        0.57196        3.48702         295.15        10.5652        7.03284         8.4718       -1575.97     /gpfs/hpu/EHT2/IHARM/SANE/SANE_a-0.94_288x128x128_IHARM/m_1_1_80/image_a-0.94_1266_17_0_230.e9_6.2e9_1.22955e+29_80.dat
        12       0.590372        3.59308        315.345        3.30337        7.43579         5.5629       -1134.24     /gpfs/hpu/EHT2/IHARM/SANE/SANE_a-0.94_288x128x128_IHARM/m_1_1_80/image_a-0.94_1272_17_0_230.e9_6.2e9_1.22955e+29_80.dat
        13       0.454906        3.26692         318.42        6.34907        12.4784        9.68294       -1688.61     /gpfs/hpu/EHT2/IHARM/SANE/SANE_a-0.94_288x128x128_IHARM/m_1_1_80/image_a-0.94_1278_17_0_230.e9_6.2e9_1.22955e+29_80.dat
        14       0.540879        3.48704        286.818        3.67859        8.21228        6.15687       -1260.53     /gpfs/hpu/EHT2/IHARM/SANE/SANE_a-0.94_288x128x128_IHARM/m_1_1_80/image_a-0.94_1284_17_0_230.e9_6.2e9_1.22955e+29_80.dat
        15       0.587635        3.49503        296.399        4.18682        6.86181        5.62467       -1213.33     /gpfs/hpu/EHT2/IHARM/SANE/SANE_a-0.94_288x128x128_IHARM/m_1_1_80/image_a-0.94_1290_17_0_230.e9_6.2e9_1.22955e+29_80.dat
        16       0.530103        3.47436         283.41        11.2659        10.5399        10.7256       -1791.85     /gpfs/hpu/EHT2/IHARM/SANE/SANE_a-0.94_288x128x128_IHARM/m_1_1_80/image_a-0.94_1296_17_0_230.e9_6.2e9_1.22955e+29_80.dat
        17       0.551456        3.48149        338.489        8.98794        5.59435        6.99085       -1278.03     /gpfs/hpu/EHT2/IHARM/SANE/SANE_a-0.94_288x128x128_IHARM/m_1_1_80/image_a-0.94_1302_17_0_230.e9_6.2e9_1.22955e+29_80.dat
        18       0.373085        3.60273        305.528        8.28733        10.6959        9.52732       -1560.43     /gpfs/hpu/EHT2/IHARM/SANE/SANE_a-0.94_288x128x128_IHARM/m_1_1_80/image_a-0.94_1308_17_0_230.e9_6.2e9_1.22955e+29_80.dat
        19       0.532057        3.87741        302.725        2.36843         4.3639        3.45016       -871.773     /gpfs/hpu/EHT2/IHARM/SANE/SANE_a-0.94_288x128x128_IHARM/m_1_1_80/image_a-0.94_1314_17_0_230.e9_6.2e9_1.22955e+29_80.dat
        20       0.554485        3.92317        325.944        3.24875        8.33353        6.03889       -1166.47     /gpfs/hpu/EHT2/IHARM/SANE/SANE_a-0.94_288x128x128_IHARM/m_1_1_80/image_a-0.94_1320_17_0_230.e9_6.2e9_1.22955e+29_80.dat
        21       0.723566        3.25479        270.868          4.541        19.6299        12.8823       -2155.94     /gpfs/hpu/EHT2/IHARM/SANE/SANE_a-0.94_288x128x128_IHARM/m_1_1_80/image_a-0.94_1326_17_0_230.e9_6.2e9_1.22955e+29_80.dat
        22       0.544292        3.60737        359.982        4.14167        7.23938         5.8153       -1175.88     /gpfs/hpu/EHT2/IHARM/SANE/SANE_a-0.94_288x128x128_IHARM/m_1_1_80/image_a-0.94_1332_17_0_230.e9_6.2e9_1.22955e+29_80.dat
        23       0.478481        3.52894        287.418        6.43821        23.1285        15.6477        -2346.9     /gpfs/hpu/EHT2/IHARM/SANE/SANE_a-0.94_288x128x128_IHARM/m_1_1_80/image_a-0.94_1338_17_0_230.e9_6.2e9_1.22955e+29_80.dat
        24        0.52448        3.53566        316.422        5.43932        6.27888         5.8407       -1204.09     /gpfs/hpu/EHT2/IHARM/SANE/SANE_a-0.94_288x128x128_IHARM/m_1_1_80/image_a-0.94_1344_17_0_230.e9_6.2e9_1.22955e+29_80.dat
        25       0.899339        3.24675        296.132        10.1693        11.8131         10.961       -2014.05     /gpfs/hpu/EHT2/IHARM/SANE/SANE_a-0.94_288x128x128_IHARM/m_1_1_80/image_a-0.94_1350_17_0_230.e9_6.2e9_1.22955e+29_80.dat
        26       0.465226         3.1931        332.829        9.91514        16.9111        13.6881       -2190.21     /gpfs/hpu/EHT2/IHARM/SANE/SANE_a-0.94_288x128x128_IHARM/m_1_1_80/image_a-0.94_1356_17_0_230.e9_6.2e9_1.22955e+29_80.dat
        27       0.472174        3.66134        332.541        6.45841          5.505        5.84976       -1166.74     /gpfs/hpu/EHT2/IHARM/SANE/SANE_a-0.94_288x128x128_IHARM/m_1_1_80/image_a-0.94_1362_17_0_230.e9_6.2e9_1.22955e+29_80.dat
        28         0.8236        3.39445        329.031        7.46889        12.5398        10.2003       -1815.76     /gpfs/hpu/EHT2/IHARM/SANE/SANE_a-0.94_288x128x128_IHARM/m_1_1_80/image_a-0.94_1368_17_0_230.e9_6.2e9_1.22955e+29_80.dat
        29       0.480118        3.62647         282.06        6.32331        10.1775        8.39148       -1478.72     /gpfs/hpu/EHT2/IHARM/SANE/SANE_a-0.94_288x128x128_IHARM/m_1_1_80/image_a-0.94_1374_17_0_230.e9_6.2e9_1.22955e+29_80.dat
        30       0.509901        3.31865        293.017        4.49001        6.82715         5.7362        -1165.1     /gpfs/hpu/EHT2/IHARM/SANE/SANE_a-0.94_288x128x128_IHARM/m_1_1_80/image_a-0.94_1380_17_0_230.e9_6.2e9_1.22955e+29_80.dat
        31       0.480763        3.21439        328.951        6.61602        6.90682         6.6978       -1291.88     /gpfs/hpu/EHT2/IHARM/SANE/SANE_a-0.94_288x128x128_IHARM/m_1_1_80/image_a-0.94_1386_17_0_230.e9_6.2e9_1.22955e+29_80.dat
        32       0.806528        3.64097        318.483        10.8634        40.1209        27.0124        -4717.6     /gpfs/hpu/EHT2/IHARM/SANE/SANE_a-0.94_288x128x128_IHARM/m_1_1_80/image_a-0.94_1392_17_0_230.e9_6.2e9_1.22955e+29_80.dat
        33       0.887108        3.40566        293.581        5.26299        9.38496        7.49301       -1543.52     /gpfs/hpu/EHT2/IHARM/SANE/SANE_a-0.94_288x128x128_IHARM/m_1_1_80/image_a-0.94_1398_17_0_230.e9_6.2e9_1.22955e+29_80.dat
        34       0.600511        3.34374        314.997        7.60575        10.4651        9.10482       -1566.84     /gpfs/hpu/EHT2/IHARM/SANE/SANE_a-0.94_288x128x128_IHARM/m_1_1_80/image_a-0.94_1404_17_0_230.e9_6.2e9_1.22955e+29_80.dat
        35         0.7175        3.63137        223.987        11.4339        17.6492        14.7541       -2387.86     /gpfs/hpu/EHT2/IHARM/SANE/SANE_a-0.94_288x128x128_IHARM/m_1_1_80/image_a-0.94_1410_17_0_230.e9_6.2e9_1.22955e+29_80.dat
        36       0.506428        3.66869        236.409         3.2689        11.3434        7.72243       -1379.77     /gpfs/hpu/EHT2/IHARM/SANE/SANE_a-0.94_288x128x128_IHARM/m_1_1_80/image_a-0.94_1416_17_0_230.e9_6.2e9_1.22955e+29_80.dat
        37       0.452931        3.78819        258.328        8.64783        14.7553        11.9417       -1903.36     /gpfs/hpu/EHT2/IHARM/SANE/SANE_a-0.94_288x128x128_IHARM/m_1_1_80/image_a-0.94_1422_17_0_230.e9_6.2e9_1.22955e+29_80.dat
        38        0.55252        3.59956        298.541        16.7757        14.0562        15.0595       -2318.27     /gpfs/hpu/EHT2/IHARM/SANE/SANE_a-0.94_288x128x128_IHARM/m_1_1_80/image_a-0.94_1428_17_0_230.e9_6.2e9_1.22955e+29_80.dat
        39       0.618188        3.27509         359.83        10.7669        30.2761        21.4926       -3230.87     /gpfs/hpu/EHT2/IHARM/SANE/SANE_a-0.94_288x128x128_IHARM/m_1_1_80/image_a-0.94_1434_17_0_230.e9_6.2e9_1.22955e+29_80.dat
        40       0.465269        3.49497        302.469        3.11829        7.06167        5.27487       -1085.93     /gpfs/hpu/EHT2/IHARM/SANE/SANE_a-0.94_288x128x128_IHARM/m_1_1_80/image_a-0.94_1440_17_0_230.e9_6.2e9_1.22955e+29_80.dat
        41       0.707163        3.33109        339.666        22.9501        30.5158        26.8824       -4103.92     /gpfs/hpu/EHT2/IHARM/SANE/SANE_a-0.94_288x128x128_IHARM/m_1_1_80/image_a-0.94_1446_17_0_230.e9_6.2e9_1.22955e+29_80.dat
        42       0.406787        3.49276        336.385        9.25502        6.45631        7.58572       -1319.16     /gpfs/hpu/EHT2/IHARM/SANE/SANE_a-0.94_288x128x128_IHARM/m_1_1_80/image_a-0.94_1452_17_0_230.e9_6.2e9_1.22955e+29_80.dat
        43       0.707825        3.57699        315.572        7.66086        5.99655        6.64208       -1256.07     /gpfs/hpu/EHT2/IHARM/SANE/SANE_a-0.94_288x128x128_IHARM/m_1_1_80/image_a-0.94_1458_17_0_230.e9_6.2e9_1.22955e+29_80.dat
        44       0.710131        3.57035        326.818        6.92248        15.9142        11.8422       -2028.36     /gpfs/hpu/EHT2/IHARM/SANE/SANE_a-0.94_288x128x128_IHARM/m_1_1_80/image_a-0.94_1464_17_0_230.e9_6.2e9_1.22955e+29_80.dat
        45       0.416105         3.6641        311.274        3.29812        3.85547        3.56836       -833.424     /gpfs/hpu/EHT2/IHARM/SANE/SANE_a-0.94_288x128x128_IHARM/m_1_1_80/image_a-0.94_1470_17_0_230.e9_6.2e9_1.22955e+29_80.dat
        46        0.43204        3.43368         329.83        6.28961        9.18676        7.82565       -1407.06     /gpfs/hpu/EHT2/IHARM/SANE/SANE_a-0.94_288x128x128_IHARM/m_1_1_80/image_a-0.94_1476_17_0_230.e9_6.2e9_1.22955e+29_80.dat
        47       0.693838        3.08585        334.406        12.9947        15.1785        14.0527       -2275.28     /gpfs/hpu/EHT2/IHARM/SANE/SANE_a-0.94_288x128x128_IHARM/m_1_1_80/image_a-0.94_1482_17_0_230.e9_6.2e9_1.22955e+29_80.dat
        48       0.512566        3.17793        329.731        8.58487        12.8226        10.8391       -1775.61     /gpfs/hpu/EHT2/IHARM/SANE/SANE_a-0.94_288x128x128_IHARM/m_1_1_80/image_a-0.94_1488_17_0_230.e9_6.2e9_1.22955e+29_80.dat
        49       0.470441        3.57066        313.378        4.44547        8.12082        6.43685       -1190.38     /gpfs/hpu/EHT2/IHARM/SANE/SANE_a-0.94_288x128x128_IHARM/m_1_1_80/image_a-0.94_1494_17_0_230.e9_6.2e9_1.22955e+29_80.dat
        50       0.499624        3.53801        337.261        3.72328          10.26        7.31562       -1353.62     /gpfs/hpu/EHT2/IHARM/SANE/SANE_a-0.94_288x128x128_IHARM/m_1_1_80/image_a-0.94_1500_17_0_230.e9_6.2e9_1.22955e+29_80.dat
        51       0.401409        3.48048        330.764        11.9771        12.7974        12.2887        -1933.2     /gpfs/hpu/EHT2/IHARM/SANE/SANE_a-0.94_288x128x128_IHARM/m_1_1_80/image_a-0.94_1506_17_0_230.e9_6.2e9_1.22955e+29_80.dat
        52       0.646952        3.23943        344.296        9.22704        23.9278        17.2957       -2736.44     /gpfs/hpu/EHT2/IHARM/SANE/SANE_a-0.94_288x128x128_IHARM/m_1_1_80/image_a-0.94_1512_17_0_230.e9_6.2e9_1.22955e+29_80.dat
        53       0.448605        3.38057        359.975        7.30508        9.65746         8.5257       -1513.81     /gpfs/hpu/EHT2/IHARM/SANE/SANE_a-0.94_288x128x128_IHARM/m_1_1_80/image_a-0.94_1518_17_0_230.e9_6.2e9_1.22955e+29_80.dat
        54       0.644157        3.78224        276.398        4.43197        30.8315        19.0684        -2836.3     /gpfs/hpu/EHT2/IHARM/SANE/SANE_a-0.94_288x128x128_IHARM/m_1_1_80/image_a-0.94_1524_17_0_230.e9_6.2e9_1.22955e+29_80.dat
        55        0.65877        3.80977         302.09         3.6686        10.9676        7.68574       -1378.57     /gpfs/hpu/EHT2/IHARM/SANE/SANE_a-0.94_288x128x128_IHARM/m_1_1_80/image_a-0.94_1530_17_0_230.e9_6.2e9_1.22955e+29_80.dat
        56       0.621083        3.36748        293.403         4.9264        26.5172        16.8811       -2671.55     /gpfs/hpu/EHT2/IHARM/SANE/SANE_a-0.94_288x128x128_IHARM/m_1_1_80/image_a-0.94_1536_17_0_230.e9_6.2e9_1.22955e+29_80.dat
        57       0.579678         3.7345        241.891        9.93291         36.871        24.8025       -3550.03     /gpfs/hpu/EHT2/IHARM/SANE/SANE_a-0.94_288x128x128_IHARM/m_1_1_80/image_a-0.94_1542_17_0_230.e9_6.2e9_1.22955e+29_80.dat
        58       0.705391        3.48893        278.082        10.7364        28.2819        20.3697       -3093.22     /gpfs/hpu/EHT2/IHARM/SANE/SANE_a-0.94_288x128x128_IHARM/m_1_1_80/image_a-0.94_1548_17_0_230.e9_6.2e9_1.22955e+29_80.dat
        59       0.512582        3.47801         310.52          4.563         13.961        9.73732       -1669.69     /gpfs/hpu/EHT2/IHARM/SANE/SANE_a-0.94_288x128x128_IHARM/m_1_1_80/image_a-0.94_1554_17_0_230.e9_6.2e9_1.22955e+29_80.dat
        60       0.634017         3.6431        329.143        8.36849        14.5775        11.7223       -1866.63     /gpfs/hpu/EHT2/IHARM/SANE/SANE_a-0.94_288x128x128_IHARM/m_1_1_80/image_a-0.94_1560_17_0_230.e9_6.2e9_1.22955e+29_80.dat
        61       0.490007        3.38714        350.572        9.89461        21.2485        16.0928       -2435.29     /gpfs/hpu/EHT2/IHARM/SANE/SANE_a-0.94_288x128x128_IHARM/m_1_1_80/image_a-0.94_1566_17_0_230.e9_6.2e9_1.22955e+29_80.dat
        62       0.651546        3.66095        296.186        2.19986        4.41151        3.40393       -935.683     /gpfs/hpu/EHT2/IHARM/SANE/SANE_a-0.94_288x128x128_IHARM/m_1_1_80/image_a-0.94_1572_17_0_230.e9_6.2e9_1.22955e+29_80.dat
        63       0.975531         3.5621        315.468        3.00995         7.6375        5.54855       -1246.37     /gpfs/hpu/EHT2/IHARM/SANE/SANE_a-0.94_288x128x128_IHARM/m_1_1_80/image_a-0.94_1578_17_0_230.e9_6.2e9_1.22955e+29_80.dat
        64       0.432659        3.52506        314.395         5.6006        7.92452          6.826       -1297.88     /gpfs/hpu/EHT2/IHARM/SANE/SANE_a-0.94_288x128x128_IHARM/m_1_1_80/image_a-0.94_1584_17_0_230.e9_6.2e9_1.22955e+29_80.dat
        65       0.481148        3.61835         240.99        4.78086        18.4988        12.3564       -1948.99     /gpfs/hpu/EHT2/IHARM/SANE/SANE_a-0.94_288x128x128_IHARM/m_1_1_80/image_a-0.94_1590_17_0_230.e9_6.2e9_1.22955e+29_80.dat
        66       0.559581        3.72989        271.416        9.88816        20.7329        15.8031       -2497.26     /gpfs/hpu/EHT2/IHARM/SANE/SANE_a-0.94_288x128x128_IHARM/m_1_1_80/image_a-0.94_1596_17_0_230.e9_6.2e9_1.22955e+29_80.dat
        67       0.402194        3.29235        299.094        8.12324        19.7433         14.491       -2236.33     /gpfs/hpu/EHT2/IHARM/SANE/SANE_a-0.94_288x128x128_IHARM/m_1_1_80/image_a-0.94_1602_17_0_230.e9_6.2e9_1.22955e+29_80.dat
        68       0.667511        3.76207        271.273        21.0112        11.9383        15.7084       -2424.29     /gpfs/hpu/EHT2/IHARM/SANE/SANE_a-0.94_288x128x128_IHARM/m_1_1_80/image_a-0.94_1608_17_0_230.e9_6.2e9_1.22955e+29_80.dat
        69       0.523005        3.78301        244.494        4.05573        9.05174        6.78671       -1224.09     /gpfs/hpu/EHT2/IHARM/SANE/SANE_a-0.94_288x128x128_IHARM/m_1_1_80/image_a-0.94_1614_17_0_230.e9_6.2e9_1.22955e+29_80.dat
        70       0.658296        3.62037        312.176        2.60379        3.96583         3.3302       -889.903     /gpfs/hpu/EHT2/IHARM/SANE/SANE_a-0.94_288x128x128_IHARM/m_1_1_80/image_a-0.94_1620_17_0_230.e9_6.2e9_1.22955e+29_80.dat
        71         0.4837        3.73693        278.112        2.47214        3.83021        3.19794       -782.381     /gpfs/hpu/EHT2/IHARM/SANE/SANE_a-0.94_288x128x128_IHARM/m_1_1_80/image_a-0.94_1626_17_0_230.e9_6.2e9_1.22955e+29_80.dat
        72       0.535841        3.33626         301.33        6.12684        6.00135         5.9829       -1203.13     /gpfs/hpu/EHT2/IHARM/SANE/SANE_a-0.94_288x128x128_IHARM/m_1_1_80/image_a-0.94_1632_17_0_230.e9_6.2e9_1.22955e+29_80.dat
        73       0.646932        3.28151        298.241        6.65259        9.69818        8.26683       -1495.21     /gpfs/hpu/EHT2/IHARM/SANE/SANE_a-0.94_288x128x128_IHARM/m_1_1_80/image_a-0.94_1638_17_0_230.e9_6.2e9_1.22955e+29_80.dat
        74       0.526195        3.73838        292.568        4.69553        20.4259        13.3919        -2060.6     /gpfs/hpu/EHT2/IHARM/SANE/SANE_a-0.94_288x128x128_IHARM/m_1_1_80/image_a-0.94_1644_17_0_230.e9_6.2e9_1.22955e+29_80.dat
        75       0.434718        3.61536        271.357        6.95626        8.97983        7.99813       -1405.34     /gpfs/hpu/EHT2/IHARM/SANE/SANE_a-0.94_288x128x128_IHARM/m_1_1_80/image_a-0.94_1650_17_0_230.e9_6.2e9_1.22955e+29_80.dat
        76       0.629812        3.65934        305.516        5.80839        16.7536        11.8286       -1873.91     /gpfs/hpu/EHT2/IHARM/SANE/SANE_a-0.94_288x128x128_IHARM/m_1_1_80/image_a-0.94_1656_17_0_230.e9_6.2e9_1.22955e+29_80.dat
        77       0.639928        3.72692        335.577        2.43969        5.25299        3.97564       -963.629     /gpfs/hpu/EHT2/IHARM/SANE/SANE_a-0.94_288x128x128_IHARM/m_1_1_80/image_a-0.94_1662_17_0_230.e9_6.2e9_1.22955e+29_80.dat
        78       0.767947         3.6766        303.949        6.01697        13.1663        9.92242       -1735.04     /gpfs/hpu/EHT2/IHARM/SANE/SANE_a-0.94_288x128x128_IHARM/m_1_1_80/image_a-0.94_1668_17_0_230.e9_6.2e9_1.22955e+29_80.dat
        79       0.526307        3.62311        328.932        13.8086        18.1504        16.0576       -2447.58     /gpfs/hpu/EHT2/IHARM/SANE/SANE_a-0.94_288x128x128_IHARM/m_1_1_80/image_a-0.94_1674_17_0_230.e9_6.2e9_1.22955e+29_80.dat
        80       0.615203        3.82407        309.842        4.66064        10.8785        8.06417       -1503.24     /gpfs/hpu/EHT2/IHARM/SANE/SANE_a-0.94_288x128x128_IHARM/m_1_1_80/image_a-0.94_1680_17_0_230.e9_6.2e9_1.22955e+29_80.dat
        81       0.577603        4.02456        342.198        5.03153         9.8929        7.67578       -1373.32     /gpfs/hpu/EHT2/IHARM/SANE/SANE_a-0.94_288x128x128_IHARM/m_1_1_80/image_a-0.94_1686_17_0_230.e9_6.2e9_1.22955e+29_80.dat
        82       0.797632        3.15096        303.068        12.1447        10.6962        11.1918       -1988.08     /gpfs/hpu/EHT2/IHARM/SANE/SANE_a-0.94_288x128x128_IHARM/m_1_1_80/image_a-0.94_1692_17_0_230.e9_6.2e9_1.22955e+29_80.dat
        83       0.759392        3.50835         79.449        12.0736        47.3721        31.5695        -4430.9     /gpfs/hpu/EHT2/IHARM/SANE/SANE_a-0.94_288x128x128_IHARM/m_1_1_80/image_a-0.94_1698_17_0_230.e9_6.2e9_1.22955e+29_80.dat
        84       0.935114        4.04797        229.988        8.25513        44.9891        28.5959       -4163.81     /gpfs/hpu/EHT2/IHARM/SANE/SANE_a-0.94_288x128x128_IHARM/m_1_1_80/image_a-0.94_1704_17_0_230.e9_6.2e9_1.22955e+29_80.dat
        85       0.566156        3.18774        335.205         10.278        27.0072        19.4627       -2998.41     /gpfs/hpu/EHT2/IHARM/SANE/SANE_a-0.94_288x128x128_IHARM/m_1_1_80/image_a-0.94_1710_17_0_230.e9_6.2e9_1.22955e+29_80.dat
        86       0.598335         3.7768        298.686        4.22864        24.8795        15.6687       -2345.85     /gpfs/hpu/EHT2/IHARM/SANE/SANE_a-0.94_288x128x128_IHARM/m_1_1_80/image_a-0.94_1716_17_0_230.e9_6.2e9_1.22955e+29_80.dat
        87       0.758521        3.48841        306.386        5.70366        40.9706         25.259       -3716.62     /gpfs/hpu/EHT2/IHARM/SANE/SANE_a-0.94_288x128x128_IHARM/m_1_1_80/image_a-0.94_1722_17_0_230.e9_6.2e9_1.22955e+29_80.dat
        88       0.892702        3.85339        276.412        4.66014        32.6866        20.1992       -3402.26     /gpfs/hpu/EHT2/IHARM/SANE/SANE_a-0.94_288x128x128_IHARM/m_1_1_80/image_a-0.94_1728_17_0_230.e9_6.2e9_1.22955e+29_80.dat
        89       0.684354        3.85777        342.015         6.1085        12.4809        9.58054       -1663.98     /gpfs/hpu/EHT2/IHARM/SANE/SANE_a-0.94_288x128x128_IHARM/m_1_1_80/image_a-0.94_1734_17_0_230.e9_6.2e9_1.22955e+29_80.dat
        90        0.47044        3.59302        272.942         5.8575        14.2648        10.4649       -1715.36     /gpfs/hpu/EHT2/IHARM/SANE/SANE_a-0.94_288x128x128_IHARM/m_1_1_80/image_a-0.94_1740_17_0_230.e9_6.2e9_1.22955e+29_80.dat
        91       0.479818        3.66336        330.831        3.82244        10.8228        7.67154        -1411.7     /gpfs/hpu/EHT2/IHARM/SANE/SANE_a-0.94_288x128x128_IHARM/m_1_1_80/image_a-0.94_1746_17_0_230.e9_6.2e9_1.22955e+29_80.dat
        92       0.919727        3.51323        300.334        4.28831        23.7338        15.0569       -2481.69     /gpfs/hpu/EHT2/IHARM/SANE/SANE_a-0.94_288x128x128_IHARM/m_1_1_80/image_a-0.94_1752_17_0_230.e9_6.2e9_1.22955e+29_80.dat
        93       0.485828        3.35319        292.124        10.1685         33.523        23.0412       -3290.52     /gpfs/hpu/EHT2/IHARM/SANE/SANE_a-0.94_288x128x128_IHARM/m_1_1_80/image_a-0.94_1758_17_0_230.e9_6.2e9_1.22955e+29_80.dat
        94       0.481868        3.38097        292.486        9.81485         12.669        11.2843          -2017     /gpfs/hpu/EHT2/IHARM/SANE/SANE_a-0.94_288x128x128_IHARM/m_1_1_80/image_a-0.94_1764_17_0_230.e9_6.2e9_1.22955e+29_80.dat
        95       0.495318         3.4572        318.729        6.25735        14.1003        10.5459       -1815.08     /gpfs/hpu/EHT2/IHARM/SANE/SANE_a-0.94_288x128x128_IHARM/m_1_1_80/image_a-0.94_1770_17_0_230.e9_6.2e9_1.22955e+29_80.dat
        96       0.596275        3.68974        262.172        10.7652        23.6961        17.8304       -2651.17     /gpfs/hpu/EHT2/IHARM/SANE/SANE_a-0.94_288x128x128_IHARM/m_1_1_80/image_a-0.94_1776_17_0_230.e9_6.2e9_1.22955e+29_80.dat
        97       0.430898        3.64424        290.273        9.56198        7.73131        8.42763       -1444.49     /gpfs/hpu/EHT2/IHARM/SANE/SANE_a-0.94_288x128x128_IHARM/m_1_1_80/image_a-0.94_1782_17_0_230.e9_6.2e9_1.22955e+29_80.dat
        98       0.736761        3.42935        260.972        6.76073        5.00788        5.70357       -1243.22     /gpfs/hpu/EHT2/IHARM/SANE/SANE_a-0.94_288x128x128_IHARM/m_1_1_80/image_a-0.94_1788_17_0_230.e9_6.2e9_1.22955e+29_80.dat
        99        0.91749        3.59342        271.508         8.7366        23.8213        17.0248       -2717.73     /gpfs/hpu/EHT2/IHARM/SANE/SANE_a-0.94_288x128x128_IHARM/m_1_1_80/image_a-0.94_1794_17_0_230.e9_6.2e9_1.22955e+29_80.dat
