   # Index         I (Jy)      M/D (uas)       PA (deg)  VA red. chisq  CP red. chisq     red. chisq     log-liklhd     FileName
         0       0.701341        4.22616       -252.104        5.59386        13.3557        9.84528       -1618.99     /gpfs/hpu/EHT2020/sc_64/Ma+0.94/m_1_1_160/image_Ma+0.94_1000_163_0_230.e9_6.2e9_1.21241e+25_160_64.dat
         1       0.911502        4.01252       -178.862        7.34528         12.979        10.3913       -1871.29     /gpfs/hpu/EHT2020/sc_64/Ma+0.94/m_1_1_160/image_Ma+0.94_1010_163_0_230.e9_6.2e9_1.21241e+25_160_64.dat
         2        1.06793        4.65243        -175.39        5.37211        11.1701        8.53344       -1614.91     /gpfs/hpu/EHT2020/sc_64/Ma+0.94/m_1_1_160/image_Ma+0.94_1020_163_0_230.e9_6.2e9_1.21241e+25_160_64.dat
         3       0.670881        4.34259       -170.186        5.65584        11.3934        8.78007        -1524.4     /gpfs/hpu/EHT2020/sc_64/Ma+0.94/m_1_1_160/image_Ma+0.94_1030_163_0_230.e9_6.2e9_1.21241e+25_160_64.dat
         4       0.803238        4.09822       -187.482        11.9296        8.01321        9.60602       -1739.54     /gpfs/hpu/EHT2020/sc_64/Ma+0.94/m_1_1_160/image_Ma+0.94_1040_163_0_230.e9_6.2e9_1.21241e+25_160_64.dat
         5       0.730792        3.93959       -173.973        13.2422        11.0415        11.8574          -2050     /gpfs/hpu/EHT2020/sc_64/Ma+0.94/m_1_1_160/image_Ma+0.94_1050_163_0_230.e9_6.2e9_1.21241e+25_160_64.dat
         6        0.86084        4.58103       -172.898        7.12334        13.7179        10.7067       -1844.32     /gpfs/hpu/EHT2020/sc_64/Ma+0.94/m_1_1_160/image_Ma+0.94_1060_163_0_230.e9_6.2e9_1.21241e+25_160_64.dat
         7       0.922814        4.19278       -172.711        7.25768        9.36132        8.34046       -1618.75     /gpfs/hpu/EHT2020/sc_64/Ma+0.94/m_1_1_160/image_Ma+0.94_1070_163_0_230.e9_6.2e9_1.21241e+25_160_64.dat
         8       0.747575        4.13348       -182.605        5.79834        8.55225        7.26061       -1397.84     /gpfs/hpu/EHT2020/sc_64/Ma+0.94/m_1_1_160/image_Ma+0.94_1080_163_0_230.e9_6.2e9_1.21241e+25_160_64.dat
         9       0.600493        4.08307       -195.196        10.8092        11.2146         10.904        -1832.6     /gpfs/hpu/EHT2020/sc_64/Ma+0.94/m_1_1_160/image_Ma+0.94_1090_163_0_230.e9_6.2e9_1.21241e+25_160_64.dat
        10       0.505165        4.01179       -210.483        11.1675        9.40829        10.0535       -1673.71     /gpfs/hpu/EHT2020/sc_64/Ma+0.94/m_1_1_160/image_Ma+0.94_1100_163_0_230.e9_6.2e9_1.21241e+25_160_64.dat
        11       0.508702         4.2472        -248.76        4.54823        7.25643        6.00019       -1128.19     /gpfs/hpu/EHT2020/sc_64/Ma+0.94/m_1_1_160/image_Ma+0.94_1110_163_0_230.e9_6.2e9_1.21241e+25_160_64.dat
        12       0.578361        4.28405       -247.061        3.93031        8.30864         6.3191       -1199.91     /gpfs/hpu/EHT2020/sc_64/Ma+0.94/m_1_1_160/image_Ma+0.94_1120_163_0_230.e9_6.2e9_1.21241e+25_160_64.dat
        13       0.753659        4.06355       -195.462        4.57699        8.90526         6.9301       -1307.82     /gpfs/hpu/EHT2020/sc_64/Ma+0.94/m_1_1_160/image_Ma+0.94_1130_163_0_230.e9_6.2e9_1.21241e+25_160_64.dat
        14       0.547931        3.84864       -214.181        15.5315        14.2983        14.6574       -2220.45     /gpfs/hpu/EHT2020/sc_64/Ma+0.94/m_1_1_160/image_Ma+0.94_1140_163_0_230.e9_6.2e9_1.21241e+25_160_64.dat
        15       0.531712        4.01393        -236.98        5.82321        5.93708        5.81614       -1131.55     /gpfs/hpu/EHT2020/sc_64/Ma+0.94/m_1_1_160/image_Ma+0.94_1150_163_0_230.e9_6.2e9_1.21241e+25_160_64.dat
        16       0.588982        4.12731       -186.535        2.69152        6.33504         4.6864       -1027.46     /gpfs/hpu/EHT2020/sc_64/Ma+0.94/m_1_1_160/image_Ma+0.94_1160_163_0_230.e9_6.2e9_1.21241e+25_160_64.dat
        17       0.511351          3.959       -246.579        4.41352        8.05887        6.38859       -1176.45     /gpfs/hpu/EHT2020/sc_64/Ma+0.94/m_1_1_160/image_Ma+0.94_1170_163_0_230.e9_6.2e9_1.21241e+25_160_64.dat
        18       0.782908        3.76795       -195.585        4.15497        9.66845        7.17269       -1445.85     /gpfs/hpu/EHT2020/sc_64/Ma+0.94/m_1_1_160/image_Ma+0.94_1180_163_0_230.e9_6.2e9_1.21241e+25_160_64.dat
        19        0.46866        4.09348       -213.926        4.67224        6.34827        5.54835       -1077.49     /gpfs/hpu/EHT2020/sc_64/Ma+0.94/m_1_1_160/image_Ma+0.94_1190_163_0_230.e9_6.2e9_1.21241e+25_160_64.dat
        20       0.696494        4.08205       -239.534        7.33919        8.52855        7.91223       -1469.08     /gpfs/hpu/EHT2020/sc_64/Ma+0.94/m_1_1_160/image_Ma+0.94_1200_163_0_230.e9_6.2e9_1.21241e+25_160_64.dat
        21       0.605886        4.41048       -215.148        2.41297        7.25753        5.07955       -1017.66     /gpfs/hpu/EHT2020/sc_64/Ma+0.94/m_1_1_160/image_Ma+0.94_1210_163_0_230.e9_6.2e9_1.21241e+25_160_64.dat
        22        0.74569        3.84102       -242.528        4.18329        3.99551         4.0282       -933.161     /gpfs/hpu/EHT2020/sc_64/Ma+0.94/m_1_1_160/image_Ma+0.94_1220_163_0_230.e9_6.2e9_1.21241e+25_160_64.dat
        23        0.73733        3.82454       -240.558        6.31559        7.21843        6.74158       -1327.01     /gpfs/hpu/EHT2020/sc_64/Ma+0.94/m_1_1_160/image_Ma+0.94_1230_163_0_230.e9_6.2e9_1.21241e+25_160_64.dat
        24       0.683436        3.93201       -242.397        9.90056        4.16155        6.58731          -1243     /gpfs/hpu/EHT2020/sc_64/Ma+0.94/m_1_1_160/image_Ma+0.94_1240_163_0_230.e9_6.2e9_1.21241e+25_160_64.dat
        25       0.608065        4.00036       -252.526        3.94125        5.11882        4.54883       -967.336     /gpfs/hpu/EHT2020/sc_64/Ma+0.94/m_1_1_160/image_Ma+0.94_1250_163_0_230.e9_6.2e9_1.21241e+25_160_64.dat
        26       0.967361        3.83095       -165.385        6.83608        11.9166        9.58045       -1825.04     /gpfs/hpu/EHT2020/sc_64/Ma+0.94/m_1_1_160/image_Ma+0.94_1260_163_0_230.e9_6.2e9_1.21241e+25_160_64.dat
        27       0.646981        4.00263        54.2434        8.46696        35.9641        23.6653       -3905.43     /gpfs/hpu/EHT2020/sc_64/Ma+0.94/m_1_1_160/image_Ma+0.94_1270_163_0_230.e9_6.2e9_1.21241e+25_160_64.dat
        28       0.766807        4.31817        143.283        7.29114        9.32883        8.33681       -1454.24     /gpfs/hpu/EHT2020/sc_64/Ma+0.94/m_1_1_160/image_Ma+0.94_1280_163_0_230.e9_6.2e9_1.21241e+25_160_64.dat
        29       0.532868        4.39474        111.809        4.78024        4.38887        4.50464       -941.191     /gpfs/hpu/EHT2020/sc_64/Ma+0.94/m_1_1_160/image_Ma+0.94_1290_163_0_230.e9_6.2e9_1.21241e+25_160_64.dat
        30        0.74988        3.99747        164.262        4.75593        6.67861        5.76828        -1220.2     /gpfs/hpu/EHT2020/sc_64/Ma+0.94/m_1_1_160/image_Ma+0.94_1300_163_0_230.e9_6.2e9_1.21241e+25_160_64.dat
        31       0.619363        4.13752        150.461        4.50251        7.06224        5.87241       -1200.09     /gpfs/hpu/EHT2020/sc_64/Ma+0.94/m_1_1_160/image_Ma+0.94_1310_163_0_230.e9_6.2e9_1.21241e+25_160_64.dat
        32       0.799615        3.96912        166.658        8.40536        6.68018         7.3437       -1430.32     /gpfs/hpu/EHT2020/sc_64/Ma+0.94/m_1_1_160/image_Ma+0.94_1320_163_0_230.e9_6.2e9_1.21241e+25_160_64.dat
        33         1.1771        3.84485        147.051        6.39542         12.854        9.91194       -1848.83     /gpfs/hpu/EHT2020/sc_64/Ma+0.94/m_1_1_160/image_Ma+0.94_1330_163_0_230.e9_6.2e9_1.21241e+25_160_64.dat
        34       0.754552        4.17869         171.82        3.66341        5.56082        4.67491       -1043.34     /gpfs/hpu/EHT2020/sc_64/Ma+0.94/m_1_1_160/image_Ma+0.94_1340_163_0_230.e9_6.2e9_1.21241e+25_160_64.dat
        35       0.769338        3.96746        186.711         7.5405        10.0115        8.82429       -1577.97     /gpfs/hpu/EHT2020/sc_64/Ma+0.94/m_1_1_160/image_Ma+0.94_1350_163_0_230.e9_6.2e9_1.21241e+25_160_64.dat
        36       0.675688        4.20218        176.589        6.34814        9.26393        7.89384       -1456.68     /gpfs/hpu/EHT2020/sc_64/Ma+0.94/m_1_1_160/image_Ma+0.94_1360_163_0_230.e9_6.2e9_1.21241e+25_160_64.dat
        37       0.658054        4.49697        179.868        10.9421        8.17489        9.26993       -1630.63     /gpfs/hpu/EHT2020/sc_64/Ma+0.94/m_1_1_160/image_Ma+0.94_1370_163_0_230.e9_6.2e9_1.21241e+25_160_64.dat
        38       0.534317        4.56279        166.276        20.4153        12.4084        15.7129       -2355.93     /gpfs/hpu/EHT2020/sc_64/Ma+0.94/m_1_1_160/image_Ma+0.94_1380_163_0_230.e9_6.2e9_1.21241e+25_160_64.dat
        39       0.789279         4.6735        155.191        9.64075        9.71562        9.56579       -1685.36     /gpfs/hpu/EHT2020/sc_64/Ma+0.94/m_1_1_160/image_Ma+0.94_1390_163_0_230.e9_6.2e9_1.21241e+25_160_64.dat
        40       0.648946        4.27973        167.518        5.87794        11.2951        8.82122       -1512.52     /gpfs/hpu/EHT2020/sc_64/Ma+0.94/m_1_1_160/image_Ma+0.94_1400_163_0_230.e9_6.2e9_1.21241e+25_160_64.dat
        41       0.993027        4.60109         163.57        13.1394        14.5828        13.7836       -2193.79     /gpfs/hpu/EHT2020/sc_64/Ma+0.94/m_1_1_160/image_Ma+0.94_1410_163_0_230.e9_6.2e9_1.21241e+25_160_64.dat
        42       0.540662         4.1689        142.857         8.3257        3.60415        5.59767        -1107.8     /gpfs/hpu/EHT2020/sc_64/Ma+0.94/m_1_1_160/image_Ma+0.94_1420_163_0_230.e9_6.2e9_1.21241e+25_160_64.dat
        43        0.58657         4.1933        167.742          3.571        7.37751        5.64594       -1142.75     /gpfs/hpu/EHT2020/sc_64/Ma+0.94/m_1_1_160/image_Ma+0.94_1430_163_0_230.e9_6.2e9_1.21241e+25_160_64.dat
        44       0.505716        4.26336        134.856        4.47425        14.8581        10.1982       -1731.32     /gpfs/hpu/EHT2020/sc_64/Ma+0.94/m_1_1_160/image_Ma+0.94_1440_163_0_230.e9_6.2e9_1.21241e+25_160_64.dat
        45       0.751834        4.14588        97.4921        6.82793         6.0346        6.30389       -1289.55     /gpfs/hpu/EHT2020/sc_64/Ma+0.94/m_1_1_160/image_Ma+0.94_1450_163_0_230.e9_6.2e9_1.21241e+25_160_64.dat
        46        1.09096        3.76164         188.91        12.5319        10.0874          11.02       -1970.99     /gpfs/hpu/EHT2020/sc_64/Ma+0.94/m_1_1_160/image_Ma+0.94_1460_163_0_230.e9_6.2e9_1.21241e+25_160_64.dat
        47       0.779942        4.47937        199.631        24.1549        14.6946        18.5985       -2748.67     /gpfs/hpu/EHT2020/sc_64/Ma+0.94/m_1_1_160/image_Ma+0.94_1470_163_0_230.e9_6.2e9_1.21241e+25_160_64.dat
        48       0.926354        4.99116        52.4706        11.8351         28.011         20.693          -2977     /gpfs/hpu/EHT2020/sc_64/Ma+0.94/m_1_1_160/image_Ma+0.94_1480_163_0_230.e9_6.2e9_1.21241e+25_160_64.dat
        49       0.691776        4.26156        87.7418        13.8216        6.06748        9.33959       -1577.96     /gpfs/hpu/EHT2020/sc_64/Ma+0.94/m_1_1_160/image_Ma+0.94_1490_163_0_230.e9_6.2e9_1.21241e+25_160_64.dat
        50       0.948022        4.40288        98.0349         4.5591        8.17526        6.51617       -1321.81     /gpfs/hpu/EHT2020/sc_64/Ma+0.94/m_1_1_160/image_Ma+0.94_1500_163_0_230.e9_6.2e9_1.21241e+25_160_64.dat
        51        1.30019        4.44572        84.3444        8.42638        12.4631        10.5707       -1960.63     /gpfs/hpu/EHT2020/sc_64/Ma+0.94/m_1_1_160/image_Ma+0.94_1510_163_0_230.e9_6.2e9_1.21241e+25_160_64.dat
        52        1.05062        4.99967        155.282        21.2734        17.5982         18.971       -2923.56     /gpfs/hpu/EHT2020/sc_64/Ma+0.94/m_1_1_160/image_Ma+0.94_1520_163_0_230.e9_6.2e9_1.21241e+25_160_64.dat
        53         1.2734        4.54057       -252.356        11.7481        12.0427        11.7699       -1944.68     /gpfs/hpu/EHT2020/sc_64/Ma+0.94/m_1_1_160/image_Ma+0.94_1530_163_0_230.e9_6.2e9_1.21241e+25_160_64.dat
        54       0.693536        4.41626       -229.752        6.44719        19.8628        13.8344       -2133.33     /gpfs/hpu/EHT2020/sc_64/Ma+0.94/m_1_1_160/image_Ma+0.94_1540_163_0_230.e9_6.2e9_1.21241e+25_160_64.dat
        55       0.953726        4.34582       -297.604        3.46539        15.0702        9.88097       -1637.56     /gpfs/hpu/EHT2020/sc_64/Ma+0.94/m_1_1_160/image_Ma+0.94_1550_163_0_230.e9_6.2e9_1.21241e+25_160_64.dat
        56       0.775879        4.30231       -294.474        4.97775        2.68119        3.63961       -909.582     /gpfs/hpu/EHT2020/sc_64/Ma+0.94/m_1_1_160/image_Ma+0.94_1560_163_0_230.e9_6.2e9_1.21241e+25_160_64.dat
        57       0.528412         4.1738       -240.482        8.07972        9.49896        8.77172       -1466.28     /gpfs/hpu/EHT2020/sc_64/Ma+0.94/m_1_1_160/image_Ma+0.94_1570_163_0_230.e9_6.2e9_1.21241e+25_160_64.dat
        58       0.897205        4.40449       -178.381        9.36171        6.72239        7.77981        -1508.3     /gpfs/hpu/EHT2020/sc_64/Ma+0.94/m_1_1_160/image_Ma+0.94_1580_163_0_230.e9_6.2e9_1.21241e+25_160_64.dat
        59       0.691924        4.20464       -182.879        9.04722        7.02418        7.81205       -1466.48     /gpfs/hpu/EHT2020/sc_64/Ma+0.94/m_1_1_160/image_Ma+0.94_1590_163_0_230.e9_6.2e9_1.21241e+25_160_64.dat
        60       0.565051        4.29943       -182.739        8.08459         6.3174        7.00344       -1353.94     /gpfs/hpu/EHT2020/sc_64/Ma+0.94/m_1_1_160/image_Ma+0.94_1600_163_0_230.e9_6.2e9_1.21241e+25_160_64.dat
        61       0.616045        4.39538        -187.91        11.9771        5.30222        8.11796       -1456.71     /gpfs/hpu/EHT2020/sc_64/Ma+0.94/m_1_1_160/image_Ma+0.94_1610_163_0_230.e9_6.2e9_1.21241e+25_160_64.dat
        62       0.546925        4.41189       -190.735        9.08752        5.12747        6.77401       -1263.93     /gpfs/hpu/EHT2020/sc_64/Ma+0.94/m_1_1_160/image_Ma+0.94_1620_163_0_230.e9_6.2e9_1.21241e+25_160_64.dat
        63       0.647616        4.22483       -159.164        10.0365        5.85848         7.5902        -1417.6     /gpfs/hpu/EHT2020/sc_64/Ma+0.94/m_1_1_160/image_Ma+0.94_1630_163_0_230.e9_6.2e9_1.21241e+25_160_64.dat
        64       0.757749        4.51794       -195.303        7.17601        5.42093        6.11259       -1198.56     /gpfs/hpu/EHT2020/sc_64/Ma+0.94/m_1_1_160/image_Ma+0.94_1640_163_0_230.e9_6.2e9_1.21241e+25_160_64.dat
        65       0.646228        4.13439       -185.662        12.6203        4.93246        8.18975       -1434.86     /gpfs/hpu/EHT2020/sc_64/Ma+0.94/m_1_1_160/image_Ma+0.94_1650_163_0_230.e9_6.2e9_1.21241e+25_160_64.dat
        66       0.754812        4.13837       -195.853         10.148        5.43847        7.40463       -1387.61     /gpfs/hpu/EHT2020/sc_64/Ma+0.94/m_1_1_160/image_Ma+0.94_1660_163_0_230.e9_6.2e9_1.21241e+25_160_64.dat
        67       0.644283         4.2049       -189.129        14.4688        5.22464        9.14985       -1543.08     /gpfs/hpu/EHT2020/sc_64/Ma+0.94/m_1_1_160/image_Ma+0.94_1670_163_0_230.e9_6.2e9_1.21241e+25_160_64.dat
        68       0.653503        3.96776       -176.583        5.79478        5.66677        5.65345       -1213.41     /gpfs/hpu/EHT2020/sc_64/Ma+0.94/m_1_1_160/image_Ma+0.94_1680_163_0_230.e9_6.2e9_1.21241e+25_160_64.dat
        69         1.1517        3.81308       -193.419        6.22147        10.5984        8.58176       -1649.61     /gpfs/hpu/EHT2020/sc_64/Ma+0.94/m_1_1_160/image_Ma+0.94_1690_163_0_230.e9_6.2e9_1.21241e+25_160_64.dat
        70       0.573189        4.04796       -261.601        5.30001        6.73223        6.03286       -1173.44     /gpfs/hpu/EHT2020/sc_64/Ma+0.94/m_1_1_160/image_Ma+0.94_1700_163_0_230.e9_6.2e9_1.21241e+25_160_64.dat
        71       0.579989        4.42334       -262.856         6.8924         8.1252        7.49502       -1364.42     /gpfs/hpu/EHT2020/sc_64/Ma+0.94/m_1_1_160/image_Ma+0.94_1710_163_0_230.e9_6.2e9_1.21241e+25_160_64.dat
        72       0.534898        3.99501       -303.768        8.98946        6.64776        7.57767       -1329.42     /gpfs/hpu/EHT2020/sc_64/Ma+0.94/m_1_1_160/image_Ma+0.94_1720_163_0_230.e9_6.2e9_1.21241e+25_160_64.dat
        73        0.79412        4.26838        -175.62        3.39839        3.40744        3.36231       -897.977     /gpfs/hpu/EHT2020/sc_64/Ma+0.94/m_1_1_160/image_Ma+0.94_1730_163_0_230.e9_6.2e9_1.21241e+25_160_64.dat
        74        0.60392        4.07674       -199.309        7.74582        5.41365        6.35439       -1240.12     /gpfs/hpu/EHT2020/sc_64/Ma+0.94/m_1_1_160/image_Ma+0.94_1740_163_0_230.e9_6.2e9_1.21241e+25_160_64.dat
        75       0.563061        4.37765         -266.7        4.70448        4.65328        4.61908       -951.859     /gpfs/hpu/EHT2020/sc_64/Ma+0.94/m_1_1_160/image_Ma+0.94_1750_163_0_230.e9_6.2e9_1.21241e+25_160_64.dat
        76       0.620002        4.12769       -254.206        6.65184        7.88459        7.25734       -1283.22     /gpfs/hpu/EHT2020/sc_64/Ma+0.94/m_1_1_160/image_Ma+0.94_1760_163_0_230.e9_6.2e9_1.21241e+25_160_64.dat
        77       0.802876        4.01699       -164.712        6.02051        8.93805        7.57115       -1552.87     /gpfs/hpu/EHT2020/sc_64/Ma+0.94/m_1_1_160/image_Ma+0.94_1770_163_0_230.e9_6.2e9_1.21241e+25_160_64.dat
        78       0.606289        3.78729        -179.26        5.22087        8.54373        7.00672       -1390.08     /gpfs/hpu/EHT2020/sc_64/Ma+0.94/m_1_1_160/image_Ma+0.94_1780_163_0_230.e9_6.2e9_1.21241e+25_160_64.dat
        79       0.557171        3.80219       -175.724        3.26963        6.12432        4.81857       -1056.86     /gpfs/hpu/EHT2020/sc_64/Ma+0.94/m_1_1_160/image_Ma+0.94_1790_163_0_230.e9_6.2e9_1.21241e+25_160_64.dat
        80       0.815587        4.07508        66.4419         7.7211        11.7475        9.86818       -1719.17     /gpfs/hpu/EHT2020/sc_64/Ma+0.94/m_1_1_160/image_Ma+0.94_1800_163_0_230.e9_6.2e9_1.21241e+25_160_64.dat
        81       0.876358        4.19636         192.94        14.2231        13.4926        13.6446       -2265.39     /gpfs/hpu/EHT2020/sc_64/Ma+0.94/m_1_1_160/image_Ma+0.94_1810_163_0_230.e9_6.2e9_1.21241e+25_160_64.dat
        82       0.945756        4.22836        184.727        6.99201        10.5725        8.89982       -1687.45     /gpfs/hpu/EHT2020/sc_64/Ma+0.94/m_1_1_160/image_Ma+0.94_1820_163_0_230.e9_6.2e9_1.21241e+25_160_64.dat
        83       0.844326        4.38099        159.049        12.3966        12.4566          12.28       -2042.92     /gpfs/hpu/EHT2020/sc_64/Ma+0.94/m_1_1_160/image_Ma+0.94_1830_163_0_230.e9_6.2e9_1.21241e+25_160_64.dat
        84       0.536085        4.37406        147.976        8.62056        7.60423        7.95074       -1379.32     /gpfs/hpu/EHT2020/sc_64/Ma+0.94/m_1_1_160/image_Ma+0.94_1840_163_0_230.e9_6.2e9_1.21241e+25_160_64.dat
        85       0.569944        4.06503        155.951        4.88079        4.78988        4.77116       -1014.89     /gpfs/hpu/EHT2020/sc_64/Ma+0.94/m_1_1_160/image_Ma+0.94_1850_163_0_230.e9_6.2e9_1.21241e+25_160_64.dat
        86        0.58471        4.27276        107.546        7.45048        10.1056        8.83781       -1481.84     /gpfs/hpu/EHT2020/sc_64/Ma+0.94/m_1_1_160/image_Ma+0.94_1860_163_0_230.e9_6.2e9_1.21241e+25_160_64.dat
        87       0.678627        4.27014        198.072        11.7481        22.3982        17.5323       -2668.52     /gpfs/hpu/EHT2020/sc_64/Ma+0.94/m_1_1_160/image_Ma+0.94_1870_163_0_230.e9_6.2e9_1.21241e+25_160_64.dat
        88       0.863058        4.26738        194.446        11.0548        8.60797        9.55952       -1738.92     /gpfs/hpu/EHT2020/sc_64/Ma+0.94/m_1_1_160/image_Ma+0.94_1880_163_0_230.e9_6.2e9_1.21241e+25_160_64.dat
        89       0.554536        4.45292        174.602        13.1757        16.1134         14.651       -2216.98     /gpfs/hpu/EHT2020/sc_64/Ma+0.94/m_1_1_160/image_Ma+0.94_1890_163_0_230.e9_6.2e9_1.21241e+25_160_64.dat
        90       0.582991        4.22274        166.008        13.1018        16.8177         15.011       -2293.97     /gpfs/hpu/EHT2020/sc_64/Ma+0.94/m_1_1_160/image_Ma+0.94_1900_163_0_230.e9_6.2e9_1.21241e+25_160_64.dat
        91       0.643064        4.34229        53.6023        4.74357        13.1082        9.34068       -1536.72     /gpfs/hpu/EHT2020/sc_64/Ma+0.94/m_1_1_160/image_Ma+0.94_1910_163_0_230.e9_6.2e9_1.21241e+25_160_64.dat
        92       0.793684        4.33113        184.977        11.1897        13.0432        12.0857       -2000.12     /gpfs/hpu/EHT2020/sc_64/Ma+0.94/m_1_1_160/image_Ma+0.94_1920_163_0_230.e9_6.2e9_1.21241e+25_160_64.dat
        93       0.766308        5.12982        184.011        11.3947        9.80798        10.3739       -1728.85     /gpfs/hpu/EHT2020/sc_64/Ma+0.94/m_1_1_160/image_Ma+0.94_1930_163_0_230.e9_6.2e9_1.21241e+25_160_64.dat
        94       0.706633        4.70317        171.941        16.2022        10.1327        12.6288       -1960.78     /gpfs/hpu/EHT2020/sc_64/Ma+0.94/m_1_1_160/image_Ma+0.94_1940_163_0_230.e9_6.2e9_1.21241e+25_160_64.dat
        95       0.528072        4.44346        136.039        8.71583        8.36984        8.41787       -1429.94     /gpfs/hpu/EHT2020/sc_64/Ma+0.94/m_1_1_160/image_Ma+0.94_1950_163_0_230.e9_6.2e9_1.21241e+25_160_64.dat
        96       0.513645        4.20608        171.288        5.99175        7.32349        6.66032       -1271.04     /gpfs/hpu/EHT2020/sc_64/Ma+0.94/m_1_1_160/image_Ma+0.94_1960_163_0_230.e9_6.2e9_1.21241e+25_160_64.dat
        97       0.607056        4.00262        177.994        4.76655        10.6104        7.96072        -1491.4     /gpfs/hpu/EHT2020/sc_64/Ma+0.94/m_1_1_160/image_Ma+0.94_1970_163_0_230.e9_6.2e9_1.21241e+25_160_64.dat
        98       0.834659        3.96993        183.105        8.17227        6.74268        7.27791       -1492.61     /gpfs/hpu/EHT2020/sc_64/Ma+0.94/m_1_1_160/image_Ma+0.94_1980_163_0_230.e9_6.2e9_1.21241e+25_160_64.dat
        99       0.698701        4.37843        184.139        8.21313        5.00738        6.32993       -1267.18     /gpfs/hpu/EHT2020/sc_64/Ma+0.94/m_1_1_160/image_Ma+0.94_1990_163_0_230.e9_6.2e9_1.21241e+25_160_64.dat
