   # Index         I (Jy)      M/D (uas)       PA (deg)  VA red. chisq  CP red. chisq     red. chisq     log-liklhd     FileName
         0       0.512189        3.47271       -205.081        9.64912        14.6684        12.3254       -1974.28     /gpfs/hpu/EHT2/IHARM/SANE/SANE_a+0.94_288x128x128_IHARM/m_1_1_1/image_a+0.94_0600_163_0_230.e9_6.2e9_1.24732e+26_1.dat
         1       0.544271         3.3682       -226.188        7.55104        7.09937        7.20836       -1341.22     /gpfs/hpu/EHT2/IHARM/SANE/SANE_a+0.94_288x128x128_IHARM/m_1_1_1/image_a+0.94_0606_163_0_230.e9_6.2e9_1.24732e+26_1.dat
         2       0.396914        3.46368       -243.899        3.85478        5.60735        4.78337       -982.437     /gpfs/hpu/EHT2/IHARM/SANE/SANE_a+0.94_288x128x128_IHARM/m_1_1_1/image_a+0.94_0612_163_0_230.e9_6.2e9_1.24732e+26_1.dat
         3       0.386234        3.44987       -248.138         8.6126        11.9231        10.3505       -1668.77     /gpfs/hpu/EHT2/IHARM/SANE/SANE_a+0.94_288x128x128_IHARM/m_1_1_1/image_a+0.94_0618_163_0_230.e9_6.2e9_1.24732e+26_1.dat
         4       0.418856        3.52265       -182.592        6.02162         4.0535        4.85362       -1036.84     /gpfs/hpu/EHT2/IHARM/SANE/SANE_a+0.94_288x128x128_IHARM/m_1_1_1/image_a+0.94_0624_163_0_230.e9_6.2e9_1.24732e+26_1.dat
         5       0.552695        3.45244       -154.157        13.7341        5.69667        9.09552       -1600.16     /gpfs/hpu/EHT2/IHARM/SANE/SANE_a+0.94_288x128x128_IHARM/m_1_1_1/image_a+0.94_0630_163_0_230.e9_6.2e9_1.24732e+26_1.dat
         6       0.556854        3.69068       -168.702        24.6767        6.60386        14.3215       -2242.35     /gpfs/hpu/EHT2/IHARM/SANE/SANE_a+0.94_288x128x128_IHARM/m_1_1_1/image_a+0.94_0636_163_0_230.e9_6.2e9_1.24732e+26_1.dat
         7       0.517458        3.91926        -163.88        15.3756        6.30535        10.1425       -1709.03     /gpfs/hpu/EHT2/IHARM/SANE/SANE_a+0.94_288x128x128_IHARM/m_1_1_1/image_a+0.94_0642_163_0_230.e9_6.2e9_1.24732e+26_1.dat
         8       0.563544        4.39542       -164.536        25.1451        7.43461        14.9859       -2316.78     /gpfs/hpu/EHT2/IHARM/SANE/SANE_a+0.94_288x128x128_IHARM/m_1_1_1/image_a+0.94_0648_163_0_230.e9_6.2e9_1.24732e+26_1.dat
         9       0.614792        4.29569       -170.281        29.1739        8.91347         17.547       -2658.15     /gpfs/hpu/EHT2/IHARM/SANE/SANE_a+0.94_288x128x128_IHARM/m_1_1_1/image_a+0.94_0654_163_0_230.e9_6.2e9_1.24732e+26_1.dat
        10       0.662178        4.28345       -175.866        38.8474        9.94192         22.293       -3284.04     /gpfs/hpu/EHT2/IHARM/SANE/SANE_a+0.94_288x128x128_IHARM/m_1_1_1/image_a+0.94_0660_163_0_230.e9_6.2e9_1.24732e+26_1.dat
        11       0.675044        4.06142       -182.155         22.698        8.48874        14.5167        -2280.5     /gpfs/hpu/EHT2/IHARM/SANE/SANE_a+0.94_288x128x128_IHARM/m_1_1_1/image_a+0.94_0666_163_0_230.e9_6.2e9_1.24732e+26_1.dat
        12       0.561654        4.05696       -186.228        13.2486        7.34313        9.80224       -1685.19     /gpfs/hpu/EHT2/IHARM/SANE/SANE_a+0.94_288x128x128_IHARM/m_1_1_1/image_a+0.94_0672_163_0_230.e9_6.2e9_1.24732e+26_1.dat
        13       0.713026        4.20056       -189.878        16.1365        8.26176        11.5594       -1949.11     /gpfs/hpu/EHT2/IHARM/SANE/SANE_a+0.94_288x128x128_IHARM/m_1_1_1/image_a+0.94_0678_163_0_230.e9_6.2e9_1.24732e+26_1.dat
        14       0.620185        4.07821       -196.194        19.4049        8.86007        13.3025       -2100.54     /gpfs/hpu/EHT2/IHARM/SANE/SANE_a+0.94_288x128x128_IHARM/m_1_1_1/image_a+0.94_0684_163_0_230.e9_6.2e9_1.24732e+26_1.dat
        15       0.545753        3.87836       -204.605        35.3959        9.05183        20.3085       -2987.36     /gpfs/hpu/EHT2/IHARM/SANE/SANE_a+0.94_288x128x128_IHARM/m_1_1_1/image_a+0.94_0690_163_0_230.e9_6.2e9_1.24732e+26_1.dat
        16       0.631636        3.62206       -187.789        18.8705        8.68762        12.9759       -2111.93     /gpfs/hpu/EHT2/IHARM/SANE/SANE_a+0.94_288x128x128_IHARM/m_1_1_1/image_a+0.94_0696_163_0_230.e9_6.2e9_1.24732e+26_1.dat
        17       0.664144         3.8024       -295.193        20.3564        18.0848        18.8461       -2783.64     /gpfs/hpu/EHT2/IHARM/SANE/SANE_a+0.94_288x128x128_IHARM/m_1_1_1/image_a+0.94_0702_163_0_230.e9_6.2e9_1.24732e+26_1.dat
        18       0.753117        3.39088       -199.632        15.3348        11.2092        12.8536       -2143.96     /gpfs/hpu/EHT2/IHARM/SANE/SANE_a+0.94_288x128x128_IHARM/m_1_1_1/image_a+0.94_0708_163_0_230.e9_6.2e9_1.24732e+26_1.dat
        19       0.515278          3.641       -192.518        13.2679        6.16597        9.15551       -1589.47     /gpfs/hpu/EHT2/IHARM/SANE/SANE_a+0.94_288x128x128_IHARM/m_1_1_1/image_a+0.94_0714_163_0_230.e9_6.2e9_1.24732e+26_1.dat
        20       0.479688        3.63145       -183.009        19.9965        7.34176        12.7128       -2033.48     /gpfs/hpu/EHT2/IHARM/SANE/SANE_a+0.94_288x128x128_IHARM/m_1_1_1/image_a+0.94_0720_163_0_230.e9_6.2e9_1.24732e+26_1.dat
        21       0.550623        3.95365       -290.173        9.81077        14.9478        12.5506       -1974.18     /gpfs/hpu/EHT2/IHARM/SANE/SANE_a+0.94_288x128x128_IHARM/m_1_1_1/image_a+0.94_0726_163_0_230.e9_6.2e9_1.24732e+26_1.dat
        22       0.718398        3.74322       -190.395        14.3413        10.3959        11.9724       -2033.52     /gpfs/hpu/EHT2/IHARM/SANE/SANE_a+0.94_288x128x128_IHARM/m_1_1_1/image_a+0.94_0732_163_0_230.e9_6.2e9_1.24732e+26_1.dat
        23        0.60295        3.74867       -210.637        13.2171        5.38484        8.69893       -1555.55     /gpfs/hpu/EHT2/IHARM/SANE/SANE_a+0.94_288x128x128_IHARM/m_1_1_1/image_a+0.94_0738_163_0_230.e9_6.2e9_1.24732e+26_1.dat
        24       0.776404        3.94469       -201.736        8.34174        6.46547        7.19678       -1464.05     /gpfs/hpu/EHT2/IHARM/SANE/SANE_a+0.94_288x128x128_IHARM/m_1_1_1/image_a+0.94_0744_163_0_230.e9_6.2e9_1.24732e+26_1.dat
        25       0.632858        3.94678       -210.935        6.09832        4.93197        5.37553       -1182.56     /gpfs/hpu/EHT2/IHARM/SANE/SANE_a+0.94_288x128x128_IHARM/m_1_1_1/image_a+0.94_0750_163_0_230.e9_6.2e9_1.24732e+26_1.dat
        26        0.42825         3.7457       -202.597        8.27684        9.14997        8.66257       -1465.41     /gpfs/hpu/EHT2/IHARM/SANE/SANE_a+0.94_288x128x128_IHARM/m_1_1_1/image_a+0.94_0756_163_0_230.e9_6.2e9_1.24732e+26_1.dat
        27       0.505679        3.67695       -188.038        9.41111        9.16141        9.15832       -1568.33     /gpfs/hpu/EHT2/IHARM/SANE/SANE_a+0.94_288x128x128_IHARM/m_1_1_1/image_a+0.94_0762_163_0_230.e9_6.2e9_1.24732e+26_1.dat
        28       0.515765        3.43122       -191.632         17.787        20.3282        18.9859       -2836.88     /gpfs/hpu/EHT2/IHARM/SANE/SANE_a+0.94_288x128x128_IHARM/m_1_1_1/image_a+0.94_0768_163_0_230.e9_6.2e9_1.24732e+26_1.dat
        29       0.477053        3.62453       -212.603        8.81883        7.05795         7.7323       -1377.15     /gpfs/hpu/EHT2/IHARM/SANE/SANE_a+0.94_288x128x128_IHARM/m_1_1_1/image_a+0.94_0774_163_0_230.e9_6.2e9_1.24732e+26_1.dat
        30        0.66613        3.52152       -170.015        12.7562         8.3813        10.1675       -1795.19     /gpfs/hpu/EHT2/IHARM/SANE/SANE_a+0.94_288x128x128_IHARM/m_1_1_1/image_a+0.94_0780_163_0_230.e9_6.2e9_1.24732e+26_1.dat
        31       0.587617        3.59091       -162.553        13.1101        12.7847        12.7704       -2105.83     /gpfs/hpu/EHT2/IHARM/SANE/SANE_a+0.94_288x128x128_IHARM/m_1_1_1/image_a+0.94_0786_163_0_230.e9_6.2e9_1.24732e+26_1.dat
        32       0.677195        3.58497       -187.543        9.13217        6.11437        7.34244       -1437.11     /gpfs/hpu/EHT2/IHARM/SANE/SANE_a+0.94_288x128x128_IHARM/m_1_1_1/image_a+0.94_0792_163_0_230.e9_6.2e9_1.24732e+26_1.dat
        33       0.491446        3.78317       -185.452        11.2562        6.76229        8.61937       -1498.44     /gpfs/hpu/EHT2/IHARM/SANE/SANE_a+0.94_288x128x128_IHARM/m_1_1_1/image_a+0.94_0798_163_0_230.e9_6.2e9_1.24732e+26_1.dat
        34       0.541135        3.61824       -192.458         7.0207        9.63246        8.38909       -1534.27     /gpfs/hpu/EHT2/IHARM/SANE/SANE_a+0.94_288x128x128_IHARM/m_1_1_1/image_a+0.94_0804_163_0_230.e9_6.2e9_1.24732e+26_1.dat
        35        0.48773        3.79235       -165.794         12.217        7.59982        9.49996       -1645.31     /gpfs/hpu/EHT2/IHARM/SANE/SANE_a+0.94_288x128x128_IHARM/m_1_1_1/image_a+0.94_0810_163_0_230.e9_6.2e9_1.24732e+26_1.dat
        36       0.587453        3.81342       -172.821        16.3159        7.00519        10.9376       -1862.57     /gpfs/hpu/EHT2/IHARM/SANE/SANE_a+0.94_288x128x128_IHARM/m_1_1_1/image_a+0.94_0816_163_0_230.e9_6.2e9_1.24732e+26_1.dat
        37       0.669291        3.75047       -174.236        10.5679        7.74495        8.86921       -1622.18     /gpfs/hpu/EHT2/IHARM/SANE/SANE_a+0.94_288x128x128_IHARM/m_1_1_1/image_a+0.94_0822_163_0_230.e9_6.2e9_1.24732e+26_1.dat
        38       0.437676        3.98202       -175.663         20.547        10.0927        14.4811       -2214.57     /gpfs/hpu/EHT2/IHARM/SANE/SANE_a+0.94_288x128x128_IHARM/m_1_1_1/image_a+0.94_0828_163_0_230.e9_6.2e9_1.24732e+26_1.dat
        39       0.424942        3.84025       -233.681        7.66176         12.549        10.2886       -1705.33     /gpfs/hpu/EHT2/IHARM/SANE/SANE_a+0.94_288x128x128_IHARM/m_1_1_1/image_a+0.94_0834_163_0_230.e9_6.2e9_1.24732e+26_1.dat
        40       0.511452        3.83907       -182.846        17.2093        7.28758        11.4802       -1866.17     /gpfs/hpu/EHT2/IHARM/SANE/SANE_a+0.94_288x128x128_IHARM/m_1_1_1/image_a+0.94_0840_163_0_230.e9_6.2e9_1.24732e+26_1.dat
        41       0.558924        3.93527       -179.313        9.76942        5.82115        7.45422       -1410.63     /gpfs/hpu/EHT2/IHARM/SANE/SANE_a+0.94_288x128x128_IHARM/m_1_1_1/image_a+0.94_0846_163_0_230.e9_6.2e9_1.24732e+26_1.dat
        42       0.594085         4.0392       -160.039        13.6539         8.2483        10.4808       -1810.12     /gpfs/hpu/EHT2/IHARM/SANE/SANE_a+0.94_288x128x128_IHARM/m_1_1_1/image_a+0.94_0852_163_0_230.e9_6.2e9_1.24732e+26_1.dat
        43       0.513644        3.80081       -172.354        13.9969         5.8717        9.30631       -1618.39     /gpfs/hpu/EHT2/IHARM/SANE/SANE_a+0.94_288x128x128_IHARM/m_1_1_1/image_a+0.94_0858_163_0_230.e9_6.2e9_1.24732e+26_1.dat
        44        0.59494        3.55402       -170.082        16.5737        8.59314        11.9324        -2005.5     /gpfs/hpu/EHT2/IHARM/SANE/SANE_a+0.94_288x128x128_IHARM/m_1_1_1/image_a+0.94_0864_163_0_230.e9_6.2e9_1.24732e+26_1.dat
        45       0.664778        4.01997       -166.422         27.711        7.46083        16.1076       -2513.45     /gpfs/hpu/EHT2/IHARM/SANE/SANE_a+0.94_288x128x128_IHARM/m_1_1_1/image_a+0.94_0870_163_0_230.e9_6.2e9_1.24732e+26_1.dat
        46       0.556918        3.85865         -182.2        16.2136        7.45432        11.1433       -1881.92     /gpfs/hpu/EHT2/IHARM/SANE/SANE_a+0.94_288x128x128_IHARM/m_1_1_1/image_a+0.94_0876_163_0_230.e9_6.2e9_1.24732e+26_1.dat
        47       0.660089        4.00457        -164.97        16.9107        7.70436        11.5833       -1969.33     /gpfs/hpu/EHT2/IHARM/SANE/SANE_a+0.94_288x128x128_IHARM/m_1_1_1/image_a+0.94_0882_163_0_230.e9_6.2e9_1.24732e+26_1.dat
        48        0.69831        4.04107       -177.279        17.9792        7.10322        11.7098       -1996.43     /gpfs/hpu/EHT2/IHARM/SANE/SANE_a+0.94_288x128x128_IHARM/m_1_1_1/image_a+0.94_0888_163_0_230.e9_6.2e9_1.24732e+26_1.dat
        49       0.495387        3.83779       -186.344        21.9422        7.43297        13.6031       -2148.49     /gpfs/hpu/EHT2/IHARM/SANE/SANE_a+0.94_288x128x128_IHARM/m_1_1_1/image_a+0.94_0894_163_0_230.e9_6.2e9_1.24732e+26_1.dat
        50       0.603943        4.13525       -177.421        19.2574        7.11291        12.2666       -2029.11     /gpfs/hpu/EHT2/IHARM/SANE/SANE_a+0.94_288x128x128_IHARM/m_1_1_1/image_a+0.94_0900_163_0_230.e9_6.2e9_1.24732e+26_1.dat
        51       0.696229        4.17607       -173.035        12.7827        7.28421        9.56844       -1746.07     /gpfs/hpu/EHT2/IHARM/SANE/SANE_a+0.94_288x128x128_IHARM/m_1_1_1/image_a+0.94_0906_163_0_230.e9_6.2e9_1.24732e+26_1.dat
        52       0.575051        3.87236       -179.207        22.6254        7.44677        13.9055       -2224.76     /gpfs/hpu/EHT2/IHARM/SANE/SANE_a+0.94_288x128x128_IHARM/m_1_1_1/image_a+0.94_0912_163_0_230.e9_6.2e9_1.24732e+26_1.dat
        53       0.612971        3.64837       -178.057        14.8771        9.72428        11.8299       -1955.13     /gpfs/hpu/EHT2/IHARM/SANE/SANE_a+0.94_288x128x128_IHARM/m_1_1_1/image_a+0.94_0918_163_0_230.e9_6.2e9_1.24732e+26_1.dat
        54       0.902845          4.122       -175.231        21.0294        9.38328        14.2945       -2327.84     /gpfs/hpu/EHT2/IHARM/SANE/SANE_a+0.94_288x128x128_IHARM/m_1_1_1/image_a+0.94_0924_163_0_230.e9_6.2e9_1.24732e+26_1.dat
        55       0.642846        3.77863       -176.978        18.0102         8.3236        12.4022       -2078.06     /gpfs/hpu/EHT2/IHARM/SANE/SANE_a+0.94_288x128x128_IHARM/m_1_1_1/image_a+0.94_0930_163_0_230.e9_6.2e9_1.24732e+26_1.dat
        56       0.612187        4.00777       -172.654        30.3168        9.89908        18.5886        -2827.6     /gpfs/hpu/EHT2/IHARM/SANE/SANE_a+0.94_288x128x128_IHARM/m_1_1_1/image_a+0.94_0936_163_0_230.e9_6.2e9_1.24732e+26_1.dat
        57       0.637711        4.09253       -179.324        22.2594        8.50864        14.3385       -2311.44     /gpfs/hpu/EHT2/IHARM/SANE/SANE_a+0.94_288x128x128_IHARM/m_1_1_1/image_a+0.94_0942_163_0_230.e9_6.2e9_1.24732e+26_1.dat
        58       0.602545          4.006       -182.931         29.447        9.00674        17.7168       -2720.99     /gpfs/hpu/EHT2/IHARM/SANE/SANE_a+0.94_288x128x128_IHARM/m_1_1_1/image_a+0.94_0948_163_0_230.e9_6.2e9_1.24732e+26_1.dat
        59       0.629443        3.93393       -188.371        21.5222        7.66213        13.5494       -2199.67     /gpfs/hpu/EHT2/IHARM/SANE/SANE_a+0.94_288x128x128_IHARM/m_1_1_1/image_a+0.94_0954_163_0_230.e9_6.2e9_1.24732e+26_1.dat
        60       0.508014        3.86789        -184.43        20.1981        7.01143         12.616       -2029.31     /gpfs/hpu/EHT2/IHARM/SANE/SANE_a+0.94_288x128x128_IHARM/m_1_1_1/image_a+0.94_0960_163_0_230.e9_6.2e9_1.24732e+26_1.dat
        61       0.594047        3.82557        -188.32        19.9041        7.29142         12.645       -2056.25     /gpfs/hpu/EHT2/IHARM/SANE/SANE_a+0.94_288x128x128_IHARM/m_1_1_1/image_a+0.94_0966_163_0_230.e9_6.2e9_1.24732e+26_1.dat
        62       0.510327        3.97608       -186.003        15.6676        7.40548        10.8806       -1829.32     /gpfs/hpu/EHT2/IHARM/SANE/SANE_a+0.94_288x128x128_IHARM/m_1_1_1/image_a+0.94_0972_163_0_230.e9_6.2e9_1.24732e+26_1.dat
        63       0.547978        3.82626       -191.513        16.1736        9.70255        12.3771       -2032.28     /gpfs/hpu/EHT2/IHARM/SANE/SANE_a+0.94_288x128x128_IHARM/m_1_1_1/image_a+0.94_0978_163_0_230.e9_6.2e9_1.24732e+26_1.dat
        64       0.588651        3.86508       -205.752        15.6438          8.217        11.3219       -1898.41     /gpfs/hpu/EHT2/IHARM/SANE/SANE_a+0.94_288x128x128_IHARM/m_1_1_1/image_a+0.94_0984_163_0_230.e9_6.2e9_1.24732e+26_1.dat
        65       0.646724        4.06134        -189.84        9.10375        8.89358        8.87668       -1615.56     /gpfs/hpu/EHT2/IHARM/SANE/SANE_a+0.94_288x128x128_IHARM/m_1_1_1/image_a+0.94_0990_163_0_230.e9_6.2e9_1.24732e+26_1.dat
        66       0.503887        4.09001       -192.263        15.8015        7.61844        11.0569       -1800.55     /gpfs/hpu/EHT2/IHARM/SANE/SANE_a+0.94_288x128x128_IHARM/m_1_1_1/image_a+0.94_0996_163_0_230.e9_6.2e9_1.24732e+26_1.dat
        67       0.454792        3.82962       -286.062         11.484        12.7594        12.0547       -1877.25     /gpfs/hpu/EHT2/IHARM/SANE/SANE_a+0.94_288x128x128_IHARM/m_1_1_1/image_a+0.94_1002_163_0_230.e9_6.2e9_1.24732e+26_1.dat
        68       0.441971         3.8039         -194.4        9.49673        6.22577        7.56172       -1364.67     /gpfs/hpu/EHT2/IHARM/SANE/SANE_a+0.94_288x128x128_IHARM/m_1_1_1/image_a+0.94_1008_163_0_230.e9_6.2e9_1.24732e+26_1.dat
        69       0.574913        3.71038       -192.751        5.78596        6.64979        6.19665       -1287.79     /gpfs/hpu/EHT2/IHARM/SANE/SANE_a+0.94_288x128x128_IHARM/m_1_1_1/image_a+0.94_1014_163_0_230.e9_6.2e9_1.24732e+26_1.dat
        70       0.418523        3.87231       -178.468        13.0985        6.62553        9.33816       -1580.24     /gpfs/hpu/EHT2/IHARM/SANE/SANE_a+0.94_288x128x128_IHARM/m_1_1_1/image_a+0.94_1020_163_0_230.e9_6.2e9_1.24732e+26_1.dat
        71       0.427504          3.854       -182.354        8.93901         5.7792         7.0726       -1317.87     /gpfs/hpu/EHT2/IHARM/SANE/SANE_a+0.94_288x128x128_IHARM/m_1_1_1/image_a+0.94_1026_163_0_230.e9_6.2e9_1.24732e+26_1.dat
        72        0.38777        3.97374       -195.587         9.0177        8.47877        8.60873       -1492.89     /gpfs/hpu/EHT2/IHARM/SANE/SANE_a+0.94_288x128x128_IHARM/m_1_1_1/image_a+0.94_1032_163_0_230.e9_6.2e9_1.24732e+26_1.dat
        73       0.654145        4.14341        -158.37        13.7212        6.59581        9.59027       -1728.01     /gpfs/hpu/EHT2/IHARM/SANE/SANE_a+0.94_288x128x128_IHARM/m_1_1_1/image_a+0.94_1038_163_0_230.e9_6.2e9_1.24732e+26_1.dat
        74       0.773397        3.98165       -164.817        14.8965        7.40076        10.5453       -1938.22     /gpfs/hpu/EHT2/IHARM/SANE/SANE_a+0.94_288x128x128_IHARM/m_1_1_1/image_a+0.94_1044_163_0_230.e9_6.2e9_1.24732e+26_1.dat
        75       0.411445        4.04417       -165.924         13.765        6.85525        9.75354       -1650.14     /gpfs/hpu/EHT2/IHARM/SANE/SANE_a+0.94_288x128x128_IHARM/m_1_1_1/image_a+0.94_1050_163_0_230.e9_6.2e9_1.24732e+26_1.dat
        76       0.605645        4.12084       -159.223        19.2417        7.39534         12.417       -2058.32     /gpfs/hpu/EHT2/IHARM/SANE/SANE_a+0.94_288x128x128_IHARM/m_1_1_1/image_a+0.94_1056_163_0_230.e9_6.2e9_1.24732e+26_1.dat
        77        0.74294        4.13348       -165.049        18.2425        7.14389         11.846       -2022.37     /gpfs/hpu/EHT2/IHARM/SANE/SANE_a+0.94_288x128x128_IHARM/m_1_1_1/image_a+0.94_1062_163_0_230.e9_6.2e9_1.24732e+26_1.dat
        78       0.703506        4.28794       -167.807        17.6517        8.95375        12.5982        -2144.9     /gpfs/hpu/EHT2/IHARM/SANE/SANE_a+0.94_288x128x128_IHARM/m_1_1_1/image_a+0.94_1068_163_0_230.e9_6.2e9_1.24732e+26_1.dat
        79       0.625902        4.10125       -158.119        20.8864        9.78216        14.4548       -2332.91     /gpfs/hpu/EHT2/IHARM/SANE/SANE_a+0.94_288x128x128_IHARM/m_1_1_1/image_a+0.94_1074_163_0_230.e9_6.2e9_1.24732e+26_1.dat
        80       0.615963        4.32201       -166.974        21.3703        9.22204        14.3519       -2315.27     /gpfs/hpu/EHT2/IHARM/SANE/SANE_a+0.94_288x128x128_IHARM/m_1_1_1/image_a+0.94_1080_163_0_230.e9_6.2e9_1.24732e+26_1.dat
        81       0.521353         3.9262       -160.149        23.8162        9.28708        15.4433       -2406.13     /gpfs/hpu/EHT2/IHARM/SANE/SANE_a+0.94_288x128x128_IHARM/m_1_1_1/image_a+0.94_1086_163_0_230.e9_6.2e9_1.24732e+26_1.dat
        82        0.60889        4.13467       -164.286        22.2012        9.18611        14.6904       -2368.31     /gpfs/hpu/EHT2/IHARM/SANE/SANE_a+0.94_288x128x128_IHARM/m_1_1_1/image_a+0.94_1092_163_0_230.e9_6.2e9_1.24732e+26_1.dat
        83       0.760614        4.31538       -161.358         12.225        8.25127        9.86593        -1810.8     /gpfs/hpu/EHT2/IHARM/SANE/SANE_a+0.94_288x128x128_IHARM/m_1_1_1/image_a+0.94_1098_163_0_230.e9_6.2e9_1.24732e+26_1.dat
        84       0.601119        4.24936       -171.627         21.701        10.0414        14.9505       -2384.97     /gpfs/hpu/EHT2/IHARM/SANE/SANE_a+0.94_288x128x128_IHARM/m_1_1_1/image_a+0.94_1104_163_0_230.e9_6.2e9_1.24732e+26_1.dat
        85       0.737516         3.7271       -172.409        32.5085        39.5074        36.0098       -5059.13     /gpfs/hpu/EHT2/IHARM/SANE/SANE_a+0.94_288x128x128_IHARM/m_1_1_1/image_a+0.94_1110_163_0_230.e9_6.2e9_1.24732e+26_1.dat
        86       0.800463        4.08703       -175.392        32.0285        10.4143        19.6138       -3060.92     /gpfs/hpu/EHT2/IHARM/SANE/SANE_a+0.94_288x128x128_IHARM/m_1_1_1/image_a+0.94_1116_163_0_230.e9_6.2e9_1.24732e+26_1.dat
        87       0.824066        3.95089        -171.96        14.1712        9.71047        11.5176       -2029.43     /gpfs/hpu/EHT2/IHARM/SANE/SANE_a+0.94_288x128x128_IHARM/m_1_1_1/image_a+0.94_1122_163_0_230.e9_6.2e9_1.24732e+26_1.dat
        88       0.767425         4.4556       -176.455        34.0179        12.4653        21.6134       -3287.23     /gpfs/hpu/EHT2/IHARM/SANE/SANE_a+0.94_288x128x128_IHARM/m_1_1_1/image_a+0.94_1128_163_0_230.e9_6.2e9_1.24732e+26_1.dat
        89       0.865413         4.2526        -179.46        29.0804        9.49136        17.8283       -2830.43     /gpfs/hpu/EHT2/IHARM/SANE/SANE_a+0.94_288x128x128_IHARM/m_1_1_1/image_a+0.94_1134_163_0_230.e9_6.2e9_1.24732e+26_1.dat
        90       0.731643        4.07992       -175.522        33.4143        10.1906        20.0872       -3061.59     /gpfs/hpu/EHT2/IHARM/SANE/SANE_a+0.94_288x128x128_IHARM/m_1_1_1/image_a+0.94_1140_163_0_230.e9_6.2e9_1.24732e+26_1.dat
        91       0.896645        4.26992       -183.103        49.8219        10.0061        27.0636       -4012.97     /gpfs/hpu/EHT2/IHARM/SANE/SANE_a+0.94_288x128x128_IHARM/m_1_1_1/image_a+0.94_1146_163_0_230.e9_6.2e9_1.24732e+26_1.dat
        92       0.769825        3.64779        -199.15        63.2938        15.7469        36.0706       -5017.65     /gpfs/hpu/EHT2/IHARM/SANE/SANE_a+0.94_288x128x128_IHARM/m_1_1_1/image_a+0.94_1152_163_0_230.e9_6.2e9_1.24732e+26_1.dat
        93         1.2551        4.21541       -192.274         16.738        11.7635        13.7675        -2387.8     /gpfs/hpu/EHT2/IHARM/SANE/SANE_a+0.94_288x128x128_IHARM/m_1_1_1/image_a+0.94_1158_163_0_230.e9_6.2e9_1.24732e+26_1.dat
        94       0.828845        4.49014       -181.014        25.2586         12.898         18.075       -2894.45     /gpfs/hpu/EHT2/IHARM/SANE/SANE_a+0.94_288x128x128_IHARM/m_1_1_1/image_a+0.94_1164_163_0_230.e9_6.2e9_1.24732e+26_1.dat
        95       0.926706        4.33675       -183.438        19.0572        10.0836        13.8333       -2328.69     /gpfs/hpu/EHT2/IHARM/SANE/SANE_a+0.94_288x128x128_IHARM/m_1_1_1/image_a+0.94_1170_163_0_230.e9_6.2e9_1.24732e+26_1.dat
        96        0.88181        4.18487        -189.25        24.5692        14.8281        18.8516       -2966.77     /gpfs/hpu/EHT2/IHARM/SANE/SANE_a+0.94_288x128x128_IHARM/m_1_1_1/image_a+0.94_1176_163_0_230.e9_6.2e9_1.24732e+26_1.dat
        97       0.595683         4.2746       -170.121        14.4263        10.7828        12.2244       -1971.47     /gpfs/hpu/EHT2/IHARM/SANE/SANE_a+0.94_288x128x128_IHARM/m_1_1_1/image_a+0.94_1182_163_0_230.e9_6.2e9_1.24732e+26_1.dat
        98       0.817787        4.07304       -197.587        10.1794        13.6847        12.0068        -2074.5     /gpfs/hpu/EHT2/IHARM/SANE/SANE_a+0.94_288x128x128_IHARM/m_1_1_1/image_a+0.94_1188_163_0_230.e9_6.2e9_1.24732e+26_1.dat
        99       0.790815        4.26492       -195.126        7.48771        9.10677        8.29806       -1610.24     /gpfs/hpu/EHT2/IHARM/SANE/SANE_a+0.94_288x128x128_IHARM/m_1_1_1/image_a+0.94_1194_163_0_230.e9_6.2e9_1.24732e+26_1.dat
