   # Index         I (Jy)      M/D (uas)       PA (deg)  VA red. chisq  CP red. chisq     red. chisq     log-liklhd     FileName
         0       0.523391         4.5956        140.763        3.91612        3.84174        3.82736       -864.755     /gpfs/hpu/EHT2/IHARM/SANE/SANE_a+0.94_288x128x128_IHARM/m_1_1_40/image_a+0.94_0600_163_0_230.e9_6.2e9_3.38593e+27_40.dat
         1       0.649502        4.66204        114.021        14.9801        10.7157         12.426       -1971.15     /gpfs/hpu/EHT2/IHARM/SANE/SANE_a+0.94_288x128x128_IHARM/m_1_1_40/image_a+0.94_0606_163_0_230.e9_6.2e9_3.38593e+27_40.dat
         2        0.65506        4.28604        198.948        15.0733        16.5325        15.7029       -2487.65     /gpfs/hpu/EHT2/IHARM/SANE/SANE_a+0.94_288x128x128_IHARM/m_1_1_40/image_a+0.94_0612_163_0_230.e9_6.2e9_3.38593e+27_40.dat
         3       0.515425        4.35268         171.65        8.38912        4.96858        6.38427       -1260.18     /gpfs/hpu/EHT2/IHARM/SANE/SANE_a+0.94_288x128x128_IHARM/m_1_1_40/image_a+0.94_0618_163_0_230.e9_6.2e9_3.38593e+27_40.dat
         4       0.630631         4.7086        200.737        23.2879        8.02026        14.5105       -2268.39     /gpfs/hpu/EHT2/IHARM/SANE/SANE_a+0.94_288x128x128_IHARM/m_1_1_40/image_a+0.94_0624_163_0_230.e9_6.2e9_3.38593e+27_40.dat
         5       0.698611        4.33453        94.2158        11.8665        15.7282        13.8718       -2191.57     /gpfs/hpu/EHT2/IHARM/SANE/SANE_a+0.94_288x128x128_IHARM/m_1_1_40/image_a+0.94_0630_163_0_230.e9_6.2e9_3.38593e+27_40.dat
         6       0.485427        4.45765        159.514        32.6075        15.3261        22.5968       -3202.22     /gpfs/hpu/EHT2/IHARM/SANE/SANE_a+0.94_288x128x128_IHARM/m_1_1_40/image_a+0.94_0636_163_0_230.e9_6.2e9_3.38593e+27_40.dat
         7       0.558812        5.06282         185.99        14.5035        8.10037         10.765       -1766.68     /gpfs/hpu/EHT2/IHARM/SANE/SANE_a+0.94_288x128x128_IHARM/m_1_1_40/image_a+0.94_0642_163_0_230.e9_6.2e9_3.38593e+27_40.dat
         8       0.538913        4.66003        88.1564        6.00588        6.71956        6.33036       -1168.38     /gpfs/hpu/EHT2/IHARM/SANE/SANE_a+0.94_288x128x128_IHARM/m_1_1_40/image_a+0.94_0648_163_0_230.e9_6.2e9_3.38593e+27_40.dat
         9        0.55501        4.91451        93.5703        8.54937        15.7277        12.4403       -1950.85     /gpfs/hpu/EHT2/IHARM/SANE/SANE_a+0.94_288x128x128_IHARM/m_1_1_40/image_a+0.94_0654_163_0_230.e9_6.2e9_3.38593e+27_40.dat
        10       0.707232        5.31267        182.866        10.6925        8.31255        9.23882       -1624.63     /gpfs/hpu/EHT2/IHARM/SANE/SANE_a+0.94_288x128x128_IHARM/m_1_1_40/image_a+0.94_0660_163_0_230.e9_6.2e9_3.38593e+27_40.dat
        11       0.709335        4.99496         176.05        27.8948        10.3409        17.7894       -2675.44     /gpfs/hpu/EHT2/IHARM/SANE/SANE_a+0.94_288x128x128_IHARM/m_1_1_40/image_a+0.94_0666_163_0_230.e9_6.2e9_3.38593e+27_40.dat
        12       0.605276        4.44117        112.925        19.6473        9.26146        13.6304       -2119.58     /gpfs/hpu/EHT2/IHARM/SANE/SANE_a+0.94_288x128x128_IHARM/m_1_1_40/image_a+0.94_0672_163_0_230.e9_6.2e9_3.38593e+27_40.dat
        13       0.701728        5.34782        107.284        8.09102        12.7934        10.6098       -1771.19     /gpfs/hpu/EHT2/IHARM/SANE/SANE_a+0.94_288x128x128_IHARM/m_1_1_40/image_a+0.94_0678_163_0_230.e9_6.2e9_3.38593e+27_40.dat
        14       0.629705        5.05598        90.1847        7.94149        13.7398        11.0719        -1766.3     /gpfs/hpu/EHT2/IHARM/SANE/SANE_a+0.94_288x128x128_IHARM/m_1_1_40/image_a+0.94_0684_163_0_230.e9_6.2e9_3.38593e+27_40.dat
        15       0.665818        5.30789         183.94        10.6839        12.0058        11.2902       -1858.63     /gpfs/hpu/EHT2/IHARM/SANE/SANE_a+0.94_288x128x128_IHARM/m_1_1_40/image_a+0.94_0690_163_0_230.e9_6.2e9_3.38593e+27_40.dat
        16       0.562094        5.13446         178.81        8.13719        16.1543        12.4999       -2020.43     /gpfs/hpu/EHT2/IHARM/SANE/SANE_a+0.94_288x128x128_IHARM/m_1_1_40/image_a+0.94_0696_163_0_230.e9_6.2e9_3.38593e+27_40.dat
        17       0.599726         5.1361        162.481        14.2677        4.07559        8.42368       -1467.66     /gpfs/hpu/EHT2/IHARM/SANE/SANE_a+0.94_288x128x128_IHARM/m_1_1_40/image_a+0.94_0702_163_0_230.e9_6.2e9_3.38593e+27_40.dat
        18       0.877399        4.94004        187.515        28.4838        10.8438        18.3234       -2774.13     /gpfs/hpu/EHT2/IHARM/SANE/SANE_a+0.94_288x128x128_IHARM/m_1_1_40/image_a+0.94_0708_163_0_230.e9_6.2e9_3.38593e+27_40.dat
        19       0.541452        4.84078        112.677        13.4284        8.91606        10.7551       -1758.34     /gpfs/hpu/EHT2/IHARM/SANE/SANE_a+0.94_288x128x128_IHARM/m_1_1_40/image_a+0.94_0714_163_0_230.e9_6.2e9_3.38593e+27_40.dat
        20       0.618576        4.76647        112.119         10.925        5.75343        7.91513       -1389.25     /gpfs/hpu/EHT2/IHARM/SANE/SANE_a+0.94_288x128x128_IHARM/m_1_1_40/image_a+0.94_0720_163_0_230.e9_6.2e9_3.38593e+27_40.dat
        21       0.589402        4.75596        163.373        13.7242        9.22202        11.0529       -1787.66     /gpfs/hpu/EHT2/IHARM/SANE/SANE_a+0.94_288x128x128_IHARM/m_1_1_40/image_a+0.94_0726_163_0_230.e9_6.2e9_3.38593e+27_40.dat
        22        1.30418        4.96098        179.022        19.0406        11.4479        14.5853       -2385.18     /gpfs/hpu/EHT2/IHARM/SANE/SANE_a+0.94_288x128x128_IHARM/m_1_1_40/image_a+0.94_0732_163_0_230.e9_6.2e9_3.38593e+27_40.dat
        23       0.804007        4.93396        151.678        15.0766        12.2778        13.3368       -2129.94     /gpfs/hpu/EHT2/IHARM/SANE/SANE_a+0.94_288x128x128_IHARM/m_1_1_40/image_a+0.94_0738_163_0_230.e9_6.2e9_3.38593e+27_40.dat
        24        0.67242        5.12376        136.175        5.23408        4.94735        5.01121       -1022.62     /gpfs/hpu/EHT2/IHARM/SANE/SANE_a+0.94_288x128x128_IHARM/m_1_1_40/image_a+0.94_0744_163_0_230.e9_6.2e9_3.38593e+27_40.dat
        25       0.638948        4.65574        151.253        18.7797        4.82843        10.7893       -1739.03     /gpfs/hpu/EHT2/IHARM/SANE/SANE_a+0.94_288x128x128_IHARM/m_1_1_40/image_a+0.94_0750_163_0_230.e9_6.2e9_3.38593e+27_40.dat
        26       0.701048        4.91466        92.5429         10.663        6.19544        8.04803       -1393.61     /gpfs/hpu/EHT2/IHARM/SANE/SANE_a+0.94_288x128x128_IHARM/m_1_1_40/image_a+0.94_0756_163_0_230.e9_6.2e9_3.38593e+27_40.dat
        27       0.647952        4.83158        199.277        7.53841        5.55302        6.34244       -1250.98     /gpfs/hpu/EHT2/IHARM/SANE/SANE_a+0.94_288x128x128_IHARM/m_1_1_40/image_a+0.94_0762_163_0_230.e9_6.2e9_3.38593e+27_40.dat
        28       0.705772        5.16559        135.993         9.1307        7.64243         8.1921       -1454.31     /gpfs/hpu/EHT2/IHARM/SANE/SANE_a+0.94_288x128x128_IHARM/m_1_1_40/image_a+0.94_0768_163_0_230.e9_6.2e9_3.38593e+27_40.dat
        29       0.641106        4.94358        105.771        11.8177        11.1737        11.3164       -1818.24     /gpfs/hpu/EHT2/IHARM/SANE/SANE_a+0.94_288x128x128_IHARM/m_1_1_40/image_a+0.94_0774_163_0_230.e9_6.2e9_3.38593e+27_40.dat
        30       0.608976        5.04188        179.893        12.0973        4.58879        7.77284       -1381.59     /gpfs/hpu/EHT2/IHARM/SANE/SANE_a+0.94_288x128x128_IHARM/m_1_1_40/image_a+0.94_0780_163_0_230.e9_6.2e9_3.38593e+27_40.dat
        31        1.13195        5.61573        171.396        13.6012         6.8513        9.68066       -1731.09     /gpfs/hpu/EHT2/IHARM/SANE/SANE_a+0.94_288x128x128_IHARM/m_1_1_40/image_a+0.94_0786_163_0_230.e9_6.2e9_3.38593e+27_40.dat
        32       0.806976        4.85607        121.533        7.99361        10.6813        9.39247       -1654.19     /gpfs/hpu/EHT2/IHARM/SANE/SANE_a+0.94_288x128x128_IHARM/m_1_1_40/image_a+0.94_0792_163_0_230.e9_6.2e9_3.38593e+27_40.dat
        33        1.34453         5.1458        178.327        8.00336        8.36013        8.10507       -1588.73     /gpfs/hpu/EHT2/IHARM/SANE/SANE_a+0.94_288x128x128_IHARM/m_1_1_40/image_a+0.94_0798_163_0_230.e9_6.2e9_3.38593e+27_40.dat
        34       0.677565        5.18094        154.429        8.89414        5.58495        6.94514       -1310.22     /gpfs/hpu/EHT2/IHARM/SANE/SANE_a+0.94_288x128x128_IHARM/m_1_1_40/image_a+0.94_0804_163_0_230.e9_6.2e9_3.38593e+27_40.dat
        35        0.58668        4.41867         141.99        14.3038        14.6075        14.2998       -2230.67     /gpfs/hpu/EHT2/IHARM/SANE/SANE_a+0.94_288x128x128_IHARM/m_1_1_40/image_a+0.94_0810_163_0_230.e9_6.2e9_3.38593e+27_40.dat
        36       0.708892        4.69334        187.425        25.0777        13.9233        18.5675       -2796.62     /gpfs/hpu/EHT2/IHARM/SANE/SANE_a+0.94_288x128x128_IHARM/m_1_1_40/image_a+0.94_0816_163_0_230.e9_6.2e9_3.38593e+27_40.dat
        37       0.698702        4.94241        186.895         20.443        10.0583        14.4171       -2269.54     /gpfs/hpu/EHT2/IHARM/SANE/SANE_a+0.94_288x128x128_IHARM/m_1_1_40/image_a+0.94_0822_163_0_230.e9_6.2e9_3.38593e+27_40.dat
        38       0.821302        5.17158        209.046        38.1514        12.9281        23.6544       -3505.42     /gpfs/hpu/EHT2/IHARM/SANE/SANE_a+0.94_288x128x128_IHARM/m_1_1_40/image_a+0.94_0828_163_0_230.e9_6.2e9_3.38593e+27_40.dat
        39        2.17033        4.66089        94.7426        27.9409        22.8071        24.7462       -3801.33     /gpfs/hpu/EHT2/IHARM/SANE/SANE_a+0.94_288x128x128_IHARM/m_1_1_40/image_a+0.94_0834_163_0_230.e9_6.2e9_3.38593e+27_40.dat
        40       0.618317        4.64069        91.8273        8.77022        10.1348        9.42344       -1572.52     /gpfs/hpu/EHT2/IHARM/SANE/SANE_a+0.94_288x128x128_IHARM/m_1_1_40/image_a+0.94_0840_163_0_230.e9_6.2e9_3.38593e+27_40.dat
        41       0.672028        4.88079        201.097        9.79761        16.5022        13.4099       -2204.79     /gpfs/hpu/EHT2/IHARM/SANE/SANE_a+0.94_288x128x128_IHARM/m_1_1_40/image_a+0.94_0846_163_0_230.e9_6.2e9_3.38593e+27_40.dat
        42        1.03592        3.41097        174.141        62.5113        18.2724        37.1383       -5198.92     /gpfs/hpu/EHT2/IHARM/SANE/SANE_a+0.94_288x128x128_IHARM/m_1_1_40/image_a+0.94_0852_163_0_230.e9_6.2e9_3.38593e+27_40.dat
        43       0.541045        3.45544         169.44        19.3811        17.0903        17.8719       -2686.78     /gpfs/hpu/EHT2/IHARM/SANE/SANE_a+0.94_288x128x128_IHARM/m_1_1_40/image_a+0.94_0858_163_0_230.e9_6.2e9_3.38593e+27_40.dat
        44       0.614549        4.16875        186.872        19.5428        9.47582        13.7046       -2211.15     /gpfs/hpu/EHT2/IHARM/SANE/SANE_a+0.94_288x128x128_IHARM/m_1_1_40/image_a+0.94_0864_163_0_230.e9_6.2e9_3.38593e+27_40.dat
        45       0.851641        4.78893        187.598         29.556        8.65161        17.5662       -2708.22     /gpfs/hpu/EHT2/IHARM/SANE/SANE_a+0.94_288x128x128_IHARM/m_1_1_40/image_a+0.94_0870_163_0_230.e9_6.2e9_3.38593e+27_40.dat
        46       0.599348        4.73114        189.611        18.9621        9.79778        13.6332       -2162.79     /gpfs/hpu/EHT2/IHARM/SANE/SANE_a+0.94_288x128x128_IHARM/m_1_1_40/image_a+0.94_0876_163_0_230.e9_6.2e9_3.38593e+27_40.dat
        47       0.576653         4.2613        189.549        23.9418        11.4744        16.7146       -2579.64     /gpfs/hpu/EHT2/IHARM/SANE/SANE_a+0.94_288x128x128_IHARM/m_1_1_40/image_a+0.94_0882_163_0_230.e9_6.2e9_3.38593e+27_40.dat
        48       0.502197         4.5442        159.242        21.3707        13.7957        16.8971       -2515.99     /gpfs/hpu/EHT2/IHARM/SANE/SANE_a+0.94_288x128x128_IHARM/m_1_1_40/image_a+0.94_0888_163_0_230.e9_6.2e9_3.38593e+27_40.dat
        49       0.730188        4.63353        201.168        20.9601        11.5768        15.4852       -2451.17     /gpfs/hpu/EHT2/IHARM/SANE/SANE_a+0.94_288x128x128_IHARM/m_1_1_40/image_a+0.94_0894_163_0_230.e9_6.2e9_3.38593e+27_40.dat
        50       0.843642        5.18364        190.351        20.5651        10.2686        14.5868       -2347.12     /gpfs/hpu/EHT2/IHARM/SANE/SANE_a+0.94_288x128x128_IHARM/m_1_1_40/image_a+0.94_0900_163_0_230.e9_6.2e9_3.38593e+27_40.dat
        51       0.882895         4.4595        185.236        23.2274        9.39581        15.2498       -2457.86     /gpfs/hpu/EHT2/IHARM/SANE/SANE_a+0.94_288x128x128_IHARM/m_1_1_40/image_a+0.94_0906_163_0_230.e9_6.2e9_3.38593e+27_40.dat
        52       0.873785        4.33467        192.676        30.5837        10.1881        18.8646       -2884.82     /gpfs/hpu/EHT2/IHARM/SANE/SANE_a+0.94_288x128x128_IHARM/m_1_1_40/image_a+0.94_0912_163_0_230.e9_6.2e9_3.38593e+27_40.dat
        53        1.07605        4.81377        190.358        36.6874        14.6735         23.994       -3730.82     /gpfs/hpu/EHT2/IHARM/SANE/SANE_a+0.94_288x128x128_IHARM/m_1_1_40/image_a+0.94_0918_163_0_230.e9_6.2e9_3.38593e+27_40.dat
        54        0.48114        4.05981        190.606        16.7356        9.53523        12.5265       -1954.58     /gpfs/hpu/EHT2/IHARM/SANE/SANE_a+0.94_288x128x128_IHARM/m_1_1_40/image_a+0.94_0924_163_0_230.e9_6.2e9_3.38593e+27_40.dat
        55        0.76088        4.11786        192.088        42.8742        13.1073        25.7917       -3760.75     /gpfs/hpu/EHT2/IHARM/SANE/SANE_a+0.94_288x128x128_IHARM/m_1_1_40/image_a+0.94_0930_163_0_230.e9_6.2e9_3.38593e+27_40.dat
        56       0.803146        4.49841        191.342        27.7519        10.7576        17.9597       -2832.07     /gpfs/hpu/EHT2/IHARM/SANE/SANE_a+0.94_288x128x128_IHARM/m_1_1_40/image_a+0.94_0936_163_0_230.e9_6.2e9_3.38593e+27_40.dat
        57       0.909089         4.6733         190.87        28.5182         11.596        18.7568       -3028.13     /gpfs/hpu/EHT2/IHARM/SANE/SANE_a+0.94_288x128x128_IHARM/m_1_1_40/image_a+0.94_0942_163_0_230.e9_6.2e9_3.38593e+27_40.dat
        58       0.954782        5.06508        180.382        22.9004        9.48193        15.1566       -2455.15     /gpfs/hpu/EHT2/IHARM/SANE/SANE_a+0.94_288x128x128_IHARM/m_1_1_40/image_a+0.94_0948_163_0_230.e9_6.2e9_3.38593e+27_40.dat
        59        1.02432        4.77362         191.15        27.2038         10.973        17.8431        -2862.3     /gpfs/hpu/EHT2/IHARM/SANE/SANE_a+0.94_288x128x128_IHARM/m_1_1_40/image_a+0.94_0954_163_0_230.e9_6.2e9_3.38593e+27_40.dat
        60        1.37696        4.74577        194.352        25.4325        17.5251        20.7248       -3339.98     /gpfs/hpu/EHT2/IHARM/SANE/SANE_a+0.94_288x128x128_IHARM/m_1_1_40/image_a+0.94_0960_163_0_230.e9_6.2e9_3.38593e+27_40.dat
        61        1.05857        4.88809        185.881        23.8672        11.3778        16.6287       -2686.74     /gpfs/hpu/EHT2/IHARM/SANE/SANE_a+0.94_288x128x128_IHARM/m_1_1_40/image_a+0.94_0966_163_0_230.e9_6.2e9_3.38593e+27_40.dat
        62        1.06719        4.61634        203.595        23.3971        10.8358        16.1243       -2760.04     /gpfs/hpu/EHT2/IHARM/SANE/SANE_a+0.94_288x128x128_IHARM/m_1_1_40/image_a+0.94_0972_163_0_230.e9_6.2e9_3.38593e+27_40.dat
        63        1.08429        5.33859        192.816        22.9952        8.89067        14.8686       -2628.34     /gpfs/hpu/EHT2/IHARM/SANE/SANE_a+0.94_288x128x128_IHARM/m_1_1_40/image_a+0.94_0978_163_0_230.e9_6.2e9_3.38593e+27_40.dat
        64       0.898225        4.91516        179.163        23.0101        11.4316        16.2889          -2713     /gpfs/hpu/EHT2/IHARM/SANE/SANE_a+0.94_288x128x128_IHARM/m_1_1_40/image_a+0.94_0984_163_0_230.e9_6.2e9_3.38593e+27_40.dat
        65        1.16589        6.06441        188.824        16.4722        18.5411        17.4242       -3041.97     /gpfs/hpu/EHT2/IHARM/SANE/SANE_a+0.94_288x128x128_IHARM/m_1_1_40/image_a+0.94_0990_163_0_230.e9_6.2e9_3.38593e+27_40.dat
        66       0.907403        4.85923        191.449        16.7245        9.09317        12.2757       -2113.96     /gpfs/hpu/EHT2/IHARM/SANE/SANE_a+0.94_288x128x128_IHARM/m_1_1_40/image_a+0.94_0996_163_0_230.e9_6.2e9_3.38593e+27_40.dat
        67        1.01427        4.54289        200.642         20.028        11.2879        14.9223       -2535.32     /gpfs/hpu/EHT2/IHARM/SANE/SANE_a+0.94_288x128x128_IHARM/m_1_1_40/image_a+0.94_1002_163_0_230.e9_6.2e9_3.38593e+27_40.dat
        68        1.02149        4.86599        188.446        32.9249        11.7335        20.7346       -3173.94     /gpfs/hpu/EHT2/IHARM/SANE/SANE_a+0.94_288x128x128_IHARM/m_1_1_40/image_a+0.94_1008_163_0_230.e9_6.2e9_3.38593e+27_40.dat
        69       0.743557        4.37412        200.151        15.4372         11.211        12.8988       -2180.46     /gpfs/hpu/EHT2/IHARM/SANE/SANE_a+0.94_288x128x128_IHARM/m_1_1_40/image_a+0.94_1014_163_0_230.e9_6.2e9_3.38593e+27_40.dat
        70        1.32544        5.54392        195.838        35.1441        9.97629        20.7143       -3226.27     /gpfs/hpu/EHT2/IHARM/SANE/SANE_a+0.94_288x128x128_IHARM/m_1_1_40/image_a+0.94_1020_163_0_230.e9_6.2e9_3.38593e+27_40.dat
        71       0.914199        5.23505        191.289        21.8853        8.88622        14.3872       -2366.27     /gpfs/hpu/EHT2/IHARM/SANE/SANE_a+0.94_288x128x128_IHARM/m_1_1_40/image_a+0.94_1026_163_0_230.e9_6.2e9_3.38593e+27_40.dat
        72       0.588867         4.8659        195.515        16.8315        8.84801        12.1854       -2013.02     /gpfs/hpu/EHT2/IHARM/SANE/SANE_a+0.94_288x128x128_IHARM/m_1_1_40/image_a+0.94_1032_163_0_230.e9_6.2e9_3.38593e+27_40.dat
        73       0.881464        5.39261        191.884        31.7486        11.8649        20.3002       -3204.36     /gpfs/hpu/EHT2/IHARM/SANE/SANE_a+0.94_288x128x128_IHARM/m_1_1_40/image_a+0.94_1038_163_0_230.e9_6.2e9_3.38593e+27_40.dat
        74       0.982299        5.27395        188.998        31.7639        14.4663        21.7544       -3477.42     /gpfs/hpu/EHT2/IHARM/SANE/SANE_a+0.94_288x128x128_IHARM/m_1_1_40/image_a+0.94_1044_163_0_230.e9_6.2e9_3.38593e+27_40.dat
        75       0.566161        5.02854        193.474        25.1997        9.69361        16.2665       -2520.28     /gpfs/hpu/EHT2/IHARM/SANE/SANE_a+0.94_288x128x128_IHARM/m_1_1_40/image_a+0.94_1050_163_0_230.e9_6.2e9_3.38593e+27_40.dat
        76       0.916756        5.05347        190.127        26.0431         10.031        16.8181       -2719.09     /gpfs/hpu/EHT2/IHARM/SANE/SANE_a+0.94_288x128x128_IHARM/m_1_1_40/image_a+0.94_1056_163_0_230.e9_6.2e9_3.38593e+27_40.dat
        77       0.929095        5.12841        197.849        29.3612        11.1635        18.8799       -3011.56     /gpfs/hpu/EHT2/IHARM/SANE/SANE_a+0.94_288x128x128_IHARM/m_1_1_40/image_a+0.94_1062_163_0_230.e9_6.2e9_3.38593e+27_40.dat
        78       0.855384        4.86921        199.486        25.5362        11.9384        17.6608       -2902.37     /gpfs/hpu/EHT2/IHARM/SANE/SANE_a+0.94_288x128x128_IHARM/m_1_1_40/image_a+0.94_1068_163_0_230.e9_6.2e9_3.38593e+27_40.dat
        79       0.760771        4.38382        184.891         28.763        12.8323        19.5504       -3026.77     /gpfs/hpu/EHT2/IHARM/SANE/SANE_a+0.94_288x128x128_IHARM/m_1_1_40/image_a+0.94_1074_163_0_230.e9_6.2e9_3.38593e+27_40.dat
        80       0.727546        4.43437        197.201        23.9251        10.0533        15.9167       -2580.31     /gpfs/hpu/EHT2/IHARM/SANE/SANE_a+0.94_288x128x128_IHARM/m_1_1_40/image_a+0.94_1080_163_0_230.e9_6.2e9_3.38593e+27_40.dat
        81       0.691941        4.47145         196.49        31.9691        11.5998        20.2479       -3157.66     /gpfs/hpu/EHT2/IHARM/SANE/SANE_a+0.94_288x128x128_IHARM/m_1_1_40/image_a+0.94_1086_163_0_230.e9_6.2e9_3.38593e+27_40.dat
        82       0.578159        4.16193        195.076         23.572        12.4622        17.1048       -2796.63     /gpfs/hpu/EHT2/IHARM/SANE/SANE_a+0.94_288x128x128_IHARM/m_1_1_40/image_a+0.94_1092_163_0_230.e9_6.2e9_3.38593e+27_40.dat
        83       0.649753        4.50184        195.774        34.3132        12.3007        21.6493       -3330.74     /gpfs/hpu/EHT2/IHARM/SANE/SANE_a+0.94_288x128x128_IHARM/m_1_1_40/image_a+0.94_1098_163_0_230.e9_6.2e9_3.38593e+27_40.dat
        84       0.902209        4.66026        195.908        28.4358        13.3172         19.679       -3168.98     /gpfs/hpu/EHT2/IHARM/SANE/SANE_a+0.94_288x128x128_IHARM/m_1_1_40/image_a+0.94_1104_163_0_230.e9_6.2e9_3.38593e+27_40.dat
        85       0.796421        4.36868        196.048        27.2953        14.5021        19.8463       -3125.77     /gpfs/hpu/EHT2/IHARM/SANE/SANE_a+0.94_288x128x128_IHARM/m_1_1_40/image_a+0.94_1110_163_0_230.e9_6.2e9_3.38593e+27_40.dat
        86       0.823816         3.9964        188.753        21.8329        13.1747        16.7509       -2759.99     /gpfs/hpu/EHT2/IHARM/SANE/SANE_a+0.94_288x128x128_IHARM/m_1_1_40/image_a+0.94_1116_163_0_230.e9_6.2e9_3.38593e+27_40.dat
        87        0.44805         4.2513        194.727        41.2238        44.2477        42.4078       -5755.05     /gpfs/hpu/EHT2/IHARM/SANE/SANE_a+0.94_288x128x128_IHARM/m_1_1_40/image_a+0.94_1122_163_0_230.e9_6.2e9_3.38593e+27_40.dat
        88       0.783119        5.38456        193.175        51.2236        19.7106        33.0685        -4795.2     /gpfs/hpu/EHT2/IHARM/SANE/SANE_a+0.94_288x128x128_IHARM/m_1_1_40/image_a+0.94_1128_163_0_230.e9_6.2e9_3.38593e+27_40.dat
        89       0.778609        5.46258        193.782        33.2963        14.2941        22.3198        -3526.1     /gpfs/hpu/EHT2/IHARM/SANE/SANE_a+0.94_288x128x128_IHARM/m_1_1_40/image_a+0.94_1134_163_0_230.e9_6.2e9_3.38593e+27_40.dat
        90       0.619487         5.0266        176.177        31.6995        12.5452        20.6576       -3144.44     /gpfs/hpu/EHT2/IHARM/SANE/SANE_a+0.94_288x128x128_IHARM/m_1_1_40/image_a+0.94_1140_163_0_230.e9_6.2e9_3.38593e+27_40.dat
        91       0.783987        5.48889        189.856        30.8612        12.8014        20.4385       -3175.86     /gpfs/hpu/EHT2/IHARM/SANE/SANE_a+0.94_288x128x128_IHARM/m_1_1_40/image_a+0.94_1146_163_0_230.e9_6.2e9_3.38593e+27_40.dat
        92       0.715161        5.86075        186.922        34.6815        15.0927        23.3618       -3635.83     /gpfs/hpu/EHT2/IHARM/SANE/SANE_a+0.94_288x128x128_IHARM/m_1_1_40/image_a+0.94_1152_163_0_230.e9_6.2e9_3.38593e+27_40.dat
        93       0.694232        5.23682         180.47        36.9113        13.1985        23.2697       -3503.57     /gpfs/hpu/EHT2/IHARM/SANE/SANE_a+0.94_288x128x128_IHARM/m_1_1_40/image_a+0.94_1158_163_0_230.e9_6.2e9_3.38593e+27_40.dat
        94       0.704685        4.63785        169.218        40.9011        10.2338        23.3415       -3451.42     /gpfs/hpu/EHT2/IHARM/SANE/SANE_a+0.94_288x128x128_IHARM/m_1_1_40/image_a+0.94_1164_163_0_230.e9_6.2e9_3.38593e+27_40.dat
        95       0.632115        4.92526        182.253        22.0682        9.74341        14.9431       -2398.68     /gpfs/hpu/EHT2/IHARM/SANE/SANE_a+0.94_288x128x128_IHARM/m_1_1_40/image_a+0.94_1170_163_0_230.e9_6.2e9_3.38593e+27_40.dat
        96       0.670024        4.51568         174.71        19.8734        9.32828        13.7652       -2257.81     /gpfs/hpu/EHT2/IHARM/SANE/SANE_a+0.94_288x128x128_IHARM/m_1_1_40/image_a+0.94_1176_163_0_230.e9_6.2e9_3.38593e+27_40.dat
        97       0.831354        5.10181        181.346        32.6381        13.2538        21.4569       -3319.94     /gpfs/hpu/EHT2/IHARM/SANE/SANE_a+0.94_288x128x128_IHARM/m_1_1_40/image_a+0.94_1182_163_0_230.e9_6.2e9_3.38593e+27_40.dat
        98       0.482687        4.41455        181.117        15.8571        11.5298        13.2574        -2166.3     /gpfs/hpu/EHT2/IHARM/SANE/SANE_a+0.94_288x128x128_IHARM/m_1_1_40/image_a+0.94_1188_163_0_230.e9_6.2e9_3.38593e+27_40.dat
        99       0.365628        4.63414        121.023        8.61188        9.92374        9.23769       -1569.65     /gpfs/hpu/EHT2/IHARM/SANE/SANE_a+0.94_288x128x128_IHARM/m_1_1_40/image_a+0.94_1194_163_0_230.e9_6.2e9_3.38593e+27_40.dat
