   # Index         I (Jy)      M/D (uas)       PA (deg)  VA red. chisq  CP red. chisq     red. chisq     log-liklhd     FileName
         0       0.578471         3.3749        120.676        3.35218        5.87026        4.71282       -1096.21     /gpfs/hpu/EHT2/IHARM/MAD/MAD_a0_384x192x192_IHARM/m_1_1_40/image_a0_0000_163_0_230.e9_6.2e9_1.90889e+25_40.dat
         1       0.627659        3.60621       -123.956        8.26119        46.6256        29.5092       -4342.28     /gpfs/hpu/EHT2/IHARM/MAD/MAD_a0_384x192x192_IHARM/m_1_1_40/image_a0_0001_163_0_230.e9_6.2e9_1.90889e+25_40.dat
         2       0.393018        3.45678       -169.674        2.58896        4.65127        3.70522       -856.772     /gpfs/hpu/EHT2/IHARM/MAD/MAD_a0_384x192x192_IHARM/m_1_1_40/image_a0_0002_163_0_230.e9_6.2e9_1.90889e+25_40.dat
         3       0.629729        3.59039       -179.014        32.3378        54.1349        44.0757       -6472.36     /gpfs/hpu/EHT2/IHARM/MAD/MAD_a0_384x192x192_IHARM/m_1_1_40/image_a0_0003_163_0_230.e9_6.2e9_1.90889e+25_40.dat
         4       0.500076        3.52703       -172.929         4.9158        9.68089        7.50788       -1315.64     /gpfs/hpu/EHT2/IHARM/MAD/MAD_a0_384x192x192_IHARM/m_1_1_40/image_a0_0004_163_0_230.e9_6.2e9_1.90889e+25_40.dat
         5       0.669842        3.25688       -159.946        4.25378        8.38944        6.50362       -1385.23     /gpfs/hpu/EHT2/IHARM/MAD/MAD_a0_384x192x192_IHARM/m_1_1_40/image_a0_0005_163_0_230.e9_6.2e9_1.90889e+25_40.dat
         6       0.522089        3.31232       -248.757        2.84271        4.31445        3.62728       -869.844     /gpfs/hpu/EHT2/IHARM/MAD/MAD_a0_384x192x192_IHARM/m_1_1_40/image_a0_0006_163_0_230.e9_6.2e9_1.90889e+25_40.dat
         7       0.503552        3.10815        -104.12        3.14499        12.4364        8.27717       -1460.72     /gpfs/hpu/EHT2/IHARM/MAD/MAD_a0_384x192x192_IHARM/m_1_1_40/image_a0_0007_163_0_230.e9_6.2e9_1.90889e+25_40.dat
         8       0.447945         3.1297       -163.338        4.33952        4.59929        4.43157       -952.788     /gpfs/hpu/EHT2/IHARM/MAD/MAD_a0_384x192x192_IHARM/m_1_1_40/image_a0_0008_163_0_230.e9_6.2e9_1.90889e+25_40.dat
         9        0.50689        3.10166       -241.092        11.9575        12.1391        11.9139       -1873.72     /gpfs/hpu/EHT2/IHARM/MAD/MAD_a0_384x192x192_IHARM/m_1_1_40/image_a0_0009_163_0_230.e9_6.2e9_1.90889e+25_40.dat
        10       0.688153        3.22924       -63.9388        3.49936        11.6096        7.96998       -1444.56     /gpfs/hpu/EHT2/IHARM/MAD/MAD_a0_384x192x192_IHARM/m_1_1_40/image_a0_0010_163_0_230.e9_6.2e9_1.90889e+25_40.dat
        11       0.635264        3.39721        165.281        7.06257        11.2223        9.29184       -1659.35     /gpfs/hpu/EHT2/IHARM/MAD/MAD_a0_384x192x192_IHARM/m_1_1_40/image_a0_0011_163_0_230.e9_6.2e9_1.90889e+25_40.dat
        12        1.00242        3.98752        169.885        10.8581        39.3061        26.5567       -3856.19     /gpfs/hpu/EHT2/IHARM/MAD/MAD_a0_384x192x192_IHARM/m_1_1_40/image_a0_0012_163_0_230.e9_6.2e9_1.90889e+25_40.dat
        13        1.07134        3.92082        141.868        17.8651        18.7623        18.1482       -2814.07     /gpfs/hpu/EHT2/IHARM/MAD/MAD_a0_384x192x192_IHARM/m_1_1_40/image_a0_0013_163_0_230.e9_6.2e9_1.90889e+25_40.dat
        14       0.745379         3.8875        101.956        9.04872        22.1067        16.2054       -2432.66     /gpfs/hpu/EHT2/IHARM/MAD/MAD_a0_384x192x192_IHARM/m_1_1_40/image_a0_0014_163_0_230.e9_6.2e9_1.90889e+25_40.dat
        15       0.762932         2.8366        168.617        5.59899        23.2563        15.3567       -3113.27     /gpfs/hpu/EHT2/IHARM/MAD/MAD_a0_384x192x192_IHARM/m_1_1_40/image_a0_0015_163_0_230.e9_6.2e9_1.90889e+25_40.dat
        16       0.773029        3.85219        65.5153        4.48285        13.6877        9.55066       -1614.38     /gpfs/hpu/EHT2/IHARM/MAD/MAD_a0_384x192x192_IHARM/m_1_1_40/image_a0_0016_163_0_230.e9_6.2e9_1.90889e+25_40.dat
        17       0.650722        3.53865        54.8546        12.9205        21.8539        17.7352       -2622.35     /gpfs/hpu/EHT2/IHARM/MAD/MAD_a0_384x192x192_IHARM/m_1_1_40/image_a0_0017_163_0_230.e9_6.2e9_1.90889e+25_40.dat
        18       0.474547        3.56647        162.049        9.49534         53.368        33.7935       -5112.25     /gpfs/hpu/EHT2/IHARM/MAD/MAD_a0_384x192x192_IHARM/m_1_1_40/image_a0_0018_163_0_230.e9_6.2e9_1.90889e+25_40.dat
        19        1.16167        3.59655        39.9037        7.18948        43.1317        27.1026       -4369.22     /gpfs/hpu/EHT2/IHARM/MAD/MAD_a0_384x192x192_IHARM/m_1_1_40/image_a0_0019_163_0_230.e9_6.2e9_1.90889e+25_40.dat
        20        0.39353        3.37498        230.375        17.1694        25.0848        21.3663       -3345.45     /gpfs/hpu/EHT2/IHARM/MAD/MAD_a0_384x192x192_IHARM/m_1_1_40/image_a0_0020_163_0_230.e9_6.2e9_1.90889e+25_40.dat
        21       0.871358        3.88458        153.913        6.99691        14.9373        11.3307       -1981.92     /gpfs/hpu/EHT2/IHARM/MAD/MAD_a0_384x192x192_IHARM/m_1_1_40/image_a0_0021_163_0_230.e9_6.2e9_1.90889e+25_40.dat
        22       0.786632        3.18202        195.139        13.3831        12.2558        12.5939       -2155.08     /gpfs/hpu/EHT2/IHARM/MAD/MAD_a0_384x192x192_IHARM/m_1_1_40/image_a0_0022_163_0_230.e9_6.2e9_1.90889e+25_40.dat
        23       0.779463        3.48313        179.475        10.1082        5.05376        7.17338       -1458.98     /gpfs/hpu/EHT2/IHARM/MAD/MAD_a0_384x192x192_IHARM/m_1_1_40/image_a0_0023_163_0_230.e9_6.2e9_1.90889e+25_40.dat
        24       0.550202        3.55379        159.527         14.899        15.4656        15.0341       -2296.15     /gpfs/hpu/EHT2/IHARM/MAD/MAD_a0_384x192x192_IHARM/m_1_1_40/image_a0_0024_163_0_230.e9_6.2e9_1.90889e+25_40.dat
        25       0.481827        3.40082        153.142        4.43628        6.54508        5.55606       -1112.54     /gpfs/hpu/EHT2/IHARM/MAD/MAD_a0_384x192x192_IHARM/m_1_1_40/image_a0_0025_163_0_230.e9_6.2e9_1.90889e+25_40.dat
        26       0.477537        3.71822        182.737        18.9486        37.8574        29.2412       -4034.27     /gpfs/hpu/EHT2/IHARM/MAD/MAD_a0_384x192x192_IHARM/m_1_1_40/image_a0_0026_163_0_230.e9_6.2e9_1.90889e+25_40.dat
        27       0.532347        3.72747        177.793        19.9447        66.5307        45.6263       -6094.29     /gpfs/hpu/EHT2/IHARM/MAD/MAD_a0_384x192x192_IHARM/m_1_1_40/image_a0_0027_163_0_230.e9_6.2e9_1.90889e+25_40.dat
        28       0.758871        3.75775        35.5326        21.6819        31.3243        26.7852       -3935.52     /gpfs/hpu/EHT2/IHARM/MAD/MAD_a0_384x192x192_IHARM/m_1_1_40/image_a0_0028_163_0_230.e9_6.2e9_1.90889e+25_40.dat
        29       0.638434        3.27529        32.9499        21.1765        54.8295        39.6466       -5443.99     /gpfs/hpu/EHT2/IHARM/MAD/MAD_a0_384x192x192_IHARM/m_1_1_40/image_a0_0029_163_0_230.e9_6.2e9_1.90889e+25_40.dat
        30       0.627702        3.44607       -38.8822         11.227         34.908        24.2685       -3476.26     /gpfs/hpu/EHT2/IHARM/MAD/MAD_a0_384x192x192_IHARM/m_1_1_40/image_a0_0030_163_0_230.e9_6.2e9_1.90889e+25_40.dat
        31        1.12214        3.78087        67.3488        8.83118        38.9189        25.4667       -3717.76     /gpfs/hpu/EHT2/IHARM/MAD/MAD_a0_384x192x192_IHARM/m_1_1_40/image_a0_0031_163_0_230.e9_6.2e9_1.90889e+25_40.dat
        32       0.661681        3.27809         186.64        3.20185        7.16335         5.3675       -1192.75     /gpfs/hpu/EHT2/IHARM/MAD/MAD_a0_384x192x192_IHARM/m_1_1_40/image_a0_0032_163_0_230.e9_6.2e9_1.90889e+25_40.dat
        33        0.60361        3.29181        120.946        6.85138        23.0787        15.7982       -2635.45     /gpfs/hpu/EHT2/IHARM/MAD/MAD_a0_384x192x192_IHARM/m_1_1_40/image_a0_0033_163_0_230.e9_6.2e9_1.90889e+25_40.dat
        34       0.716275        3.37074        152.221        4.57926        45.2971        27.1814       -3924.49     /gpfs/hpu/EHT2/IHARM/MAD/MAD_a0_384x192x192_IHARM/m_1_1_40/image_a0_0034_163_0_230.e9_6.2e9_1.90889e+25_40.dat
        35       0.566817        3.53916            208        4.24312        11.3182        8.12871       -1431.68     /gpfs/hpu/EHT2/IHARM/MAD/MAD_a0_384x192x192_IHARM/m_1_1_40/image_a0_0035_163_0_230.e9_6.2e9_1.90889e+25_40.dat
        36       0.526307          3.618        221.326        6.98104         20.096        14.1944       -2215.58     /gpfs/hpu/EHT2/IHARM/MAD/MAD_a0_384x192x192_IHARM/m_1_1_40/image_a0_0036_163_0_230.e9_6.2e9_1.90889e+25_40.dat
        37       0.715611           3.79        224.295          4.438        14.2215        9.82833       -1778.11     /gpfs/hpu/EHT2/IHARM/MAD/MAD_a0_384x192x192_IHARM/m_1_1_40/image_a0_0037_163_0_230.e9_6.2e9_1.90889e+25_40.dat
        38       0.513585        3.53577        216.745         5.0903        5.60147        5.31317       -1080.61     /gpfs/hpu/EHT2/IHARM/MAD/MAD_a0_384x192x192_IHARM/m_1_1_40/image_a0_0038_163_0_230.e9_6.2e9_1.90889e+25_40.dat
        39       0.867309        3.34056        173.578        9.59235        12.6552        11.1806       -1991.02     /gpfs/hpu/EHT2/IHARM/MAD/MAD_a0_384x192x192_IHARM/m_1_1_40/image_a0_0039_163_0_230.e9_6.2e9_1.90889e+25_40.dat
        40       0.669017        3.42999        233.089        8.45033        10.2923        9.37306        -1700.6     /gpfs/hpu/EHT2/IHARM/MAD/MAD_a0_384x192x192_IHARM/m_1_1_40/image_a0_0040_163_0_230.e9_6.2e9_1.90889e+25_40.dat
        41       0.669331        3.40969        210.154        14.0509         9.2231        11.1945       -1901.23     /gpfs/hpu/EHT2/IHARM/MAD/MAD_a0_384x192x192_IHARM/m_1_1_40/image_a0_0041_163_0_230.e9_6.2e9_1.90889e+25_40.dat
        42       0.658159        2.96239        203.325        15.4119        11.6555        13.1352       -2154.05     /gpfs/hpu/EHT2/IHARM/MAD/MAD_a0_384x192x192_IHARM/m_1_1_40/image_a0_0042_163_0_230.e9_6.2e9_1.90889e+25_40.dat
        43       0.606142        3.47312        186.709        3.31832        12.5441        8.41191       -1571.44     /gpfs/hpu/EHT2/IHARM/MAD/MAD_a0_384x192x192_IHARM/m_1_1_40/image_a0_0043_163_0_230.e9_6.2e9_1.90889e+25_40.dat
        44       0.716903        3.42595        140.624        10.4941        8.59274        9.30913       -1663.61     /gpfs/hpu/EHT2/IHARM/MAD/MAD_a0_384x192x192_IHARM/m_1_1_40/image_a0_0044_163_0_230.e9_6.2e9_1.90889e+25_40.dat
        45       0.390623        3.44404          155.1        7.34837        5.94906        6.48083       -1188.28     /gpfs/hpu/EHT2/IHARM/MAD/MAD_a0_384x192x192_IHARM/m_1_1_40/image_a0_0045_163_0_230.e9_6.2e9_1.90889e+25_40.dat
        46       0.561869        3.72258        97.0965        5.46633        12.2814        9.19246       -1546.53     /gpfs/hpu/EHT2/IHARM/MAD/MAD_a0_384x192x192_IHARM/m_1_1_40/image_a0_0046_163_0_230.e9_6.2e9_1.90889e+25_40.dat
        47       0.560163        3.38693        136.707        19.3103         19.385        19.1182       -2833.32     /gpfs/hpu/EHT2/IHARM/MAD/MAD_a0_384x192x192_IHARM/m_1_1_40/image_a0_0047_163_0_230.e9_6.2e9_1.90889e+25_40.dat
        48       0.544869        3.64167        188.876        5.56524        30.1471        19.1766       -2866.07     /gpfs/hpu/EHT2/IHARM/MAD/MAD_a0_384x192x192_IHARM/m_1_1_40/image_a0_0048_163_0_230.e9_6.2e9_1.90889e+25_40.dat
        49       0.456071        3.22718        170.433        6.47615        3.68567        4.84504       -1006.58     /gpfs/hpu/EHT2/IHARM/MAD/MAD_a0_384x192x192_IHARM/m_1_1_40/image_a0_0049_163_0_230.e9_6.2e9_1.90889e+25_40.dat
        50       0.515222        3.48143        186.102        6.44643        14.2295        10.6993       -1850.58     /gpfs/hpu/EHT2/IHARM/MAD/MAD_a0_384x192x192_IHARM/m_1_1_40/image_a0_0050_163_0_230.e9_6.2e9_1.90889e+25_40.dat
        51       0.464994         3.4703          168.5        2.24978        13.1532        8.28978        -1460.2     /gpfs/hpu/EHT2/IHARM/MAD/MAD_a0_384x192x192_IHARM/m_1_1_40/image_a0_0051_163_0_230.e9_6.2e9_1.90889e+25_40.dat
        52       0.495617        3.25733        137.792        6.97634        18.3991        13.2481        -2189.7     /gpfs/hpu/EHT2/IHARM/MAD/MAD_a0_384x192x192_IHARM/m_1_1_40/image_a0_0052_163_0_230.e9_6.2e9_1.90889e+25_40.dat
        53       0.439376        3.42476        110.286        2.23626         7.3017        5.02788       -1015.31     /gpfs/hpu/EHT2/IHARM/MAD/MAD_a0_384x192x192_IHARM/m_1_1_40/image_a0_0053_163_0_230.e9_6.2e9_1.90889e+25_40.dat
        54       0.517317        3.35596        91.3346        5.40005        5.42666        5.34954       -1095.65     /gpfs/hpu/EHT2/IHARM/MAD/MAD_a0_384x192x192_IHARM/m_1_1_40/image_a0_0054_163_0_230.e9_6.2e9_1.90889e+25_40.dat
        55       0.559091        3.45172        86.9988        7.38052         22.282        15.5832       -2491.96     /gpfs/hpu/EHT2/IHARM/MAD/MAD_a0_384x192x192_IHARM/m_1_1_40/image_a0_0055_163_0_230.e9_6.2e9_1.90889e+25_40.dat
        56       0.826915        3.30608        260.754         12.709        49.7647         33.175       -4815.06     /gpfs/hpu/EHT2/IHARM/MAD/MAD_a0_384x192x192_IHARM/m_1_1_40/image_a0_0056_163_0_230.e9_6.2e9_1.90889e+25_40.dat
        57       0.652469        3.36473        125.135        10.7581        7.75819        8.95867       -1633.12     /gpfs/hpu/EHT2/IHARM/MAD/MAD_a0_384x192x192_IHARM/m_1_1_40/image_a0_0057_163_0_230.e9_6.2e9_1.90889e+25_40.dat
        58       0.547528        3.43893        103.893        6.11293        5.83403        5.88379       -1138.89     /gpfs/hpu/EHT2/IHARM/MAD/MAD_a0_384x192x192_IHARM/m_1_1_40/image_a0_0058_163_0_230.e9_6.2e9_1.90889e+25_40.dat
        59       0.675857        3.02542         163.86        4.07673        11.5201        8.16928       -1502.07     /gpfs/hpu/EHT2/IHARM/MAD/MAD_a0_384x192x192_IHARM/m_1_1_40/image_a0_0059_163_0_230.e9_6.2e9_1.90889e+25_40.dat
        60       0.535929         3.4466        161.968         3.0854        17.8808         11.281       -1915.56     /gpfs/hpu/EHT2/IHARM/MAD/MAD_a0_384x192x192_IHARM/m_1_1_40/image_a0_0060_163_0_230.e9_6.2e9_1.90889e+25_40.dat
        61       0.531988        3.30106        152.019        3.52994        16.3477        10.6197       -1834.41     /gpfs/hpu/EHT2/IHARM/MAD/MAD_a0_384x192x192_IHARM/m_1_1_40/image_a0_0061_163_0_230.e9_6.2e9_1.90889e+25_40.dat
        62        0.61005         3.7268        225.625        8.80467        38.7818         25.379       -3658.22     /gpfs/hpu/EHT2/IHARM/MAD/MAD_a0_384x192x192_IHARM/m_1_1_40/image_a0_0062_163_0_230.e9_6.2e9_1.90889e+25_40.dat
        63       0.575946        3.31216        275.565        4.38234        9.36275        7.10068       -1425.51     /gpfs/hpu/EHT2/IHARM/MAD/MAD_a0_384x192x192_IHARM/m_1_1_40/image_a0_0063_163_0_230.e9_6.2e9_1.90889e+25_40.dat
        64       0.676218        3.70263        249.171        7.66792        10.4384        9.11679       -3188.55     /gpfs/hpu/EHT2/IHARM/MAD/MAD_a0_384x192x192_IHARM/m_1_1_40/image_a0_0064_163_0_230.e9_6.2e9_1.90889e+25_40.dat
        65       0.591694        3.33358        268.545        3.41777        7.68271        5.74966       -1233.73     /gpfs/hpu/EHT2/IHARM/MAD/MAD_a0_384x192x192_IHARM/m_1_1_40/image_a0_0065_163_0_230.e9_6.2e9_1.90889e+25_40.dat
        66       0.546652         3.5027        242.333        10.8617        25.5075          18.88       -2884.23     /gpfs/hpu/EHT2/IHARM/MAD/MAD_a0_384x192x192_IHARM/m_1_1_40/image_a0_0066_163_0_230.e9_6.2e9_1.90889e+25_40.dat
        67       0.536146        3.73505         117.57        8.81838        23.9153        17.1124       -2616.18     /gpfs/hpu/EHT2/IHARM/MAD/MAD_a0_384x192x192_IHARM/m_1_1_40/image_a0_0067_163_0_230.e9_6.2e9_1.90889e+25_40.dat
        68       0.594141        3.21597        166.993        6.48334        18.8243         13.272       -2168.01     /gpfs/hpu/EHT2/IHARM/MAD/MAD_a0_384x192x192_IHARM/m_1_1_40/image_a0_0068_163_0_230.e9_6.2e9_1.90889e+25_40.dat
        69        0.55404        3.17533        148.027         9.1387        14.1883         11.838       -1977.42     /gpfs/hpu/EHT2/IHARM/MAD/MAD_a0_384x192x192_IHARM/m_1_1_40/image_a0_0069_163_0_230.e9_6.2e9_1.90889e+25_40.dat
        70       0.411208        3.36347        160.408        2.19585        3.53604        2.91504       -744.941     /gpfs/hpu/EHT2/IHARM/MAD/MAD_a0_384x192x192_IHARM/m_1_1_40/image_a0_0070_163_0_230.e9_6.2e9_1.90889e+25_40.dat
        71       0.643083        3.41079        168.839        3.94318        4.84876        4.39939       -1050.79     /gpfs/hpu/EHT2/IHARM/MAD/MAD_a0_384x192x192_IHARM/m_1_1_40/image_a0_0071_163_0_230.e9_6.2e9_1.90889e+25_40.dat
        72       0.566475        3.29503         153.24        8.15805        9.94141        9.05172       -1643.01     /gpfs/hpu/EHT2/IHARM/MAD/MAD_a0_384x192x192_IHARM/m_1_1_40/image_a0_0072_163_0_230.e9_6.2e9_1.90889e+25_40.dat
        73       0.677174        3.86465        169.546        7.86498        7.78132        7.72329       -1455.09     /gpfs/hpu/EHT2/IHARM/MAD/MAD_a0_384x192x192_IHARM/m_1_1_40/image_a0_0073_163_0_230.e9_6.2e9_1.90889e+25_40.dat
        74       0.455218        3.50438        168.658        2.27825        3.33819        2.84049        -773.12     /gpfs/hpu/EHT2/IHARM/MAD/MAD_a0_384x192x192_IHARM/m_1_1_40/image_a0_0074_163_0_230.e9_6.2e9_1.90889e+25_40.dat
        75       0.710393        3.29223        184.468        4.71165        12.3868        8.92552       -1642.77     /gpfs/hpu/EHT2/IHARM/MAD/MAD_a0_384x192x192_IHARM/m_1_1_40/image_a0_0075_163_0_230.e9_6.2e9_1.90889e+25_40.dat
        76       0.713523        3.06887        138.188         5.5944        11.9262        9.05005       -1664.02     /gpfs/hpu/EHT2/IHARM/MAD/MAD_a0_384x192x192_IHARM/m_1_1_40/image_a0_0076_163_0_230.e9_6.2e9_1.90889e+25_40.dat
        77       0.469214        3.67268         175.62        4.17126         5.1251        4.65157       -1005.57     /gpfs/hpu/EHT2/IHARM/MAD/MAD_a0_384x192x192_IHARM/m_1_1_40/image_a0_0077_163_0_230.e9_6.2e9_1.90889e+25_40.dat
        78       0.447496        3.66154        152.252        7.30801        6.59058        6.82039       -1218.71     /gpfs/hpu/EHT2/IHARM/MAD/MAD_a0_384x192x192_IHARM/m_1_1_40/image_a0_0078_163_0_230.e9_6.2e9_1.90889e+25_40.dat
        79         0.5625        3.82868        108.409        11.6025        18.8314        15.4847       -2330.41     /gpfs/hpu/EHT2/IHARM/MAD/MAD_a0_384x192x192_IHARM/m_1_1_40/image_a0_0079_163_0_230.e9_6.2e9_1.90889e+25_40.dat
        80       0.566454        3.51081        114.633        8.82479        11.6447        10.2872       -1762.75     /gpfs/hpu/EHT2/IHARM/MAD/MAD_a0_384x192x192_IHARM/m_1_1_40/image_a0_0080_163_0_230.e9_6.2e9_1.90889e+25_40.dat
        81       0.745526        3.85104        158.961        3.40427        4.05351        3.72436       -1015.88     /gpfs/hpu/EHT2/IHARM/MAD/MAD_a0_384x192x192_IHARM/m_1_1_40/image_a0_0081_163_0_230.e9_6.2e9_1.90889e+25_40.dat
        82       0.420665        3.44808        175.279        2.98964        6.92609        5.14392        -1098.8     /gpfs/hpu/EHT2/IHARM/MAD/MAD_a0_384x192x192_IHARM/m_1_1_40/image_a0_0082_163_0_230.e9_6.2e9_1.90889e+25_40.dat
        83       0.471309        3.39547        148.589        3.70792        5.53904        4.68199       -1003.49     /gpfs/hpu/EHT2/IHARM/MAD/MAD_a0_384x192x192_IHARM/m_1_1_40/image_a0_0083_163_0_230.e9_6.2e9_1.90889e+25_40.dat
        84       0.459262        3.47956        128.707         5.2126        12.4888        9.19839       -1649.58     /gpfs/hpu/EHT2/IHARM/MAD/MAD_a0_384x192x192_IHARM/m_1_1_40/image_a0_0084_163_0_230.e9_6.2e9_1.90889e+25_40.dat
        85       0.599432        3.30219        102.189        3.73399        4.49545        4.11254       -963.808     /gpfs/hpu/EHT2/IHARM/MAD/MAD_a0_384x192x192_IHARM/m_1_1_40/image_a0_0085_163_0_230.e9_6.2e9_1.90889e+25_40.dat
        86       0.495212        3.26854         41.834        8.38875        53.6538        33.4751       -5544.01     /gpfs/hpu/EHT2/IHARM/MAD/MAD_a0_384x192x192_IHARM/m_1_1_40/image_a0_0086_163_0_230.e9_6.2e9_1.90889e+25_40.dat
        87        0.77528        4.02586        108.782        11.6102        23.8992         18.308       -2752.57     /gpfs/hpu/EHT2/IHARM/MAD/MAD_a0_384x192x192_IHARM/m_1_1_40/image_a0_0087_163_0_230.e9_6.2e9_1.90889e+25_40.dat
        88        1.04065        4.37461        30.5847        26.2342        48.6241        38.3758       -6255.57     /gpfs/hpu/EHT2/IHARM/MAD/MAD_a0_384x192x192_IHARM/m_1_1_40/image_a0_0088_163_0_230.e9_6.2e9_1.90889e+25_40.dat
        89       0.715139        2.99208        149.629        6.85403        10.0602        8.55522       -1646.58     /gpfs/hpu/EHT2/IHARM/MAD/MAD_a0_384x192x192_IHARM/m_1_1_40/image_a0_0089_163_0_230.e9_6.2e9_1.90889e+25_40.dat
        90       0.524846        3.26631         90.868        6.61373        24.0248        16.2222        -2533.5     /gpfs/hpu/EHT2/IHARM/MAD/MAD_a0_384x192x192_IHARM/m_1_1_40/image_a0_0090_163_0_230.e9_6.2e9_1.90889e+25_40.dat
        91       0.740343         3.4951         -352.8        10.0741         26.947        19.3412        -3025.3     /gpfs/hpu/EHT2/IHARM/MAD/MAD_a0_384x192x192_IHARM/m_1_1_40/image_a0_0091_163_0_230.e9_6.2e9_1.90889e+25_40.dat
        92       0.955616        3.54344        -134.43        5.07625         46.269        27.9366        -4449.5     /gpfs/hpu/EHT2/IHARM/MAD/MAD_a0_384x192x192_IHARM/m_1_1_40/image_a0_0092_163_0_230.e9_6.2e9_1.90889e+25_40.dat
        93       0.830618        3.13453       -223.677        8.56381        33.8819        22.5485       -5376.89     /gpfs/hpu/EHT2/IHARM/MAD/MAD_a0_384x192x192_IHARM/m_1_1_40/image_a0_0093_163_0_230.e9_6.2e9_1.90889e+25_40.dat
        94       0.842704         3.2667       -237.418        9.52663        42.0923        27.5326       -4383.56     /gpfs/hpu/EHT2/IHARM/MAD/MAD_a0_384x192x192_IHARM/m_1_1_40/image_a0_0094_163_0_230.e9_6.2e9_1.90889e+25_40.dat
        95        1.37487        4.76021       -204.834        32.6987        56.9669        45.8072       -6455.01     /gpfs/hpu/EHT2/IHARM/MAD/MAD_a0_384x192x192_IHARM/m_1_1_40/image_a0_0095_163_0_230.e9_6.2e9_1.90889e+25_40.dat
        96       0.646319         3.7997       -166.344        13.3118        22.2331         18.115        -2754.4     /gpfs/hpu/EHT2/IHARM/MAD/MAD_a0_384x192x192_IHARM/m_1_1_40/image_a0_0096_163_0_230.e9_6.2e9_1.90889e+25_40.dat
        97       0.516887        3.45149       -163.589        6.74878        10.5237        8.76771       -1514.45     /gpfs/hpu/EHT2/IHARM/MAD/MAD_a0_384x192x192_IHARM/m_1_1_40/image_a0_0097_163_0_230.e9_6.2e9_1.90889e+25_40.dat
        98        0.50034        3.59008       -126.535        7.29992        11.5773        9.59177       -1577.77     /gpfs/hpu/EHT2/IHARM/MAD/MAD_a0_384x192x192_IHARM/m_1_1_40/image_a0_0098_163_0_230.e9_6.2e9_1.90889e+25_40.dat
        99        0.47956        3.74734       -152.445        9.79872        13.3598        11.6618        -1845.4     /gpfs/hpu/EHT2/IHARM/MAD/MAD_a0_384x192x192_IHARM/m_1_1_40/image_a0_0099_163_0_230.e9_6.2e9_1.90889e+25_40.dat
