   # Index         I (Jy)      M/D (uas)       PA (deg)  VA red. chisq  CP red. chisq     red. chisq     log-liklhd     FileName
         0         0.3943        3.75752       -245.047         2.2132        4.49221        3.45459       -872.214     /gpfs/hpu/EHT2020/sc_4/Ma0/m_1_1_10/image_Ma0_1000_163_0_230.e9_6.2e9_1.38107e+25_10_4.dat
         1       0.564678        4.05174       -120.167        9.54008        35.5431        23.8941       -3494.39     /gpfs/hpu/EHT2020/sc_4/Ma0/m_1_1_10/image_Ma0_1010_163_0_230.e9_6.2e9_1.38107e+25_10_4.dat
         2       0.384478        3.55536        -184.01        2.30776        5.84019        4.24547       -941.469     /gpfs/hpu/EHT2020/sc_4/Ma0/m_1_1_10/image_Ma0_1020_163_0_230.e9_6.2e9_1.38107e+25_10_4.dat
         3       0.572856        3.96228       -258.839         11.942        51.9824        34.0781       -5158.31     /gpfs/hpu/EHT2020/sc_4/Ma0/m_1_1_10/image_Ma0_1030_163_0_230.e9_6.2e9_1.38107e+25_10_4.dat
         4       0.400274        3.46692       -122.919        6.25651         6.0307        6.05517       -1144.09     /gpfs/hpu/EHT2020/sc_4/Ma0/m_1_1_10/image_Ma0_1040_163_0_230.e9_6.2e9_1.38107e+25_10_4.dat
         5       0.615793        3.36442       -169.559        5.26257        14.4056        10.2865       -1860.95     /gpfs/hpu/EHT2020/sc_4/Ma0/m_1_1_10/image_Ma0_1050_163_0_230.e9_6.2e9_1.38107e+25_10_4.dat
         6       0.719316        3.31542       -261.436        2.08515        10.5483        6.76927       -1367.76     /gpfs/hpu/EHT2020/sc_4/Ma0/m_1_1_10/image_Ma0_1060_163_0_230.e9_6.2e9_1.38107e+25_10_4.dat
         7       0.417642        3.30689       -99.0872        4.58301        7.76177         6.2964       -1184.04     /gpfs/hpu/EHT2020/sc_4/Ma0/m_1_1_10/image_Ma0_1070_163_0_230.e9_6.2e9_1.38107e+25_10_4.dat
         8       0.410646        3.38527       -165.281        6.07462         6.5412        6.26076       -1197.83     /gpfs/hpu/EHT2020/sc_4/Ma0/m_1_1_10/image_Ma0_1080_163_0_230.e9_6.2e9_1.38107e+25_10_4.dat
         9       0.617867         3.2858       -247.924        14.4325        30.9246         23.435       -3399.53     /gpfs/hpu/EHT2020/sc_4/Ma0/m_1_1_10/image_Ma0_1090_163_0_230.e9_6.2e9_1.38107e+25_10_4.dat
        10       0.692189        3.36803       -60.0549        7.15719        7.38646        7.19819       -1363.39     /gpfs/hpu/EHT2020/sc_4/Ma0/m_1_1_10/image_Ma0_1100_163_0_230.e9_6.2e9_1.38107e+25_10_4.dat
        11       0.596022        3.81313       -184.811        3.08002         13.395        8.78257       -1519.64     /gpfs/hpu/EHT2020/sc_4/Ma0/m_1_1_10/image_Ma0_1110_163_0_230.e9_6.2e9_1.38107e+25_10_4.dat
        12       0.622425        3.71572       -230.779        6.55382        26.7034        17.6868       -2857.85     /gpfs/hpu/EHT2020/sc_4/Ma0/m_1_1_10/image_Ma0_1120_163_0_230.e9_6.2e9_1.38107e+25_10_4.dat
        13       0.691367        3.60204       -282.812        12.5132         51.802        34.2242       -5166.62     /gpfs/hpu/EHT2020/sc_4/Ma0/m_1_1_10/image_Ma0_1130_163_0_230.e9_6.2e9_1.38107e+25_10_4.dat
        14       0.882701        3.90723       -259.633        8.21846        22.4838         16.057       -2732.56     /gpfs/hpu/EHT2020/sc_4/Ma0/m_1_1_10/image_Ma0_1140_163_0_230.e9_6.2e9_1.38107e+25_10_4.dat
        15       0.798152         3.6164       -322.932        12.7919         52.189        34.5597       -5097.06     /gpfs/hpu/EHT2020/sc_4/Ma0/m_1_1_10/image_Ma0_1150_163_0_230.e9_6.2e9_1.38107e+25_10_4.dat
        16       0.981089        3.70891       -305.868        4.54482        15.4633        10.5655       -1851.12     /gpfs/hpu/EHT2020/sc_4/Ma0/m_1_1_10/image_Ma0_1160_163_0_230.e9_6.2e9_1.38107e+25_10_4.dat
        17       0.497288        3.01262       -306.255        12.9752        30.5202        22.5812       -3208.35     /gpfs/hpu/EHT2020/sc_4/Ma0/m_1_1_10/image_Ma0_1170_163_0_230.e9_6.2e9_1.38107e+25_10_4.dat
        18       0.737593        1.79776        -324.33        73.7074        116.588        96.6768       -14663.5     /gpfs/hpu/EHT2020/sc_4/Ma0/m_1_1_10/image_Ma0_1180_163_0_230.e9_6.2e9_1.38107e+25_10_4.dat
        19        1.03104        3.27681       -318.673         5.4956        27.5455        17.6988       -2982.13     /gpfs/hpu/EHT2020/sc_4/Ma0/m_1_1_10/image_Ma0_1190_163_0_230.e9_6.2e9_1.38107e+25_10_4.dat
        20       0.965904        3.84768       -136.949        15.1662        42.5496        30.2203       -4935.14     /gpfs/hpu/EHT2020/sc_4/Ma0/m_1_1_10/image_Ma0_1200_163_0_230.e9_6.2e9_1.38107e+25_10_4.dat
        21       0.566632        3.71286       -211.568        8.27463        22.8587        16.2898       -2425.06     /gpfs/hpu/EHT2020/sc_4/Ma0/m_1_1_10/image_Ma0_1210_163_0_230.e9_6.2e9_1.38107e+25_10_4.dat
        22       0.775716        3.28718        -172.46        5.05886        4.27037        4.55891       -1122.38     /gpfs/hpu/EHT2020/sc_4/Ma0/m_1_1_10/image_Ma0_1220_163_0_230.e9_6.2e9_1.38107e+25_10_4.dat
        23       0.716808        3.57273       -182.056        5.27829        3.95703        4.47922       -1069.21     /gpfs/hpu/EHT2020/sc_4/Ma0/m_1_1_10/image_Ma0_1230_163_0_230.e9_6.2e9_1.38107e+25_10_4.dat
        24       0.583621        3.61923       -200.715        5.26335        7.77369        6.59656       -1240.58     /gpfs/hpu/EHT2020/sc_4/Ma0/m_1_1_10/image_Ma0_1240_163_0_230.e9_6.2e9_1.38107e+25_10_4.dat
        25       0.500142        3.48414       -202.444        3.61011        3.27473        3.37982       -809.115     /gpfs/hpu/EHT2020/sc_4/Ma0/m_1_1_10/image_Ma0_1250_163_0_230.e9_6.2e9_1.38107e+25_10_4.dat
        26       0.730424        3.80372       -177.711        28.3073        20.4508        23.5931       -3381.84     /gpfs/hpu/EHT2020/sc_4/Ma0/m_1_1_10/image_Ma0_1260_163_0_230.e9_6.2e9_1.38107e+25_10_4.dat
        27       0.687984         3.6776       -186.038        29.8639        58.1074        45.2188       -6064.42     /gpfs/hpu/EHT2020/sc_4/Ma0/m_1_1_10/image_Ma0_1270_163_0_230.e9_6.2e9_1.38107e+25_10_4.dat
        28        0.84875        3.73857        150.729         27.207        49.4236        39.2404       -5387.24     /gpfs/hpu/EHT2020/sc_4/Ma0/m_1_1_10/image_Ma0_1280_163_0_230.e9_6.2e9_1.38107e+25_10_4.dat
        29       0.727168        3.39676         31.765        30.6735        56.6631        44.7644       -6395.24     /gpfs/hpu/EHT2020/sc_4/Ma0/m_1_1_10/image_Ma0_1290_163_0_230.e9_6.2e9_1.38107e+25_10_4.dat
        30       0.545625        3.27076       -3.39142        13.5722         33.792        24.6594       -3925.82     /gpfs/hpu/EHT2020/sc_4/Ma0/m_1_1_10/image_Ma0_1300_163_0_230.e9_6.2e9_1.38107e+25_10_4.dat
        31       0.735609          3.264        175.565        11.8099        37.6309        26.0352        -4392.2     /gpfs/hpu/EHT2020/sc_4/Ma0/m_1_1_10/image_Ma0_1310_163_0_230.e9_6.2e9_1.38107e+25_10_4.dat
        32       0.944873        3.35886         166.38        4.20928        51.8886        30.6896       -4888.41     /gpfs/hpu/EHT2020/sc_4/Ma0/m_1_1_10/image_Ma0_1320_163_0_230.e9_6.2e9_1.38107e+25_10_4.dat
        33        0.61544        3.63583        227.249        5.41977        73.0307        42.9764       -6482.89     /gpfs/hpu/EHT2020/sc_4/Ma0/m_1_1_10/image_Ma0_1330_163_0_230.e9_6.2e9_1.38107e+25_10_4.dat
        34       0.793228        3.43533        224.947        5.43579        43.5874        26.5996       -3898.74     /gpfs/hpu/EHT2020/sc_4/Ma0/m_1_1_10/image_Ma0_1340_163_0_230.e9_6.2e9_1.38107e+25_10_4.dat
        35       0.581532        3.69148        223.429        4.99644        17.4335        11.8566       -1899.05     /gpfs/hpu/EHT2020/sc_4/Ma0/m_1_1_10/image_Ma0_1350_163_0_230.e9_6.2e9_1.38107e+25_10_4.dat
        36        0.42243        3.53589        235.931        10.6689        23.6435        17.7596       -2648.37     /gpfs/hpu/EHT2020/sc_4/Ma0/m_1_1_10/image_Ma0_1360_163_0_230.e9_6.2e9_1.38107e+25_10_4.dat
        37       0.803154        4.12121        229.822        8.85171        20.4064        15.1742       -2488.63     /gpfs/hpu/EHT2020/sc_4/Ma0/m_1_1_10/image_Ma0_1370_163_0_230.e9_6.2e9_1.38107e+25_10_4.dat
        38       0.518007        3.36335        300.898        4.73562        11.9786        8.70869       -1564.14     /gpfs/hpu/EHT2020/sc_4/Ma0/m_1_1_10/image_Ma0_1380_163_0_230.e9_6.2e9_1.38107e+25_10_4.dat
        39       0.673356         3.3655         252.57        2.30015        12.0519         7.6987       -1525.87     /gpfs/hpu/EHT2020/sc_4/Ma0/m_1_1_10/image_Ma0_1390_163_0_230.e9_6.2e9_1.38107e+25_10_4.dat
        40       0.540224        3.45169        239.583        5.02459        15.8273         10.975       -1797.45     /gpfs/hpu/EHT2020/sc_4/Ma0/m_1_1_10/image_Ma0_1400_163_0_230.e9_6.2e9_1.38107e+25_10_4.dat
        41       0.666042        3.55951        211.862        8.94771        13.6291        11.4444       -1927.71     /gpfs/hpu/EHT2020/sc_4/Ma0/m_1_1_10/image_Ma0_1410_163_0_230.e9_6.2e9_1.38107e+25_10_4.dat
        42       0.536213        3.12694        209.063        8.65171        7.56257          7.941       -1460.19     /gpfs/hpu/EHT2020/sc_4/Ma0/m_1_1_10/image_Ma0_1420_163_0_230.e9_6.2e9_1.38107e+25_10_4.dat
        43       0.455176        3.61406        193.234        2.58141        8.55307        5.87313       -1179.29     /gpfs/hpu/EHT2020/sc_4/Ma0/m_1_1_10/image_Ma0_1430_163_0_230.e9_6.2e9_1.38107e+25_10_4.dat
        44       0.558841        3.76841        184.885        5.84288        7.79305        6.85737       -1285.52     /gpfs/hpu/EHT2020/sc_4/Ma0/m_1_1_10/image_Ma0_1440_163_0_230.e9_6.2e9_1.38107e+25_10_4.dat
        45       0.399839        3.43888        152.363        6.64925        5.99361        6.20398       -1165.84     /gpfs/hpu/EHT2020/sc_4/Ma0/m_1_1_10/image_Ma0_1450_163_0_230.e9_6.2e9_1.38107e+25_10_4.dat
        46       0.421548        3.43049        143.411        6.45567        6.92801        6.64041       -1230.71     /gpfs/hpu/EHT2020/sc_4/Ma0/m_1_1_10/image_Ma0_1460_163_0_230.e9_6.2e9_1.38107e+25_10_4.dat
        47        0.37192        3.48508        132.267        16.0045        10.2113        12.5872       -1947.24     /gpfs/hpu/EHT2020/sc_4/Ma0/m_1_1_10/image_Ma0_1470_163_0_230.e9_6.2e9_1.38107e+25_10_4.dat
        48       0.531914        3.72305         191.88        4.46203        11.1394        8.12369       -1497.79     /gpfs/hpu/EHT2020/sc_4/Ma0/m_1_1_10/image_Ma0_1480_163_0_230.e9_6.2e9_1.38107e+25_10_4.dat
        49       0.406762        3.53197        133.851        4.25349        4.82348        4.51921        -937.19     /gpfs/hpu/EHT2020/sc_4/Ma0/m_1_1_10/image_Ma0_1490_163_0_230.e9_6.2e9_1.38107e+25_10_4.dat
        50       0.533254         3.6061        188.853        4.73389        8.71503        6.89194       -1371.77     /gpfs/hpu/EHT2020/sc_4/Ma0/m_1_1_10/image_Ma0_1500_163_0_230.e9_6.2e9_1.38107e+25_10_4.dat
        51       0.427544        3.61103        164.448        3.32377        9.15938         6.5308       -1241.09     /gpfs/hpu/EHT2020/sc_4/Ma0/m_1_1_10/image_Ma0_1510_163_0_230.e9_6.2e9_1.38107e+25_10_4.dat
        52       0.457494        3.41123        135.451         3.2336        11.0319        7.53386       -1419.87     /gpfs/hpu/EHT2020/sc_4/Ma0/m_1_1_10/image_Ma0_1520_163_0_230.e9_6.2e9_1.38107e+25_10_4.dat
        53       0.439651        3.66395        141.952        2.29572        4.01015        3.22195       -824.131     /gpfs/hpu/EHT2020/sc_4/Ma0/m_1_1_10/image_Ma0_1530_163_0_230.e9_6.2e9_1.38107e+25_10_4.dat
        54       0.484267        3.49698        93.2882         3.7494        5.33507        4.58639       -1013.12     /gpfs/hpu/EHT2020/sc_4/Ma0/m_1_1_10/image_Ma0_1540_163_0_230.e9_6.2e9_1.38107e+25_10_4.dat
        55       0.542306        3.54348        101.593        6.31656        20.0726        13.8947       -2258.22     /gpfs/hpu/EHT2020/sc_4/Ma0/m_1_1_10/image_Ma0_1550_163_0_230.e9_6.2e9_1.38107e+25_10_4.dat
        56       0.669663         3.8379       -17.8144        8.63944        30.4688        20.6819       -3197.53     /gpfs/hpu/EHT2020/sc_4/Ma0/m_1_1_10/image_Ma0_1560_163_0_230.e9_6.2e9_1.38107e+25_10_4.dat
        57       0.458278        3.55895        2.24126        12.3817        43.8628        29.7496       -4167.94     /gpfs/hpu/EHT2020/sc_4/Ma0/m_1_1_10/image_Ma0_1570_163_0_230.e9_6.2e9_1.38107e+25_10_4.dat
        58       0.759047        3.67656        106.362         4.3136        17.2921        11.4833       -1966.87     /gpfs/hpu/EHT2020/sc_4/Ma0/m_1_1_10/image_Ma0_1580_163_0_230.e9_6.2e9_1.38107e+25_10_4.dat
        59       0.576395        3.28693        126.032        10.7832        30.0089        21.3509       -3142.93     /gpfs/hpu/EHT2020/sc_4/Ma0/m_1_1_10/image_Ma0_1590_163_0_230.e9_6.2e9_1.38107e+25_10_4.dat
        60       0.582488        3.91202        215.736        4.59792        11.8728        8.59042       -1488.45     /gpfs/hpu/EHT2020/sc_4/Ma0/m_1_1_10/image_Ma0_1600_163_0_230.e9_6.2e9_1.38107e+25_10_4.dat
        61       0.644717        3.67768        266.095        5.99225        34.0124        21.5116       -3208.98     /gpfs/hpu/EHT2020/sc_4/Ma0/m_1_1_10/image_Ma0_1610_163_0_230.e9_6.2e9_1.38107e+25_10_4.dat
        62       0.443645        3.71652        226.432        9.20927        20.5878        15.4295       -2345.79     /gpfs/hpu/EHT2020/sc_4/Ma0/m_1_1_10/image_Ma0_1620_163_0_230.e9_6.2e9_1.38107e+25_10_4.dat
        63       0.488997        3.41996        286.927        2.99374        7.30428        5.35613       -1159.76     /gpfs/hpu/EHT2020/sc_4/Ma0/m_1_1_10/image_Ma0_1630_163_0_230.e9_6.2e9_1.38107e+25_10_4.dat
        64       0.590685        3.65985        257.639        7.44748        22.0813        15.5004       -2499.01     /gpfs/hpu/EHT2020/sc_4/Ma0/m_1_1_10/image_Ma0_1640_163_0_230.e9_6.2e9_1.38107e+25_10_4.dat
        65        0.56313        3.37867        272.215        3.11065        5.99335         4.6771       -1072.81     /gpfs/hpu/EHT2020/sc_4/Ma0/m_1_1_10/image_Ma0_1650_163_0_230.e9_6.2e9_1.38107e+25_10_4.dat
        66       0.557272        3.56114        243.934        8.50188        23.9325        16.9854       -2657.61     /gpfs/hpu/EHT2020/sc_4/Ma0/m_1_1_10/image_Ma0_1660_163_0_230.e9_6.2e9_1.38107e+25_10_4.dat
        67       0.342715        3.63748        118.682        8.72507        11.0861        9.93335       -1630.47     /gpfs/hpu/EHT2020/sc_4/Ma0/m_1_1_10/image_Ma0_1670_163_0_230.e9_6.2e9_1.38107e+25_10_4.dat
        68       0.662055        3.51092        176.768        2.52356        7.01483        4.99221       -1158.97     /gpfs/hpu/EHT2020/sc_4/Ma0/m_1_1_10/image_Ma0_1680_163_0_230.e9_6.2e9_1.38107e+25_10_4.dat
        69       0.615345        3.55274        104.854        5.69435        16.4353        11.6023       -1976.72     /gpfs/hpu/EHT2020/sc_4/Ma0/m_1_1_10/image_Ma0_1690_163_0_230.e9_6.2e9_1.38107e+25_10_4.dat
        70       0.434437        3.51913        164.216        1.69029        4.43758        3.19858        -799.84     /gpfs/hpu/EHT2020/sc_4/Ma0/m_1_1_10/image_Ma0_1700_163_0_230.e9_6.2e9_1.38107e+25_10_4.dat
        71       0.757412        3.48152        169.167        4.46508         10.043        7.51489       -1505.23     /gpfs/hpu/EHT2020/sc_4/Ma0/m_1_1_10/image_Ma0_1710_163_0_230.e9_6.2e9_1.38107e+25_10_4.dat
        72       0.466893        3.58505        169.188        7.25789        12.0519        9.83774       -1674.77     /gpfs/hpu/EHT2020/sc_4/Ma0/m_1_1_10/image_Ma0_1720_163_0_230.e9_6.2e9_1.38107e+25_10_4.dat
        73       0.735549        3.57109        127.626        7.85058        28.3085        19.1394       -3126.49     /gpfs/hpu/EHT2020/sc_4/Ma0/m_1_1_10/image_Ma0_1730_163_0_230.e9_6.2e9_1.38107e+25_10_4.dat
        74       0.492457        3.54929        159.489        4.93446        5.87375        5.39744       -1132.68     /gpfs/hpu/EHT2020/sc_4/Ma0/m_1_1_10/image_Ma0_1740_163_0_230.e9_6.2e9_1.38107e+25_10_4.dat
        75        1.01111        3.20263        168.391        9.21716        16.2793        13.0354       -2243.53     /gpfs/hpu/EHT2020/sc_4/Ma0/m_1_1_10/image_Ma0_1750_163_0_230.e9_6.2e9_1.38107e+25_10_4.dat
        76       0.536356        3.14622        126.371          5.733        14.1774        10.3626       -1938.63     /gpfs/hpu/EHT2020/sc_4/Ma0/m_1_1_10/image_Ma0_1760_163_0_230.e9_6.2e9_1.38107e+25_10_4.dat
        77       0.476911        3.68916        167.418        1.86668        3.78685        2.91258       -802.532     /gpfs/hpu/EHT2020/sc_4/Ma0/m_1_1_10/image_Ma0_1770_163_0_230.e9_6.2e9_1.38107e+25_10_4.dat
        78       0.491788        3.72509        150.952        5.17375        5.04646        5.04033       -1012.24     /gpfs/hpu/EHT2020/sc_4/Ma0/m_1_1_10/image_Ma0_1780_163_0_230.e9_6.2e9_1.38107e+25_10_4.dat
        79       0.523406         3.8878        106.636        7.95091        13.7946        11.1065       -1780.66     /gpfs/hpu/EHT2020/sc_4/Ma0/m_1_1_10/image_Ma0_1790_163_0_230.e9_6.2e9_1.38107e+25_10_4.dat
        80       0.513651        3.48217        125.149        6.36595        7.47768        6.90756       -1318.79     /gpfs/hpu/EHT2020/sc_4/Ma0/m_1_1_10/image_Ma0_1800_163_0_230.e9_6.2e9_1.38107e+25_10_4.dat
        81       0.668011        3.94094        164.768        4.38157        8.86823        6.82518       -1365.28     /gpfs/hpu/EHT2020/sc_4/Ma0/m_1_1_10/image_Ma0_1810_163_0_230.e9_6.2e9_1.38107e+25_10_4.dat
        82       0.477376        3.49867        166.643        3.52967        7.35581        5.61603       -1162.69     /gpfs/hpu/EHT2020/sc_4/Ma0/m_1_1_10/image_Ma0_1820_163_0_230.e9_6.2e9_1.38107e+25_10_4.dat
        83       0.448452        3.63102        162.371        2.90792        7.24913        5.28842       -1087.36     /gpfs/hpu/EHT2020/sc_4/Ma0/m_1_1_10/image_Ma0_1830_163_0_230.e9_6.2e9_1.38107e+25_10_4.dat
        84       0.437834        3.47854        116.151        6.07909         13.651        10.2189       -1765.47     /gpfs/hpu/EHT2020/sc_4/Ma0/m_1_1_10/image_Ma0_1840_163_0_230.e9_6.2e9_1.38107e+25_10_4.dat
        85        0.56665        3.47043        92.9805        3.07764         4.4988        3.83122       -935.343     /gpfs/hpu/EHT2020/sc_4/Ma0/m_1_1_10/image_Ma0_1850_163_0_230.e9_6.2e9_1.38107e+25_10_4.dat
        86       0.597609        3.41211        35.9612        5.09298        13.3286        9.61408       -1726.61     /gpfs/hpu/EHT2020/sc_4/Ma0/m_1_1_10/image_Ma0_1860_163_0_230.e9_6.2e9_1.38107e+25_10_4.dat
        87       0.604427        3.95631       -254.888        15.3031        20.9292        18.2486       -2810.54     /gpfs/hpu/EHT2020/sc_4/Ma0/m_1_1_10/image_Ma0_1870_163_0_230.e9_6.2e9_1.38107e+25_10_4.dat
        88        1.03256        4.16179       -297.759        16.1917        26.6831        21.8338        -4090.8     /gpfs/hpu/EHT2020/sc_4/Ma0/m_1_1_10/image_Ma0_1880_163_0_230.e9_6.2e9_1.38107e+25_10_4.dat
        89       0.587159        3.16146       -225.506        8.46583        13.5639        11.2002       -1908.08     /gpfs/hpu/EHT2020/sc_4/Ma0/m_1_1_10/image_Ma0_1890_163_0_230.e9_6.2e9_1.38107e+25_10_4.dat
        90       0.695395        3.63748       -346.857        6.29171        33.4942        21.3525       -3253.14     /gpfs/hpu/EHT2020/sc_4/Ma0/m_1_1_10/image_Ma0_1900_163_0_230.e9_6.2e9_1.38107e+25_10_4.dat
        91       0.578743        3.62547       -359.811        3.68852        15.3402        10.1275       -1767.43     /gpfs/hpu/EHT2020/sc_4/Ma0/m_1_1_10/image_Ma0_1910_163_0_230.e9_6.2e9_1.38107e+25_10_4.dat
        92       0.906619        4.03027        -147.32        4.73207         123.06        70.5184       -9507.47     /gpfs/hpu/EHT2020/sc_4/Ma0/m_1_1_10/image_Ma0_1920_163_0_230.e9_6.2e9_1.38107e+25_10_4.dat
        93       0.835873        3.77748       -317.112        15.7783        27.0028        21.8333       -3277.45     /gpfs/hpu/EHT2020/sc_4/Ma0/m_1_1_10/image_Ma0_1930_163_0_230.e9_6.2e9_1.38107e+25_10_4.dat
        94       0.786595        4.09054       -359.951        12.0001        59.9492        38.5363       -5293.26     /gpfs/hpu/EHT2020/sc_4/Ma0/m_1_1_10/image_Ma0_1940_163_0_230.e9_6.2e9_1.38107e+25_10_4.dat
        95        1.30421        6.02313       -330.208        74.3655        96.8723        85.9899       -12075.5     /gpfs/hpu/EHT2020/sc_4/Ma0/m_1_1_10/image_Ma0_1950_163_0_230.e9_6.2e9_1.38107e+25_10_4.dat
        96       0.567603        3.73863       -157.761        9.94687        23.6508        17.4521       -2710.16     /gpfs/hpu/EHT2020/sc_4/Ma0/m_1_1_10/image_Ma0_1960_163_0_230.e9_6.2e9_1.38107e+25_10_4.dat
        97       0.381649        3.49189       -144.533        10.4944        22.5714        17.0877       -2571.47     /gpfs/hpu/EHT2020/sc_4/Ma0/m_1_1_10/image_Ma0_1970_163_0_230.e9_6.2e9_1.38107e+25_10_4.dat
        98       0.404531        3.46459       -89.9567           4.57        8.49485        6.69871       -1254.65     /gpfs/hpu/EHT2020/sc_4/Ma0/m_1_1_10/image_Ma0_1980_163_0_230.e9_6.2e9_1.38107e+25_10_4.dat
        99       0.481958        3.80508       -153.714        8.22454        13.4005        11.0052       -1754.91     /gpfs/hpu/EHT2020/sc_4/Ma0/m_1_1_10/image_Ma0_1990_163_0_230.e9_6.2e9_1.38107e+25_10_4.dat
