   # Index         I (Jy)      M/D (uas)       PA (deg)  VA red. chisq  CP red. chisq     red. chisq     log-liklhd     FileName
         0        1.13462        3.04419       -126.002        12.1273        9.47885        10.5069       -2395.76     /gpfs/hpu/EHT2/IHARM/MAD/MAD_a-0.5_384x192x192_IHARM/m_1_1_10/image_a-0.5_0000_17_0_230.e9_6.2e9_1.59578e+25_10.dat
         1       0.823069        2.72107       -123.453        5.68421        4.61427        5.02008        -1100.6     /gpfs/hpu/EHT2/IHARM/MAD/MAD_a-0.5_384x192x192_IHARM/m_1_1_10/image_a-0.5_0001_17_0_230.e9_6.2e9_1.59578e+25_10.dat
         2        1.05835        3.95614       -231.013        23.0454        65.3829        46.3254       -6815.24     /gpfs/hpu/EHT2/IHARM/MAD/MAD_a-0.5_384x192x192_IHARM/m_1_1_10/image_a-0.5_0002_17_0_230.e9_6.2e9_1.59578e+25_10.dat
         3        1.57494        3.68041       -215.084        36.5512        30.6724        32.8378       -4686.76     /gpfs/hpu/EHT2/IHARM/MAD/MAD_a-0.5_384x192x192_IHARM/m_1_1_10/image_a-0.5_0003_17_0_230.e9_6.2e9_1.59578e+25_10.dat
         4        1.88884        3.87032        -224.93        10.8904        19.6973        15.6593       -2607.92     /gpfs/hpu/EHT2/IHARM/MAD/MAD_a-0.5_384x192x192_IHARM/m_1_1_10/image_a-0.5_0004_17_0_230.e9_6.2e9_1.59578e+25_10.dat
         5        1.64192        4.54807       -256.381        6.02968         54.671        33.0233       -4535.98     /gpfs/hpu/EHT2/IHARM/MAD/MAD_a-0.5_384x192x192_IHARM/m_1_1_10/image_a-0.5_0005_17_0_230.e9_6.2e9_1.59578e+25_10.dat
         6       0.829985        3.50549       -221.137         13.235        46.1347         31.382       -4694.32     /gpfs/hpu/EHT2/IHARM/MAD/MAD_a-0.5_384x192x192_IHARM/m_1_1_10/image_a-0.5_0006_17_0_230.e9_6.2e9_1.59578e+25_10.dat
         7       0.715378        3.29587       -171.268        5.34823        10.6857        8.25356        -1478.5     /gpfs/hpu/EHT2/IHARM/MAD/MAD_a-0.5_384x192x192_IHARM/m_1_1_10/image_a-0.5_0007_17_0_230.e9_6.2e9_1.59578e+25_10.dat
         8       0.634334        3.63627       -152.134        10.0441        8.31461        8.96022       -1538.25     /gpfs/hpu/EHT2/IHARM/MAD/MAD_a-0.5_384x192x192_IHARM/m_1_1_10/image_a-0.5_0008_17_0_230.e9_6.2e9_1.59578e+25_10.dat
         9        1.08166        3.95528       -110.912        5.41506         13.825        10.0293       -1779.16     /gpfs/hpu/EHT2/IHARM/MAD/MAD_a-0.5_384x192x192_IHARM/m_1_1_10/image_a-0.5_0009_17_0_230.e9_6.2e9_1.59578e+25_10.dat
        10       0.809755        3.29538       -62.8163        5.62185        4.99443        5.20472       -1106.48     /gpfs/hpu/EHT2/IHARM/MAD/MAD_a-0.5_384x192x192_IHARM/m_1_1_10/image_a-0.5_0010_17_0_230.e9_6.2e9_1.59578e+25_10.dat
        11         1.1489        3.34466       -96.4474        8.99538        22.7214        16.5244       -2796.47     /gpfs/hpu/EHT2/IHARM/MAD/MAD_a-0.5_384x192x192_IHARM/m_1_1_10/image_a-0.5_0011_17_0_230.e9_6.2e9_1.59578e+25_10.dat
        12       0.641364        3.22226        17.8879        13.9168        8.10857        10.5164       -1776.46     /gpfs/hpu/EHT2/IHARM/MAD/MAD_a-0.5_384x192x192_IHARM/m_1_1_10/image_a-0.5_0012_17_0_230.e9_6.2e9_1.59578e+25_10.dat
        13       0.679752        3.53591        44.0361        17.5078        62.9612        42.5886       -6302.12     /gpfs/hpu/EHT2/IHARM/MAD/MAD_a-0.5_384x192x192_IHARM/m_1_1_10/image_a-0.5_0013_17_0_230.e9_6.2e9_1.59578e+25_10.dat
        14        0.70429         3.2077        287.381        7.66402        17.7078        13.1602       -2043.39     /gpfs/hpu/EHT2/IHARM/MAD/MAD_a-0.5_384x192x192_IHARM/m_1_1_10/image_a-0.5_0014_17_0_230.e9_6.2e9_1.59578e+25_10.dat
        15        1.18936        3.12933        318.174        9.11845          57.23        35.7799       -5989.44     /gpfs/hpu/EHT2/IHARM/MAD/MAD_a-0.5_384x192x192_IHARM/m_1_1_10/image_a-0.5_0015_17_0_230.e9_6.2e9_1.59578e+25_10.dat
        16        1.66699         3.0036         328.88        5.53862        25.0392        16.3227       -2728.28     /gpfs/hpu/EHT2/IHARM/MAD/MAD_a-0.5_384x192x192_IHARM/m_1_1_10/image_a-0.5_0016_17_0_230.e9_6.2e9_1.59578e+25_10.dat
        17        1.17767        4.03744        292.546        23.4291        138.716        87.2972       -11414.5     /gpfs/hpu/EHT2/IHARM/MAD/MAD_a-0.5_384x192x192_IHARM/m_1_1_10/image_a-0.5_0017_17_0_230.e9_6.2e9_1.59578e+25_10.dat
        18       0.993767        3.63035        301.198        12.9387        37.2595        26.3155        -4221.2     /gpfs/hpu/EHT2/IHARM/MAD/MAD_a-0.5_384x192x192_IHARM/m_1_1_10/image_a-0.5_0018_17_0_230.e9_6.2e9_1.59578e+25_10.dat
        19        1.17035        3.82011        97.0652        12.4921        71.9166        45.4079       -6814.13     /gpfs/hpu/EHT2/IHARM/MAD/MAD_a-0.5_384x192x192_IHARM/m_1_1_10/image_a-0.5_0019_17_0_230.e9_6.2e9_1.59578e+25_10.dat
        20       0.823343        3.23205        307.493        8.50589        9.83284        9.14138       -1733.38     /gpfs/hpu/EHT2/IHARM/MAD/MAD_a-0.5_384x192x192_IHARM/m_1_1_10/image_a-0.5_0020_17_0_230.e9_6.2e9_1.59578e+25_10.dat
        21       0.616834        3.46487        359.997        5.18303        7.26885        6.28099       -1260.61     /gpfs/hpu/EHT2/IHARM/MAD/MAD_a-0.5_384x192x192_IHARM/m_1_1_10/image_a-0.5_0021_17_0_230.e9_6.2e9_1.59578e+25_10.dat
        22         1.1718        2.90393         332.47         9.2353        11.5394        10.4057       -1992.05     /gpfs/hpu/EHT2/IHARM/MAD/MAD_a-0.5_384x192x192_IHARM/m_1_1_10/image_a-0.5_0022_17_0_230.e9_6.2e9_1.59578e+25_10.dat
        23        0.45569        3.22231        309.305        21.0557        67.5379        46.6661       -6231.34     /gpfs/hpu/EHT2/IHARM/MAD/MAD_a-0.5_384x192x192_IHARM/m_1_1_10/image_a-0.5_0023_17_0_230.e9_6.2e9_1.59578e+25_10.dat
        24       0.576415        3.86971        76.8749         5.7833        16.1631        11.4892       -1884.64     /gpfs/hpu/EHT2/IHARM/MAD/MAD_a-0.5_384x192x192_IHARM/m_1_1_10/image_a-0.5_0024_17_0_230.e9_6.2e9_1.59578e+25_10.dat
        25       0.640502        3.50782        83.7947         2.7304        10.7582        7.16447        -1406.3     /gpfs/hpu/EHT2/IHARM/MAD/MAD_a-0.5_384x192x192_IHARM/m_1_1_10/image_a-0.5_0025_17_0_230.e9_6.2e9_1.59578e+25_10.dat
        26       0.864715        3.78544        139.867        5.93534         13.828        10.2554       -1777.44     /gpfs/hpu/EHT2/IHARM/MAD/MAD_a-0.5_384x192x192_IHARM/m_1_1_10/image_a-0.5_0026_17_0_230.e9_6.2e9_1.59578e+25_10.dat
        27       0.741064        3.47661        133.731        2.47483         6.2935         4.5698        -1047.9     /gpfs/hpu/EHT2/IHARM/MAD/MAD_a-0.5_384x192x192_IHARM/m_1_1_10/image_a-0.5_0027_17_0_230.e9_6.2e9_1.59578e+25_10.dat
        28       0.639815        3.75564        189.311        17.0184        46.5697        33.2564       -4564.36     /gpfs/hpu/EHT2/IHARM/MAD/MAD_a-0.5_384x192x192_IHARM/m_1_1_10/image_a-0.5_0028_17_0_230.e9_6.2e9_1.59578e+25_10.dat
        29       0.586463        3.88991        225.924        18.4493        13.6216        15.5398       -2345.48     /gpfs/hpu/EHT2/IHARM/MAD/MAD_a-0.5_384x192x192_IHARM/m_1_1_10/image_a-0.5_0029_17_0_230.e9_6.2e9_1.59578e+25_10.dat
        30       0.745235        3.09541        175.422        7.08885        8.13056        7.58276        -1471.4     /gpfs/hpu/EHT2/IHARM/MAD/MAD_a-0.5_384x192x192_IHARM/m_1_1_10/image_a-0.5_0030_17_0_230.e9_6.2e9_1.59578e+25_10.dat
        31       0.918093        3.69608        239.365        3.73698        16.7341        10.9241       -2318.73     /gpfs/hpu/EHT2/IHARM/MAD/MAD_a-0.5_384x192x192_IHARM/m_1_1_10/image_a-0.5_0031_17_0_230.e9_6.2e9_1.59578e+25_10.dat
        32        0.58128        3.59481        226.998        1.85464        7.43878        4.93951       -1099.08     /gpfs/hpu/EHT2/IHARM/MAD/MAD_a-0.5_384x192x192_IHARM/m_1_1_10/image_a-0.5_0032_17_0_230.e9_6.2e9_1.59578e+25_10.dat
        33       0.868888        3.84489          252.8        7.16903        15.2619        11.5856       -1999.46     /gpfs/hpu/EHT2/IHARM/MAD/MAD_a-0.5_384x192x192_IHARM/m_1_1_10/image_a-0.5_0033_17_0_230.e9_6.2e9_1.59578e+25_10.dat
        34       0.617768        3.51808        216.077        4.60132        8.11628        6.50157       -1241.23     /gpfs/hpu/EHT2/IHARM/MAD/MAD_a-0.5_384x192x192_IHARM/m_1_1_10/image_a-0.5_0034_17_0_230.e9_6.2e9_1.59578e+25_10.dat
        35       0.728654         3.6796        280.629        10.4045        7.96989        8.92388       -1572.83     /gpfs/hpu/EHT2/IHARM/MAD/MAD_a-0.5_384x192x192_IHARM/m_1_1_10/image_a-0.5_0035_17_0_230.e9_6.2e9_1.59578e+25_10.dat
        36       0.552325        3.36028        296.951        6.22684        4.63562        5.26608       -1091.54     /gpfs/hpu/EHT2/IHARM/MAD/MAD_a-0.5_384x192x192_IHARM/m_1_1_10/image_a-0.5_0036_17_0_230.e9_6.2e9_1.59578e+25_10.dat
        37       0.580772        3.59358        248.539        5.67104        10.3659        8.21491       -1471.01     /gpfs/hpu/EHT2/IHARM/MAD/MAD_a-0.5_384x192x192_IHARM/m_1_1_10/image_a-0.5_0037_17_0_230.e9_6.2e9_1.59578e+25_10.dat
        38       0.558556        3.56624        307.372        8.45017        5.39924        6.65026       -1274.44     /gpfs/hpu/EHT2/IHARM/MAD/MAD_a-0.5_384x192x192_IHARM/m_1_1_10/image_a-0.5_0038_17_0_230.e9_6.2e9_1.59578e+25_10.dat
        39       0.587304        3.50178        221.939        3.76221         8.9267        6.59049       -1260.35     /gpfs/hpu/EHT2/IHARM/MAD/MAD_a-0.5_384x192x192_IHARM/m_1_1_10/image_a-0.5_0039_17_0_230.e9_6.2e9_1.59578e+25_10.dat
        40       0.638888        3.51464        244.431        8.97896        20.2764        15.1568       -2406.02     /gpfs/hpu/EHT2/IHARM/MAD/MAD_a-0.5_384x192x192_IHARM/m_1_1_10/image_a-0.5_0040_17_0_230.e9_6.2e9_1.59578e+25_10.dat
        41       0.953344        3.91308        339.136        28.2772        179.401        112.028       -14566.6     /gpfs/hpu/EHT2/IHARM/MAD/MAD_a-0.5_384x192x192_IHARM/m_1_1_10/image_a-0.5_0041_17_0_230.e9_6.2e9_1.59578e+25_10.dat
        42       0.783675        3.52078        288.111        12.5134        56.1815        36.6612       -5217.81     /gpfs/hpu/EHT2/IHARM/MAD/MAD_a-0.5_384x192x192_IHARM/m_1_1_10/image_a-0.5_0042_17_0_230.e9_6.2e9_1.59578e+25_10.dat
        43       0.922896         3.1205        257.704        3.37003        7.47167        5.61163       -1163.57     /gpfs/hpu/EHT2/IHARM/MAD/MAD_a-0.5_384x192x192_IHARM/m_1_1_10/image_a-0.5_0043_17_0_230.e9_6.2e9_1.59578e+25_10.dat
        44       0.652166        3.18307        318.251        11.5323        39.9287         27.194       -3820.04     /gpfs/hpu/EHT2/IHARM/MAD/MAD_a-0.5_384x192x192_IHARM/m_1_1_10/image_a-0.5_0044_17_0_230.e9_6.2e9_1.59578e+25_10.dat
        45        0.70092        3.51616        317.428        10.6866        73.8273         45.692        -6651.1     /gpfs/hpu/EHT2/IHARM/MAD/MAD_a-0.5_384x192x192_IHARM/m_1_1_10/image_a-0.5_0045_17_0_230.e9_6.2e9_1.59578e+25_10.dat
        46       0.703662        3.56152        353.755        12.3194        25.3254        19.4076       -3085.08     /gpfs/hpu/EHT2/IHARM/MAD/MAD_a-0.5_384x192x192_IHARM/m_1_1_10/image_a-0.5_0046_17_0_230.e9_6.2e9_1.59578e+25_10.dat
        47       0.556516        3.57616        353.111        13.9376         55.245        36.7546       -5318.63     /gpfs/hpu/EHT2/IHARM/MAD/MAD_a-0.5_384x192x192_IHARM/m_1_1_10/image_a-0.5_0047_17_0_230.e9_6.2e9_1.59578e+25_10.dat
        48       0.757625        3.51101        359.735        9.10099        36.8872        24.4526       -3641.39     /gpfs/hpu/EHT2/IHARM/MAD/MAD_a-0.5_384x192x192_IHARM/m_1_1_10/image_a-0.5_0048_17_0_230.e9_6.2e9_1.59578e+25_10.dat
        49       0.639449         3.6591         303.98        10.0557        186.144        107.919       -13834.6     /gpfs/hpu/EHT2/IHARM/MAD/MAD_a-0.5_384x192x192_IHARM/m_1_1_10/image_a-0.5_0049_17_0_230.e9_6.2e9_1.59578e+25_10.dat
        50        1.56116        5.21612        275.356        41.1098         159.97        106.753       -14360.7     /gpfs/hpu/EHT2/IHARM/MAD/MAD_a-0.5_384x192x192_IHARM/m_1_1_10/image_a-0.5_0050_17_0_230.e9_6.2e9_1.59578e+25_10.dat
        51       0.719346        3.94607        105.456         7.0912        17.9904        13.0703       -2111.97     /gpfs/hpu/EHT2/IHARM/MAD/MAD_a-0.5_384x192x192_IHARM/m_1_1_10/image_a-0.5_0051_17_0_230.e9_6.2e9_1.59578e+25_10.dat
        52       0.769941        3.93237       -28.9698        18.7164        88.9675        57.5813       -7882.17     /gpfs/hpu/EHT2/IHARM/MAD/MAD_a-0.5_384x192x192_IHARM/m_1_1_10/image_a-0.5_0052_17_0_230.e9_6.2e9_1.59578e+25_10.dat
        53       0.505506        3.58632        55.3923        5.74826        22.5402        15.0226       -2379.01     /gpfs/hpu/EHT2/IHARM/MAD/MAD_a-0.5_384x192x192_IHARM/m_1_1_10/image_a-0.5_0053_17_0_230.e9_6.2e9_1.59578e+25_10.dat
        54         1.1029        3.51273        99.8859        7.13297        35.2995          22.72        -3574.1     /gpfs/hpu/EHT2/IHARM/MAD/MAD_a-0.5_384x192x192_IHARM/m_1_1_10/image_a-0.5_0054_17_0_230.e9_6.2e9_1.59578e+25_10.dat
        55       0.603529        3.91909        100.617        4.93647        36.6599        22.5293       -3660.97     /gpfs/hpu/EHT2/IHARM/MAD/MAD_a-0.5_384x192x192_IHARM/m_1_1_10/image_a-0.5_0055_17_0_230.e9_6.2e9_1.59578e+25_10.dat
        56       0.563408        3.67721       -7.76006        6.41013        35.5808        22.5647       -3328.45     /gpfs/hpu/EHT2/IHARM/MAD/MAD_a-0.5_384x192x192_IHARM/m_1_1_10/image_a-0.5_0056_17_0_230.e9_6.2e9_1.59578e+25_10.dat
        57       0.986407        3.96953        117.799        13.2932        63.4776        41.0576       -5930.86     /gpfs/hpu/EHT2/IHARM/MAD/MAD_a-0.5_384x192x192_IHARM/m_1_1_10/image_a-0.5_0057_17_0_230.e9_6.2e9_1.59578e+25_10.dat
        58       0.734346        3.57071         145.63        3.03126        50.1147        29.1943       -4179.68     /gpfs/hpu/EHT2/IHARM/MAD/MAD_a-0.5_384x192x192_IHARM/m_1_1_10/image_a-0.5_0058_17_0_230.e9_6.2e9_1.59578e+25_10.dat
        59        0.66158        3.72599       -73.7786        15.9536        50.1186        34.7718       -4771.67     /gpfs/hpu/EHT2/IHARM/MAD/MAD_a-0.5_384x192x192_IHARM/m_1_1_10/image_a-0.5_0059_17_0_230.e9_6.2e9_1.59578e+25_10.dat
        60       0.654763        4.00685       -62.5034        4.74026        27.2498        17.2084       -2578.03     /gpfs/hpu/EHT2/IHARM/MAD/MAD_a-0.5_384x192x192_IHARM/m_1_1_10/image_a-0.5_0060_17_0_230.e9_6.2e9_1.59578e+25_10.dat
        61         1.2606        4.38801       -74.5179         17.483        60.4382         41.174        -5858.4     /gpfs/hpu/EHT2/IHARM/MAD/MAD_a-0.5_384x192x192_IHARM/m_1_1_10/image_a-0.5_0061_17_0_230.e9_6.2e9_1.59578e+25_10.dat
        62       0.504326        3.77803        72.0831        8.26201        16.0309        12.4851       -2004.07     /gpfs/hpu/EHT2/IHARM/MAD/MAD_a-0.5_384x192x192_IHARM/m_1_1_10/image_a-0.5_0062_17_0_230.e9_6.2e9_1.59578e+25_10.dat
        63       0.525306        3.62369        98.2053        4.93682        8.89726        7.08089       -1424.78     /gpfs/hpu/EHT2/IHARM/MAD/MAD_a-0.5_384x192x192_IHARM/m_1_1_10/image_a-0.5_0063_17_0_230.e9_6.2e9_1.59578e+25_10.dat
        64       0.591233        3.78391        146.603        14.5688         12.111        13.0249       -2128.74     /gpfs/hpu/EHT2/IHARM/MAD/MAD_a-0.5_384x192x192_IHARM/m_1_1_10/image_a-0.5_0064_17_0_230.e9_6.2e9_1.59578e+25_10.dat
        65       0.628156        3.62199        158.441        9.99931        13.5338        11.8451       -1982.22     /gpfs/hpu/EHT2/IHARM/MAD/MAD_a-0.5_384x192x192_IHARM/m_1_1_10/image_a-0.5_0065_17_0_230.e9_6.2e9_1.59578e+25_10.dat
        66       0.735761        3.43739        174.811        6.56491        7.28786        6.88778       -1384.13     /gpfs/hpu/EHT2/IHARM/MAD/MAD_a-0.5_384x192x192_IHARM/m_1_1_10/image_a-0.5_0066_17_0_230.e9_6.2e9_1.59578e+25_10.dat
        67       0.600955        3.54804        220.879        3.29909        5.95607        4.73766       -1012.33     /gpfs/hpu/EHT2/IHARM/MAD/MAD_a-0.5_384x192x192_IHARM/m_1_1_10/image_a-0.5_0067_17_0_230.e9_6.2e9_1.59578e+25_10.dat
        68       0.714676        3.44808        260.014        20.5297        7.88195        13.2435       -2128.98     /gpfs/hpu/EHT2/IHARM/MAD/MAD_a-0.5_384x192x192_IHARM/m_1_1_10/image_a-0.5_0068_17_0_230.e9_6.2e9_1.59578e+25_10.dat
        69        0.66598        4.11241        313.197        3.13177        7.58084        5.56958       -1225.52     /gpfs/hpu/EHT2/IHARM/MAD/MAD_a-0.5_384x192x192_IHARM/m_1_1_10/image_a-0.5_0069_17_0_230.e9_6.2e9_1.59578e+25_10.dat
        70        0.61217        3.66582        332.455         14.836        10.1809        12.0662       -1985.61     /gpfs/hpu/EHT2/IHARM/MAD/MAD_a-0.5_384x192x192_IHARM/m_1_1_10/image_a-0.5_0070_17_0_230.e9_6.2e9_1.59578e+25_10.dat
        71       0.489186          3.261        353.679        7.58638         9.0656        8.31772       -1463.82     /gpfs/hpu/EHT2/IHARM/MAD/MAD_a-0.5_384x192x192_IHARM/m_1_1_10/image_a-0.5_0071_17_0_230.e9_6.2e9_1.59578e+25_10.dat
        72        0.56012        3.39038        359.993        11.1478        24.4462        18.4129       -2808.12     /gpfs/hpu/EHT2/IHARM/MAD/MAD_a-0.5_384x192x192_IHARM/m_1_1_10/image_a-0.5_0072_17_0_230.e9_6.2e9_1.59578e+25_10.dat
        73       0.712539        3.31065        300.541        18.5658        21.1128        19.7585       -3178.12     /gpfs/hpu/EHT2/IHARM/MAD/MAD_a-0.5_384x192x192_IHARM/m_1_1_10/image_a-0.5_0073_17_0_230.e9_6.2e9_1.59578e+25_10.dat
        74       0.412757        3.18639        317.952        10.5131        8.64332        9.34547        -1544.8     /gpfs/hpu/EHT2/IHARM/MAD/MAD_a-0.5_384x192x192_IHARM/m_1_1_10/image_a-0.5_0074_17_0_230.e9_6.2e9_1.59578e+25_10.dat
        75       0.483845        3.54719        359.987        6.76715        5.28624        5.86124       -1101.86     /gpfs/hpu/EHT2/IHARM/MAD/MAD_a-0.5_384x192x192_IHARM/m_1_1_10/image_a-0.5_0075_17_0_230.e9_6.2e9_1.59578e+25_10.dat
        76       0.601362         3.7872        296.581        5.43103        37.2898        23.0932       -3430.61     /gpfs/hpu/EHT2/IHARM/MAD/MAD_a-0.5_384x192x192_IHARM/m_1_1_10/image_a-0.5_0076_17_0_230.e9_6.2e9_1.59578e+25_10.dat
        77        0.71985        3.60889        287.066        7.51151        34.9198         22.672       -3379.35     /gpfs/hpu/EHT2/IHARM/MAD/MAD_a-0.5_384x192x192_IHARM/m_1_1_10/image_a-0.5_0077_17_0_230.e9_6.2e9_1.59578e+25_10.dat
        78        1.15856        4.54219        161.981        17.3486        54.8865        38.0267       -5627.08     /gpfs/hpu/EHT2/IHARM/MAD/MAD_a-0.5_384x192x192_IHARM/m_1_1_10/image_a-0.5_0078_17_0_230.e9_6.2e9_1.59578e+25_10.dat
        79        1.16045        4.25998        192.372        14.0817        60.7023        39.8535       -5522.95     /gpfs/hpu/EHT2/IHARM/MAD/MAD_a-0.5_384x192x192_IHARM/m_1_1_10/image_a-0.5_0079_17_0_230.e9_6.2e9_1.59578e+25_10.dat
        80       0.784239        3.72292        218.005        12.9136        38.1861        26.8203       -4390.15     /gpfs/hpu/EHT2/IHARM/MAD/MAD_a-0.5_384x192x192_IHARM/m_1_1_10/image_a-0.5_0080_17_0_230.e9_6.2e9_1.59578e+25_10.dat
        81        1.90206        5.66774         198.52        50.9386        52.7046        51.3051       -7455.12     /gpfs/hpu/EHT2/IHARM/MAD/MAD_a-0.5_384x192x192_IHARM/m_1_1_10/image_a-0.5_0081_17_0_230.e9_6.2e9_1.59578e+25_10.dat
        82       0.389485        3.70505        276.698        47.2159        62.8268        55.3315        -9561.2     /gpfs/hpu/EHT2/IHARM/MAD/MAD_a-0.5_384x192x192_IHARM/m_1_1_10/image_a-0.5_0082_17_0_230.e9_6.2e9_1.59578e+25_10.dat
        83       0.492076        3.51458        282.265        23.9859        36.2039        30.4945       -4247.01     /gpfs/hpu/EHT2/IHARM/MAD/MAD_a-0.5_384x192x192_IHARM/m_1_1_10/image_a-0.5_0083_17_0_230.e9_6.2e9_1.59578e+25_10.dat
        84       0.666338        3.80041        270.203        3.71544        35.8953         21.577        -3113.6     /gpfs/hpu/EHT2/IHARM/MAD/MAD_a-0.5_384x192x192_IHARM/m_1_1_10/image_a-0.5_0084_17_0_230.e9_6.2e9_1.59578e+25_10.dat
        85       0.539493        3.50363        314.136        18.8416        34.3404         27.238       -3834.61     /gpfs/hpu/EHT2/IHARM/MAD/MAD_a-0.5_384x192x192_IHARM/m_1_1_10/image_a-0.5_0085_17_0_230.e9_6.2e9_1.59578e+25_10.dat
        86        0.50223         3.8443        326.752        12.0135        26.6522        20.0139       -2889.47     /gpfs/hpu/EHT2/IHARM/MAD/MAD_a-0.5_384x192x192_IHARM/m_1_1_10/image_a-0.5_0086_17_0_230.e9_6.2e9_1.59578e+25_10.dat
        87        1.64283        4.93037        296.092        25.9638        27.0532        26.2559       -4424.84     /gpfs/hpu/EHT2/IHARM/MAD/MAD_a-0.5_384x192x192_IHARM/m_1_1_10/image_a-0.5_0087_17_0_230.e9_6.2e9_1.59578e+25_10.dat
        88       0.837115        3.90199        313.665        5.15512        30.1832        19.0197       -2862.98     /gpfs/hpu/EHT2/IHARM/MAD/MAD_a-0.5_384x192x192_IHARM/m_1_1_10/image_a-0.5_0088_17_0_230.e9_6.2e9_1.59578e+25_10.dat
        89       0.563626        3.37596        359.979        7.79904        18.5381        13.6805       -2116.87     /gpfs/hpu/EHT2/IHARM/MAD/MAD_a-0.5_384x192x192_IHARM/m_1_1_10/image_a-0.5_0089_17_0_230.e9_6.2e9_1.59578e+25_10.dat
        90       0.468377        3.39574         306.89        8.92945        12.9367        11.0513       -1861.52     /gpfs/hpu/EHT2/IHARM/MAD/MAD_a-0.5_384x192x192_IHARM/m_1_1_10/image_a-0.5_0090_17_0_230.e9_6.2e9_1.59578e+25_10.dat
        91        0.61764        3.45271        357.934        2.46134        7.91484        5.46618       -1168.68     /gpfs/hpu/EHT2/IHARM/MAD/MAD_a-0.5_384x192x192_IHARM/m_1_1_10/image_a-0.5_0091_17_0_230.e9_6.2e9_1.59578e+25_10.dat
        92       0.654995        3.38999        346.343        8.87964        22.0925        16.1245          -2580     /gpfs/hpu/EHT2/IHARM/MAD/MAD_a-0.5_384x192x192_IHARM/m_1_1_10/image_a-0.5_0092_17_0_230.e9_6.2e9_1.59578e+25_10.dat
        93       0.414558        3.34073        359.998        8.47276        30.7008        20.7391       -3022.11     /gpfs/hpu/EHT2/IHARM/MAD/MAD_a-0.5_384x192x192_IHARM/m_1_1_10/image_a-0.5_0093_17_0_230.e9_6.2e9_1.59578e+25_10.dat
        94       0.464599        3.33023        359.598        6.43583        10.8788        8.83029       -1544.03     /gpfs/hpu/EHT2/IHARM/MAD/MAD_a-0.5_384x192x192_IHARM/m_1_1_10/image_a-0.5_0094_17_0_230.e9_6.2e9_1.59578e+25_10.dat
        95       0.518443        3.53304        359.924        14.5708        21.9216        18.4849       -2765.31     /gpfs/hpu/EHT2/IHARM/MAD/MAD_a-0.5_384x192x192_IHARM/m_1_1_10/image_a-0.5_0095_17_0_230.e9_6.2e9_1.59578e+25_10.dat
        96       0.481461        3.72356        99.7185        12.0257        14.3405        13.1683       -2100.13     /gpfs/hpu/EHT2/IHARM/MAD/MAD_a-0.5_384x192x192_IHARM/m_1_1_10/image_a-0.5_0096_17_0_230.e9_6.2e9_1.59578e+25_10.dat
        97       0.462478         4.0815        175.551        4.93625        36.4704        22.4237       -3281.08     /gpfs/hpu/EHT2/IHARM/MAD/MAD_a-0.5_384x192x192_IHARM/m_1_1_10/image_a-0.5_0097_17_0_230.e9_6.2e9_1.59578e+25_10.dat
        98       0.719581        3.76679        241.819        3.80849        29.6577        18.1463        -2839.7     /gpfs/hpu/EHT2/IHARM/MAD/MAD_a-0.5_384x192x192_IHARM/m_1_1_10/image_a-0.5_0098_17_0_230.e9_6.2e9_1.59578e+25_10.dat
        99        0.69262        3.72361        200.875        12.2149        24.9401        19.1481       -2943.12     /gpfs/hpu/EHT2/IHARM/MAD/MAD_a-0.5_384x192x192_IHARM/m_1_1_10/image_a-0.5_0099_17_0_230.e9_6.2e9_1.59578e+25_10.dat
