   # Index         I (Jy)      M/D (uas)       PA (deg)  VA red. chisq  CP red. chisq     red. chisq     log-liklhd     FileName
         0       0.787255        4.85976        333.777        28.1641        13.1821        19.4867       -2912.11     /gpfs/hpu/EHT2/IHARM/MAD/MAD_a-0.94_384x192x192_IHARM/m_1_1_160/image_a-0.94_0000_17_0_230.e9_6.2e9_4.52111e+25_160.dat
         1        1.25099        7.18483        312.052        12.9065        40.5184        28.1151       -4012.09     /gpfs/hpu/EHT2/IHARM/MAD/MAD_a-0.94_384x192x192_IHARM/m_1_1_160/image_a-0.94_0001_17_0_230.e9_6.2e9_4.52111e+25_160.dat
         2        0.48228        3.36062        346.923         9.9164        11.6521        10.7623       -1784.19     /gpfs/hpu/EHT2/IHARM/MAD/MAD_a-0.94_384x192x192_IHARM/m_1_1_160/image_a-0.94_0002_17_0_230.e9_6.2e9_4.52111e+25_160.dat
         3       0.935312        3.60692        291.557        11.6282        42.5506        28.6943       -4198.31     /gpfs/hpu/EHT2/IHARM/MAD/MAD_a-0.94_384x192x192_IHARM/m_1_1_160/image_a-0.94_0003_17_0_230.e9_6.2e9_4.52111e+25_160.dat
         4       0.498022        3.75471        312.446        4.31744        12.2104        8.65725       -1592.98     /gpfs/hpu/EHT2/IHARM/MAD/MAD_a-0.94_384x192x192_IHARM/m_1_1_160/image_a-0.94_0004_17_0_230.e9_6.2e9_4.52111e+25_160.dat
         5       0.487432        4.00272        274.325        4.21576        7.91371        6.22249       -1185.47     /gpfs/hpu/EHT2/IHARM/MAD/MAD_a-0.94_384x192x192_IHARM/m_1_1_160/image_a-0.94_0005_17_0_230.e9_6.2e9_4.52111e+25_160.dat
         6       0.514102        3.57008        334.732        4.63287        6.67496        5.71315       -1173.43     /gpfs/hpu/EHT2/IHARM/MAD/MAD_a-0.94_384x192x192_IHARM/m_1_1_160/image_a-0.94_0006_17_0_230.e9_6.2e9_4.52111e+25_160.dat
         7        0.63527        3.36631        302.086        1.77204        3.93304         2.9531       -839.333     /gpfs/hpu/EHT2/IHARM/MAD/MAD_a-0.94_384x192x192_IHARM/m_1_1_160/image_a-0.94_0007_17_0_230.e9_6.2e9_4.52111e+25_160.dat
         8       0.738422        3.66526        213.974         6.1727         18.321        12.8579       -2053.53     /gpfs/hpu/EHT2/IHARM/MAD/MAD_a-0.94_384x192x192_IHARM/m_1_1_160/image_a-0.94_0008_17_0_230.e9_6.2e9_4.52111e+25_160.dat
         9       0.409892        3.77695        222.857        3.98587        8.43967        6.41598       -1165.43     /gpfs/hpu/EHT2/IHARM/MAD/MAD_a-0.94_384x192x192_IHARM/m_1_1_160/image_a-0.94_0009_17_0_230.e9_6.2e9_4.52111e+25_160.dat
        10        0.58661        3.66636        289.607        12.0532        10.7775        11.1975       -1861.65     /gpfs/hpu/EHT2/IHARM/MAD/MAD_a-0.94_384x192x192_IHARM/m_1_1_160/image_a-0.94_0010_17_0_230.e9_6.2e9_4.52111e+25_160.dat
        11       0.841249        4.48191        203.831        10.2628        47.0029        30.5827       -4280.72     /gpfs/hpu/EHT2/IHARM/MAD/MAD_a-0.94_384x192x192_IHARM/m_1_1_160/image_a-0.94_0011_17_0_230.e9_6.2e9_4.52111e+25_160.dat
        12       0.547667        3.61786        289.841        4.32089        8.18743        6.42017       -1304.27     /gpfs/hpu/EHT2/IHARM/MAD/MAD_a-0.94_384x192x192_IHARM/m_1_1_160/image_a-0.94_0012_17_0_230.e9_6.2e9_4.52111e+25_160.dat
        13       0.619409        4.18642        335.524         2.5501        4.04719        3.35231       -884.247     /gpfs/hpu/EHT2/IHARM/MAD/MAD_a-0.94_384x192x192_IHARM/m_1_1_160/image_a-0.94_0013_17_0_230.e9_6.2e9_4.52111e+25_160.dat
        14       0.610935        3.89718        319.799        4.56771        6.99133        5.86108       -1244.61     /gpfs/hpu/EHT2/IHARM/MAD/MAD_a-0.94_384x192x192_IHARM/m_1_1_160/image_a-0.94_0014_17_0_230.e9_6.2e9_4.52111e+25_160.dat
        15       0.642087        3.81785         300.98        7.16584        10.1452        8.73701       -1512.34     /gpfs/hpu/EHT2/IHARM/MAD/MAD_a-0.94_384x192x192_IHARM/m_1_1_160/image_a-0.94_0015_17_0_230.e9_6.2e9_4.52111e+25_160.dat
        16       0.512651        3.90066        243.662         4.6546         12.374        8.89377       -1505.93     /gpfs/hpu/EHT2/IHARM/MAD/MAD_a-0.94_384x192x192_IHARM/m_1_1_160/image_a-0.94_0016_17_0_230.e9_6.2e9_4.52111e+25_160.dat
        17       0.503628        3.56969        292.415        4.25158        14.2293         9.7523       -1643.77     /gpfs/hpu/EHT2/IHARM/MAD/MAD_a-0.94_384x192x192_IHARM/m_1_1_160/image_a-0.94_0017_17_0_230.e9_6.2e9_4.52111e+25_160.dat
        18       0.525868        3.50441        305.706        12.9176        11.8546        12.1698        -1921.6     /gpfs/hpu/EHT2/IHARM/MAD/MAD_a-0.94_384x192x192_IHARM/m_1_1_160/image_a-0.94_0018_17_0_230.e9_6.2e9_4.52111e+25_160.dat
        19       0.537956        4.03596        332.778        5.92349        8.64191        7.36451       -1323.19     /gpfs/hpu/EHT2/IHARM/MAD/MAD_a-0.94_384x192x192_IHARM/m_1_1_160/image_a-0.94_0019_17_0_230.e9_6.2e9_4.52111e+25_160.dat
        20        0.62028        4.03554        344.077         7.0302        7.63724        7.28294       -1353.62     /gpfs/hpu/EHT2/IHARM/MAD/MAD_a-0.94_384x192x192_IHARM/m_1_1_160/image_a-0.94_0020_17_0_230.e9_6.2e9_4.52111e+25_160.dat
        21        0.82095        3.33431        121.257        10.9399        34.7191        24.0395        -3570.4     /gpfs/hpu/EHT2/IHARM/MAD/MAD_a-0.94_384x192x192_IHARM/m_1_1_160/image_a-0.94_0021_17_0_230.e9_6.2e9_4.52111e+25_160.dat
        22       0.642137        4.13457        -87.557        3.85127        8.99739        6.66825       -1244.89     /gpfs/hpu/EHT2/IHARM/MAD/MAD_a-0.94_384x192x192_IHARM/m_1_1_160/image_a-0.94_0022_17_0_230.e9_6.2e9_4.52111e+25_160.dat
        23        0.52393        4.22361       -74.4806        3.50995        6.74592        5.26815       -1040.52     /gpfs/hpu/EHT2/IHARM/MAD/MAD_a-0.94_384x192x192_IHARM/m_1_1_160/image_a-0.94_0023_17_0_230.e9_6.2e9_4.52111e+25_160.dat
        24        0.53247        3.48904       -1.24496        3.84825        13.5141         9.1803       -1642.34     /gpfs/hpu/EHT2/IHARM/MAD/MAD_a-0.94_384x192x192_IHARM/m_1_1_160/image_a-0.94_0024_17_0_230.e9_6.2e9_4.52111e+25_160.dat
        25       0.517886        3.70492       -82.1723        5.34696        7.00992        6.20764       -1200.48     /gpfs/hpu/EHT2/IHARM/MAD/MAD_a-0.94_384x192x192_IHARM/m_1_1_160/image_a-0.94_0025_17_0_230.e9_6.2e9_4.52111e+25_160.dat
        26       0.788774        3.47439       -32.2881        23.0517        8.25954        14.5417       -2328.26     /gpfs/hpu/EHT2/IHARM/MAD/MAD_a-0.94_384x192x192_IHARM/m_1_1_160/image_a-0.94_0026_17_0_230.e9_6.2e9_4.52111e+25_160.dat
        27       0.693956        3.52229       -42.7358        3.37591        7.01414        5.35957       -1139.59     /gpfs/hpu/EHT2/IHARM/MAD/MAD_a-0.94_384x192x192_IHARM/m_1_1_160/image_a-0.94_0027_17_0_230.e9_6.2e9_4.52111e+25_160.dat
        28       0.553714        3.70922       -33.1193        11.5403        19.8936        16.0489       -2554.85     /gpfs/hpu/EHT2/IHARM/MAD/MAD_a-0.94_384x192x192_IHARM/m_1_1_160/image_a-0.94_0028_17_0_230.e9_6.2e9_4.52111e+25_160.dat
        29       0.620113        3.87385       -56.1707         8.6839        14.3901        11.7541        -1854.8     /gpfs/hpu/EHT2/IHARM/MAD/MAD_a-0.94_384x192x192_IHARM/m_1_1_160/image_a-0.94_0029_17_0_230.e9_6.2e9_4.52111e+25_160.dat
        30        1.02054        3.73111       -38.9895        4.72816        21.6066         14.063       -2385.07     /gpfs/hpu/EHT2/IHARM/MAD/MAD_a-0.94_384x192x192_IHARM/m_1_1_160/image_a-0.94_0030_17_0_230.e9_6.2e9_4.52111e+25_160.dat
        31        0.51767        4.02795       -86.8242        3.82517        3.38696        3.53506       -841.194     /gpfs/hpu/EHT2/IHARM/MAD/MAD_a-0.94_384x192x192_IHARM/m_1_1_160/image_a-0.94_0031_17_0_230.e9_6.2e9_4.52111e+25_160.dat
        32       0.362677        3.55376       -107.146        4.98176        9.71671        7.55627       -1321.44     /gpfs/hpu/EHT2/IHARM/MAD/MAD_a-0.94_384x192x192_IHARM/m_1_1_160/image_a-0.94_0032_17_0_230.e9_6.2e9_4.52111e+25_160.dat
        33       0.659763        3.55835       -14.1563        8.37004        8.52073        8.35264       -1543.29     /gpfs/hpu/EHT2/IHARM/MAD/MAD_a-0.94_384x192x192_IHARM/m_1_1_160/image_a-0.94_0033_17_0_230.e9_6.2e9_4.52111e+25_160.dat
        34       0.520856        3.74675       -29.6236        12.5748        9.11258        10.4961       -1710.34     /gpfs/hpu/EHT2/IHARM/MAD/MAD_a-0.94_384x192x192_IHARM/m_1_1_160/image_a-0.94_0034_17_0_230.e9_6.2e9_4.52111e+25_160.dat
        35       0.707822        3.66069       -24.3108        5.12543        9.17653        7.31767       -1386.14     /gpfs/hpu/EHT2/IHARM/MAD/MAD_a-0.94_384x192x192_IHARM/m_1_1_160/image_a-0.94_0035_17_0_230.e9_6.2e9_4.52111e+25_160.dat
        36        1.09534        3.68974      -0.847675        19.0133        10.0065        13.7714       -2265.79     /gpfs/hpu/EHT2/IHARM/MAD/MAD_a-0.94_384x192x192_IHARM/m_1_1_160/image_a-0.94_0036_17_0_230.e9_6.2e9_4.52111e+25_160.dat
        37        0.69138        3.76379       -88.6691        5.42311         16.809        11.6932       -1974.35     /gpfs/hpu/EHT2/IHARM/MAD/MAD_a-0.94_384x192x192_IHARM/m_1_1_160/image_a-0.94_0037_17_0_230.e9_6.2e9_4.52111e+25_160.dat
        38        0.60982        3.28699        37.4282        11.8378        8.95159        10.0886       -1745.02     /gpfs/hpu/EHT2/IHARM/MAD/MAD_a-0.94_384x192x192_IHARM/m_1_1_160/image_a-0.94_0038_17_0_230.e9_6.2e9_4.52111e+25_160.dat
        39       0.736945        4.22714       -62.3253        3.15692        13.3606         8.7966       -1557.49     /gpfs/hpu/EHT2/IHARM/MAD/MAD_a-0.94_384x192x192_IHARM/m_1_1_160/image_a-0.94_0039_17_0_230.e9_6.2e9_4.52111e+25_160.dat
        40        0.63897        4.45701       -18.9062        21.1163        35.4082        28.8136       -4016.77     /gpfs/hpu/EHT2/IHARM/MAD/MAD_a-0.94_384x192x192_IHARM/m_1_1_160/image_a-0.94_0040_17_0_230.e9_6.2e9_4.52111e+25_160.dat
        41       0.528501        4.04783       -39.5313        4.43887        5.13843        4.77445       -977.511     /gpfs/hpu/EHT2/IHARM/MAD/MAD_a-0.94_384x192x192_IHARM/m_1_1_160/image_a-0.94_0041_17_0_230.e9_6.2e9_4.52111e+25_160.dat
        42       0.819473        4.20087       -41.5739        15.9625        12.8055        14.0127       -2143.89     /gpfs/hpu/EHT2/IHARM/MAD/MAD_a-0.94_384x192x192_IHARM/m_1_1_160/image_a-0.94_0042_17_0_230.e9_6.2e9_4.52111e+25_160.dat
        43       0.705949        3.95584       -33.9008        5.99146        6.44006        6.16861       -1187.03     /gpfs/hpu/EHT2/IHARM/MAD/MAD_a-0.94_384x192x192_IHARM/m_1_1_160/image_a-0.94_0043_17_0_230.e9_6.2e9_4.52111e+25_160.dat
        44       0.628115        3.39939       -78.0056        5.04161        9.13876        7.26049       -1458.05     /gpfs/hpu/EHT2/IHARM/MAD/MAD_a-0.94_384x192x192_IHARM/m_1_1_160/image_a-0.94_0044_17_0_230.e9_6.2e9_4.52111e+25_160.dat
        45       0.563078        3.56436       -57.7262        6.36349        20.7741        14.3053       -2245.76     /gpfs/hpu/EHT2/IHARM/MAD/MAD_a-0.94_384x192x192_IHARM/m_1_1_160/image_a-0.94_0045_17_0_230.e9_6.2e9_4.52111e+25_160.dat
        46       0.805326        3.46856        -42.522        2.42997         11.523        7.46038       -1464.22     /gpfs/hpu/EHT2/IHARM/MAD/MAD_a-0.94_384x192x192_IHARM/m_1_1_160/image_a-0.94_0046_17_0_230.e9_6.2e9_4.52111e+25_160.dat
        47       0.890598        3.48882       -48.6287        13.5014        22.1929        18.1745       -4593.18     /gpfs/hpu/EHT2/IHARM/MAD/MAD_a-0.94_384x192x192_IHARM/m_1_1_160/image_a-0.94_0047_17_0_230.e9_6.2e9_4.52111e+25_160.dat
        48       0.810229        4.53269       -3.01081        5.35638        27.1372        17.4116       -2890.93     /gpfs/hpu/EHT2/IHARM/MAD/MAD_a-0.94_384x192x192_IHARM/m_1_1_160/image_a-0.94_0048_17_0_230.e9_6.2e9_4.52111e+25_160.dat
        49       0.471737        4.04294       -74.6353        20.8854        32.1113        26.8794       -3746.51     /gpfs/hpu/EHT2/IHARM/MAD/MAD_a-0.94_384x192x192_IHARM/m_1_1_160/image_a-0.94_0049_17_0_230.e9_6.2e9_4.52111e+25_160.dat
        50       0.680981        4.05057       -29.3259        9.25885        9.26708        9.15143       -1605.93     /gpfs/hpu/EHT2/IHARM/MAD/MAD_a-0.94_384x192x192_IHARM/m_1_1_160/image_a-0.94_0050_17_0_230.e9_6.2e9_4.52111e+25_160.dat
        51       0.442386        4.12762       -8.15253        3.56926        6.53813        5.17812       -1026.33     /gpfs/hpu/EHT2/IHARM/MAD/MAD_a-0.94_384x192x192_IHARM/m_1_1_160/image_a-0.94_0051_17_0_230.e9_6.2e9_4.52111e+25_160.dat
        52       0.580515         3.8041       -70.4431        9.09859        5.89244        7.20446       -1320.02     /gpfs/hpu/EHT2/IHARM/MAD/MAD_a-0.94_384x192x192_IHARM/m_1_1_160/image_a-0.94_0052_17_0_230.e9_6.2e9_4.52111e+25_160.dat
        53       0.724257        3.85904       -55.1872        2.85702        3.65176        3.26469       -873.718     /gpfs/hpu/EHT2/IHARM/MAD/MAD_a-0.94_384x192x192_IHARM/m_1_1_160/image_a-0.94_0053_17_0_230.e9_6.2e9_4.52111e+25_160.dat
        54       0.448035        3.86455       -19.4643        5.39745        5.45661        5.36508       -1116.58     /gpfs/hpu/EHT2/IHARM/MAD/MAD_a-0.94_384x192x192_IHARM/m_1_1_160/image_a-0.94_0054_17_0_230.e9_6.2e9_4.52111e+25_160.dat
        55       0.810152        3.96967       -80.9159        5.75636        11.1186        8.67055       -1628.43     /gpfs/hpu/EHT2/IHARM/MAD/MAD_a-0.94_384x192x192_IHARM/m_1_1_160/image_a-0.94_0055_17_0_230.e9_6.2e9_4.52111e+25_160.dat
        56       0.500452         4.0167       -50.3004        3.02609        6.34753         4.8377       -1033.24     /gpfs/hpu/EHT2/IHARM/MAD/MAD_a-0.94_384x192x192_IHARM/m_1_1_160/image_a-0.94_0056_17_0_230.e9_6.2e9_4.52111e+25_160.dat
        57       0.670081        3.73598       -34.7119        6.68301        7.04275        6.80235       -1376.61     /gpfs/hpu/EHT2/IHARM/MAD/MAD_a-0.94_384x192x192_IHARM/m_1_1_160/image_a-0.94_0057_17_0_230.e9_6.2e9_4.52111e+25_160.dat
        58       0.683904        3.49279       -73.0813        4.70833        4.97341        4.79888       -1107.23     /gpfs/hpu/EHT2/IHARM/MAD/MAD_a-0.94_384x192x192_IHARM/m_1_1_160/image_a-0.94_0058_17_0_230.e9_6.2e9_4.52111e+25_160.dat
        59        1.04327        3.71852       -29.8641        19.5459        14.8467        16.6946       -2678.04     /gpfs/hpu/EHT2/IHARM/MAD/MAD_a-0.94_384x192x192_IHARM/m_1_1_160/image_a-0.94_0059_17_0_230.e9_6.2e9_4.52111e+25_160.dat
        60       0.849028        4.11587       -27.7302        10.5354        8.20879        9.11331       -1689.35     /gpfs/hpu/EHT2/IHARM/MAD/MAD_a-0.94_384x192x192_IHARM/m_1_1_160/image_a-0.94_0060_17_0_230.e9_6.2e9_4.52111e+25_160.dat
        61       0.738267        3.86769       -7.94846        12.7432         13.608        13.0703        -2212.1     /gpfs/hpu/EHT2/IHARM/MAD/MAD_a-0.94_384x192x192_IHARM/m_1_1_160/image_a-0.94_0061_17_0_230.e9_6.2e9_4.52111e+25_160.dat
        62       0.796969        5.10912       -62.6763        8.10209         14.112        11.3483       -1902.36     /gpfs/hpu/EHT2/IHARM/MAD/MAD_a-0.94_384x192x192_IHARM/m_1_1_160/image_a-0.94_0062_17_0_230.e9_6.2e9_4.52111e+25_160.dat
        63       0.432502        3.98475        23.2687        7.99688        7.69703        7.73329       -1394.81     /gpfs/hpu/EHT2/IHARM/MAD/MAD_a-0.94_384x192x192_IHARM/m_1_1_160/image_a-0.94_0063_17_0_230.e9_6.2e9_4.52111e+25_160.dat
        64       0.365865        4.08988       -83.3764        4.87978        13.0587        9.37191       -1556.48     /gpfs/hpu/EHT2/IHARM/MAD/MAD_a-0.94_384x192x192_IHARM/m_1_1_160/image_a-0.94_0064_17_0_230.e9_6.2e9_4.52111e+25_160.dat
        65        0.44877        3.85607       -87.1272           11.8         20.828        16.6809       -2460.66     /gpfs/hpu/EHT2/IHARM/MAD/MAD_a-0.94_384x192x192_IHARM/m_1_1_160/image_a-0.94_0065_17_0_230.e9_6.2e9_4.52111e+25_160.dat
        66       0.630791        3.93459        -80.158         5.1401        10.5446        8.08525       -1418.84     /gpfs/hpu/EHT2/IHARM/MAD/MAD_a-0.94_384x192x192_IHARM/m_1_1_160/image_a-0.94_0066_17_0_230.e9_6.2e9_4.52111e+25_160.dat
        67        1.23992        3.93424       -86.0292        4.95164        20.3047         13.435       -2335.17     /gpfs/hpu/EHT2/IHARM/MAD/MAD_a-0.94_384x192x192_IHARM/m_1_1_160/image_a-0.94_0067_17_0_230.e9_6.2e9_4.52111e+25_160.dat
        68        1.08255        4.41459       -18.0825        5.93989        7.70092        6.84796       -1441.71     /gpfs/hpu/EHT2/IHARM/MAD/MAD_a-0.94_384x192x192_IHARM/m_1_1_160/image_a-0.94_0068_17_0_230.e9_6.2e9_4.52111e+25_160.dat
        69       0.469812         3.6779       -64.3305        9.43228        7.67127        8.33826       -1427.39     /gpfs/hpu/EHT2/IHARM/MAD/MAD_a-0.94_384x192x192_IHARM/m_1_1_160/image_a-0.94_0069_17_0_230.e9_6.2e9_4.52111e+25_160.dat
        70       0.397886        4.03722       -1.14776        7.48195        15.1852        11.6779       -1852.48     /gpfs/hpu/EHT2/IHARM/MAD/MAD_a-0.94_384x192x192_IHARM/m_1_1_160/image_a-0.94_0070_17_0_230.e9_6.2e9_4.52111e+25_160.dat
        71       0.496378        3.79996        6.27044        7.82157        12.1829        10.1538       -1745.05     /gpfs/hpu/EHT2/IHARM/MAD/MAD_a-0.94_384x192x192_IHARM/m_1_1_160/image_a-0.94_0071_17_0_230.e9_6.2e9_4.52111e+25_160.dat
        72       0.461202        4.12695        262.823        8.00446         36.364        23.6883       -3445.74     /gpfs/hpu/EHT2/IHARM/MAD/MAD_a-0.94_384x192x192_IHARM/m_1_1_160/image_a-0.94_0072_17_0_230.e9_6.2e9_4.52111e+25_160.dat
        73       0.527975        3.90889        262.346        3.58289        11.0743        7.70818       -1371.76     /gpfs/hpu/EHT2/IHARM/MAD/MAD_a-0.94_384x192x192_IHARM/m_1_1_160/image_a-0.94_0073_17_0_230.e9_6.2e9_4.52111e+25_160.dat
        74       0.656338        3.85816        277.773        4.41969        10.6757        7.84739       -1527.44     /gpfs/hpu/EHT2/IHARM/MAD/MAD_a-0.94_384x192x192_IHARM/m_1_1_160/image_a-0.94_0074_17_0_230.e9_6.2e9_4.52111e+25_160.dat
        75       0.535262        3.80033         290.59        6.46801        10.9276        8.87133       -1581.55     /gpfs/hpu/EHT2/IHARM/MAD/MAD_a-0.94_384x192x192_IHARM/m_1_1_160/image_a-0.94_0075_17_0_230.e9_6.2e9_4.52111e+25_160.dat
        76       0.528618        4.07733        241.824        5.54486        14.4546        10.4356       -1684.63     /gpfs/hpu/EHT2/IHARM/MAD/MAD_a-0.94_384x192x192_IHARM/m_1_1_160/image_a-0.94_0076_17_0_230.e9_6.2e9_4.52111e+25_160.dat
        77       0.563292        4.10077        269.777         1.7408        7.56659        4.96151       -1014.41     /gpfs/hpu/EHT2/IHARM/MAD/MAD_a-0.94_384x192x192_IHARM/m_1_1_160/image_a-0.94_0077_17_0_230.e9_6.2e9_4.52111e+25_160.dat
        78       0.812173        4.42371        354.057        10.1838        14.1806        12.2846       -2105.74     /gpfs/hpu/EHT2/IHARM/MAD/MAD_a-0.94_384x192x192_IHARM/m_1_1_160/image_a-0.94_0078_17_0_230.e9_6.2e9_4.52111e+25_160.dat
        79       0.614073        3.90956        294.033        8.84034        16.1319        12.7908       -2061.28     /gpfs/hpu/EHT2/IHARM/MAD/MAD_a-0.94_384x192x192_IHARM/m_1_1_160/image_a-0.94_0079_17_0_230.e9_6.2e9_4.52111e+25_160.dat
        80       0.674142        4.20415        321.934        3.28104        10.3232        7.15995       -1375.65     /gpfs/hpu/EHT2/IHARM/MAD/MAD_a-0.94_384x192x192_IHARM/m_1_1_160/image_a-0.94_0080_17_0_230.e9_6.2e9_4.52111e+25_160.dat
        81       0.413457        3.68359        331.375        14.7716        27.0273        21.4126       -3099.18     /gpfs/hpu/EHT2/IHARM/MAD/MAD_a-0.94_384x192x192_IHARM/m_1_1_160/image_a-0.94_0081_17_0_230.e9_6.2e9_4.52111e+25_160.dat
        82       0.421429        3.35908        334.435        21.7694        33.1279        27.8265       -3887.25     /gpfs/hpu/EHT2/IHARM/MAD/MAD_a-0.94_384x192x192_IHARM/m_1_1_160/image_a-0.94_0082_17_0_230.e9_6.2e9_4.52111e+25_160.dat
        83       0.391076        3.43803        280.016        8.10068        23.5411        16.5945       -2449.27     /gpfs/hpu/EHT2/IHARM/MAD/MAD_a-0.94_384x192x192_IHARM/m_1_1_160/image_a-0.94_0083_17_0_230.e9_6.2e9_4.52111e+25_160.dat
        84       0.479785        2.88292        276.296        17.1444        16.9843        16.8479       -2479.51     /gpfs/hpu/EHT2/IHARM/MAD/MAD_a-0.94_384x192x192_IHARM/m_1_1_160/image_a-0.94_0084_17_0_230.e9_6.2e9_4.52111e+25_160.dat
        85       0.495632        3.75917        338.279        8.89893        12.2271        10.6432       -1786.42     /gpfs/hpu/EHT2/IHARM/MAD/MAD_a-0.94_384x192x192_IHARM/m_1_1_160/image_a-0.94_0085_17_0_230.e9_6.2e9_4.52111e+25_160.dat
        86        0.49802         3.4348        326.544        15.0823         10.844        12.5414       -1995.92     /gpfs/hpu/EHT2/IHARM/MAD/MAD_a-0.94_384x192x192_IHARM/m_1_1_160/image_a-0.94_0086_17_0_230.e9_6.2e9_4.52111e+25_160.dat
        87       0.811568        3.82378        324.198        10.0438        18.8777         14.838       -2296.65     /gpfs/hpu/EHT2/IHARM/MAD/MAD_a-0.94_384x192x192_IHARM/m_1_1_160/image_a-0.94_0087_17_0_230.e9_6.2e9_4.52111e+25_160.dat
        88       0.953559        4.34133        359.753        4.41885         15.614        10.5949       -1813.46     /gpfs/hpu/EHT2/IHARM/MAD/MAD_a-0.94_384x192x192_IHARM/m_1_1_160/image_a-0.94_0088_17_0_230.e9_6.2e9_4.52111e+25_160.dat
        89        0.87532        3.87037        357.661        8.55167          13.23        11.0515       -1968.42     /gpfs/hpu/EHT2/IHARM/MAD/MAD_a-0.94_384x192x192_IHARM/m_1_1_160/image_a-0.94_0089_17_0_230.e9_6.2e9_4.52111e+25_160.dat
        90       0.565583        3.52409        304.689        8.21048        17.2139        13.1211       -2062.63     /gpfs/hpu/EHT2/IHARM/MAD/MAD_a-0.94_384x192x192_IHARM/m_1_1_160/image_a-0.94_0090_17_0_230.e9_6.2e9_4.52111e+25_160.dat
        91       0.533093        3.18438        315.924        9.82113        23.0948        17.0885       -2529.88     /gpfs/hpu/EHT2/IHARM/MAD/MAD_a-0.94_384x192x192_IHARM/m_1_1_160/image_a-0.94_0091_17_0_230.e9_6.2e9_4.52111e+25_160.dat
        92       0.857295        4.64223        341.891        6.51848        50.7446        31.0493       -4719.56     /gpfs/hpu/EHT2/IHARM/MAD/MAD_a-0.94_384x192x192_IHARM/m_1_1_160/image_a-0.94_0092_17_0_230.e9_6.2e9_4.52111e+25_160.dat
        93       0.521168        3.80158        328.131        4.11674        4.29901        4.16836       -971.223     /gpfs/hpu/EHT2/IHARM/MAD/MAD_a-0.94_384x192x192_IHARM/m_1_1_160/image_a-0.94_0093_17_0_230.e9_6.2e9_4.52111e+25_160.dat
        94       0.596527        3.51954        303.401        8.37659        45.9981        29.2098       -5145.02     /gpfs/hpu/EHT2/IHARM/MAD/MAD_a-0.94_384x192x192_IHARM/m_1_1_160/image_a-0.94_0094_17_0_230.e9_6.2e9_4.52111e+25_160.dat
        95        1.01126        3.88825        280.681        3.88337        15.7994        10.4671       -1834.32     /gpfs/hpu/EHT2/IHARM/MAD/MAD_a-0.94_384x192x192_IHARM/m_1_1_160/image_a-0.94_0095_17_0_230.e9_6.2e9_4.52111e+25_160.dat
        96       0.944453        3.75194        342.322         5.3602        12.9706        9.53015       -1800.62     /gpfs/hpu/EHT2/IHARM/MAD/MAD_a-0.94_384x192x192_IHARM/m_1_1_160/image_a-0.94_0096_17_0_230.e9_6.2e9_4.52111e+25_160.dat
        97       0.614152        3.71873        322.438        5.92185        9.01614        7.57204       -1498.21     /gpfs/hpu/EHT2/IHARM/MAD/MAD_a-0.94_384x192x192_IHARM/m_1_1_160/image_a-0.94_0097_17_0_230.e9_6.2e9_4.52111e+25_160.dat
        98       0.835897        3.39088        316.077        7.52983        22.2591        15.6349       -2860.13     /gpfs/hpu/EHT2/IHARM/MAD/MAD_a-0.94_384x192x192_IHARM/m_1_1_160/image_a-0.94_0098_17_0_230.e9_6.2e9_4.52111e+25_160.dat
        99         0.7772        3.82297        348.772        8.91088        15.2372        12.3234        -2110.1     /gpfs/hpu/EHT2/IHARM/MAD/MAD_a-0.94_384x192x192_IHARM/m_1_1_160/image_a-0.94_0099_17_0_230.e9_6.2e9_4.52111e+25_160.dat
