   # Index         I (Jy)      M/D (uas)       PA (deg)  VA red. chisq  CP red. chisq     red. chisq     log-liklhd     FileName
         0       0.464571        2.12383        112.421        12.8216        9.26996        10.6902       -1751.71     /gpfs/hpu/EHT2/IHARM/SANE/SANE_a0_288x128x128_IHARM/m_1_1_1/image_a0_1000_163_0_230.e9_6.2e9_1.38083e+28_1.dat
         1         0.4731        2.33993        222.874        8.32081        9.51556        8.88498       -1567.76     /gpfs/hpu/EHT2/IHARM/SANE/SANE_a0_288x128x128_IHARM/m_1_1_1/image_a0_1010_163_0_230.e9_6.2e9_1.38083e+28_1.dat
         2       0.604202         2.0781        182.197        22.1759        13.0746        16.8432       -2643.56     /gpfs/hpu/EHT2/IHARM/SANE/SANE_a0_288x128x128_IHARM/m_1_1_1/image_a0_1020_163_0_230.e9_6.2e9_1.38083e+28_1.dat
         3       0.503367        2.23263        164.315        18.1147        9.56308         13.137       -2105.58     /gpfs/hpu/EHT2/IHARM/SANE/SANE_a0_288x128x128_IHARM/m_1_1_1/image_a0_1030_163_0_230.e9_6.2e9_1.38083e+28_1.dat
         4       0.612826        2.17484        205.628         12.592        10.4911        11.2707       -1983.76     /gpfs/hpu/EHT2/IHARM/SANE/SANE_a0_288x128x128_IHARM/m_1_1_1/image_a0_1040_163_0_230.e9_6.2e9_1.38083e+28_1.dat
         5         1.6277        5.45669        313.556         12.585        137.938        82.1859       -10712.4     /gpfs/hpu/EHT2/IHARM/SANE/SANE_a0_288x128x128_IHARM/m_1_1_1/image_a0_1050_163_0_230.e9_6.2e9_1.38083e+28_1.dat
         6       0.396729        2.16636        154.589        15.3125        7.51891        10.7905        -1731.3     /gpfs/hpu/EHT2/IHARM/SANE/SANE_a0_288x128x128_IHARM/m_1_1_1/image_a0_1060_163_0_230.e9_6.2e9_1.38083e+28_1.dat
         7       0.603323         2.0982        201.671        17.6849        10.2818        13.3515       -2219.01     /gpfs/hpu/EHT2/IHARM/SANE/SANE_a0_288x128x128_IHARM/m_1_1_1/image_a0_1070_163_0_230.e9_6.2e9_1.38083e+28_1.dat
         8       0.587783        2.26373        183.618         39.118        11.9821         23.545       -3455.05     /gpfs/hpu/EHT2/IHARM/SANE/SANE_a0_288x128x128_IHARM/m_1_1_1/image_a0_1080_163_0_230.e9_6.2e9_1.38083e+28_1.dat
         9       0.414882        2.29658        81.3403        7.85491        9.36043        8.59764       -1457.04     /gpfs/hpu/EHT2/IHARM/SANE/SANE_a0_288x128x128_IHARM/m_1_1_1/image_a0_1090_163_0_230.e9_6.2e9_1.38083e+28_1.dat
        10       0.826301        2.01318        120.693        12.2237        7.34518        9.36115       -1791.92     /gpfs/hpu/EHT2/IHARM/SANE/SANE_a0_288x128x128_IHARM/m_1_1_1/image_a0_1100_163_0_230.e9_6.2e9_1.38083e+28_1.dat
        11       0.612011        2.08319         192.83        24.6843        6.99751        14.5439        -2328.7     /gpfs/hpu/EHT2/IHARM/SANE/SANE_a0_288x128x128_IHARM/m_1_1_1/image_a0_1110_163_0_230.e9_6.2e9_1.38083e+28_1.dat
        12       0.550522        2.16282        173.985        22.3551        6.56613        13.2989       -2065.38     /gpfs/hpu/EHT2/IHARM/SANE/SANE_a0_288x128x128_IHARM/m_1_1_1/image_a0_1120_163_0_230.e9_6.2e9_1.38083e+28_1.dat
        13       0.455418        2.10438        194.974        16.5957        6.86074        10.9779       -1822.72     /gpfs/hpu/EHT2/IHARM/SANE/SANE_a0_288x128x128_IHARM/m_1_1_1/image_a0_1130_163_0_230.e9_6.2e9_1.38083e+28_1.dat
        14       0.702817        2.23791        115.036        20.4209        20.0128        19.9468       -3032.56     /gpfs/hpu/EHT2/IHARM/SANE/SANE_a0_288x128x128_IHARM/m_1_1_1/image_a0_1140_163_0_230.e9_6.2e9_1.38083e+28_1.dat
        15       0.615654        2.45675        159.192        34.3541        13.2181        22.1773        -3281.2     /gpfs/hpu/EHT2/IHARM/SANE/SANE_a0_288x128x128_IHARM/m_1_1_1/image_a0_1150_163_0_230.e9_6.2e9_1.38083e+28_1.dat
        16       0.524687         2.2884        87.4329        16.4134        23.6827        20.2599       -3020.81     /gpfs/hpu/EHT2/IHARM/SANE/SANE_a0_288x128x128_IHARM/m_1_1_1/image_a0_1160_163_0_230.e9_6.2e9_1.38083e+28_1.dat
        17       0.380448         2.0228        61.3702         2.9335        13.0115        8.50591       -1463.81     /gpfs/hpu/EHT2/IHARM/SANE/SANE_a0_288x128x128_IHARM/m_1_1_1/image_a0_1170_163_0_230.e9_6.2e9_1.38083e+28_1.dat
        18       0.634638        2.16509        69.4475        29.5587        16.2314        21.7852       -3212.48     /gpfs/hpu/EHT2/IHARM/SANE/SANE_a0_288x128x128_IHARM/m_1_1_1/image_a0_1180_163_0_230.e9_6.2e9_1.38083e+28_1.dat
        19       0.714195        2.27896       -206.935        12.3754         9.7197        10.7479       -1893.46     /gpfs/hpu/EHT2/IHARM/SANE/SANE_a0_288x128x128_IHARM/m_1_1_1/image_a0_1190_163_0_230.e9_6.2e9_1.38083e+28_1.dat
        20       0.635314        2.27017       -170.329        23.8273        11.1559         16.488       -2594.06     /gpfs/hpu/EHT2/IHARM/SANE/SANE_a0_288x128x128_IHARM/m_1_1_1/image_a0_1200_163_0_230.e9_6.2e9_1.38083e+28_1.dat
        21       0.336045        2.05004       -233.802          13.85        7.37687        10.0805       -1631.28     /gpfs/hpu/EHT2/IHARM/SANE/SANE_a0_288x128x128_IHARM/m_1_1_1/image_a0_1210_163_0_230.e9_6.2e9_1.38083e+28_1.dat
        22       0.462267        2.36244       -235.896         4.4173        19.0606        12.5121        -1953.7     /gpfs/hpu/EHT2/IHARM/SANE/SANE_a0_288x128x128_IHARM/m_1_1_1/image_a0_1220_163_0_230.e9_6.2e9_1.38083e+28_1.dat
        23       0.726125        2.64978       -162.688        31.9039        10.9059        19.8336        -2979.7     /gpfs/hpu/EHT2/IHARM/SANE/SANE_a0_288x128x128_IHARM/m_1_1_1/image_a0_1230_163_0_230.e9_6.2e9_1.38083e+28_1.dat
        24       0.763871        2.16827       -170.715        28.4366        11.4666        18.6496       -2983.79     /gpfs/hpu/EHT2/IHARM/SANE/SANE_a0_288x128x128_IHARM/m_1_1_1/image_a0_1240_163_0_230.e9_6.2e9_1.38083e+28_1.dat
        25       0.476812        2.30422       -196.545        26.2744        8.45556        16.0412       -2394.12     /gpfs/hpu/EHT2/IHARM/SANE/SANE_a0_288x128x128_IHARM/m_1_1_1/image_a0_1250_163_0_230.e9_6.2e9_1.38083e+28_1.dat
        26       0.828535        2.65861       -162.785        21.7203        11.5076        15.7747       -2512.81     /gpfs/hpu/EHT2/IHARM/SANE/SANE_a0_288x128x128_IHARM/m_1_1_1/image_a0_1260_163_0_230.e9_6.2e9_1.38083e+28_1.dat
        27       0.405755        2.34931       -237.423        16.5816        12.9957        14.3856       -2204.48     /gpfs/hpu/EHT2/IHARM/SANE/SANE_a0_288x128x128_IHARM/m_1_1_1/image_a0_1270_163_0_230.e9_6.2e9_1.38083e+28_1.dat
        28       0.735329        2.34841       -162.278         18.041        10.2236        13.4727       -2223.91     /gpfs/hpu/EHT2/IHARM/SANE/SANE_a0_288x128x128_IHARM/m_1_1_1/image_a0_1280_163_0_230.e9_6.2e9_1.38083e+28_1.dat
        29       0.585534        2.47514        -253.06        8.23772        23.1768        16.4509       -2581.24     /gpfs/hpu/EHT2/IHARM/SANE/SANE_a0_288x128x128_IHARM/m_1_1_1/image_a0_1290_163_0_230.e9_6.2e9_1.38083e+28_1.dat
        30       0.429302        2.45554       -308.466        17.8202        36.2409        27.8549       -3854.98     /gpfs/hpu/EHT2/IHARM/SANE/SANE_a0_288x128x128_IHARM/m_1_1_1/image_a0_1300_163_0_230.e9_6.2e9_1.38083e+28_1.dat
        31        0.49306        2.21488       -270.819        13.7193        17.6237         15.726       -2392.55     /gpfs/hpu/EHT2/IHARM/SANE/SANE_a0_288x128x128_IHARM/m_1_1_1/image_a0_1310_163_0_230.e9_6.2e9_1.38083e+28_1.dat
        32       0.488629         2.4821       -256.639        12.3072        17.2929        14.9326       -2253.08     /gpfs/hpu/EHT2/IHARM/SANE/SANE_a0_288x128x128_IHARM/m_1_1_1/image_a0_1320_163_0_230.e9_6.2e9_1.38083e+28_1.dat
        33        0.85541        2.91293       -207.928        56.1689        23.4339         37.274       -5174.38     /gpfs/hpu/EHT2/IHARM/SANE/SANE_a0_288x128x128_IHARM/m_1_1_1/image_a0_1330_163_0_230.e9_6.2e9_1.38083e+28_1.dat
        34       0.403526        2.20535       -224.761        21.0793        15.3678        17.6461       -2587.24     /gpfs/hpu/EHT2/IHARM/SANE/SANE_a0_288x128x128_IHARM/m_1_1_1/image_a0_1340_163_0_230.e9_6.2e9_1.38083e+28_1.dat
        35       0.473431        2.17739       -261.686        11.4679        12.4825        11.8938        -1943.8     /gpfs/hpu/EHT2/IHARM/SANE/SANE_a0_288x128x128_IHARM/m_1_1_1/image_a0_1350_163_0_230.e9_6.2e9_1.38083e+28_1.dat
        36       0.815816        2.31117       -180.214        19.2185        8.97941        13.2885       -2222.68     /gpfs/hpu/EHT2/IHARM/SANE/SANE_a0_288x128x128_IHARM/m_1_1_1/image_a0_1360_163_0_230.e9_6.2e9_1.38083e+28_1.dat
        37       0.471729        2.35033       -284.356        5.61836        20.3623        13.7547       -2095.43     /gpfs/hpu/EHT2/IHARM/SANE/SANE_a0_288x128x128_IHARM/m_1_1_1/image_a0_1370_163_0_230.e9_6.2e9_1.38083e+28_1.dat
        38       0.607171        2.11815       -185.431        22.7791        8.42681        14.5172       -2369.27     /gpfs/hpu/EHT2/IHARM/SANE/SANE_a0_288x128x128_IHARM/m_1_1_1/image_a0_1380_163_0_230.e9_6.2e9_1.38083e+28_1.dat
        39       0.630691        2.25617        -273.32        13.8392        20.2838        17.2579       -2592.69     /gpfs/hpu/EHT2/IHARM/SANE/SANE_a0_288x128x128_IHARM/m_1_1_1/image_a0_1390_163_0_230.e9_6.2e9_1.38083e+28_1.dat
        40       0.694315        2.61225       -178.755        34.7983         13.257        22.3907       -3337.27     /gpfs/hpu/EHT2/IHARM/SANE/SANE_a0_288x128x128_IHARM/m_1_1_1/image_a0_1400_163_0_230.e9_6.2e9_1.38083e+28_1.dat
        41       0.449536        2.30167       -257.628        13.2982        11.2283        11.9855       -1920.34     /gpfs/hpu/EHT2/IHARM/SANE/SANE_a0_288x128x128_IHARM/m_1_1_1/image_a0_1410_163_0_230.e9_6.2e9_1.38083e+28_1.dat
        42       0.411124        2.14931         -229.4        11.2961        8.09445         9.3779       -1571.01     /gpfs/hpu/EHT2/IHARM/SANE/SANE_a0_288x128x128_IHARM/m_1_1_1/image_a0_1420_163_0_230.e9_6.2e9_1.38083e+28_1.dat
        43       0.431055        2.23816       -220.375        16.7133        23.1943        20.1175       -2961.11     /gpfs/hpu/EHT2/IHARM/SANE/SANE_a0_288x128x128_IHARM/m_1_1_1/image_a0_1430_163_0_230.e9_6.2e9_1.38083e+28_1.dat
        44       0.508175        2.34086       -254.261        21.4505         28.479         25.102       -3580.49     /gpfs/hpu/EHT2/IHARM/SANE/SANE_a0_288x128x128_IHARM/m_1_1_1/image_a0_1440_163_0_230.e9_6.2e9_1.38083e+28_1.dat
        45       0.391728        2.40971       -168.626        30.8413        12.3022        20.1521       -2934.42     /gpfs/hpu/EHT2/IHARM/SANE/SANE_a0_288x128x128_IHARM/m_1_1_1/image_a0_1450_163_0_230.e9_6.2e9_1.38083e+28_1.dat
        46       0.738359         2.2512        -159.09        31.7981        16.5038        22.9029       -3469.73     /gpfs/hpu/EHT2/IHARM/SANE/SANE_a0_288x128x128_IHARM/m_1_1_1/image_a0_1460_163_0_230.e9_6.2e9_1.38083e+28_1.dat
        47       0.682836        2.69092       -202.944         40.179        22.5943        29.9079       -4230.33     /gpfs/hpu/EHT2/IHARM/SANE/SANE_a0_288x128x128_IHARM/m_1_1_1/image_a0_1470_163_0_230.e9_6.2e9_1.38083e+28_1.dat
        48       0.753537        2.41101        83.2018        17.2482        20.7192         18.971       -2980.24     /gpfs/hpu/EHT2/IHARM/SANE/SANE_a0_288x128x128_IHARM/m_1_1_1/image_a0_1480_163_0_230.e9_6.2e9_1.38083e+28_1.dat
        49       0.718303        2.97712        191.737        34.8967        20.0987        26.2402       -3769.68     /gpfs/hpu/EHT2/IHARM/SANE/SANE_a0_288x128x128_IHARM/m_1_1_1/image_a0_1490_163_0_230.e9_6.2e9_1.38083e+28_1.dat
        50       0.340474        2.25209        84.2372        10.9505         27.266        19.8968       -2883.67     /gpfs/hpu/EHT2/IHARM/SANE/SANE_a0_288x128x128_IHARM/m_1_1_1/image_a0_1500_163_0_230.e9_6.2e9_1.38083e+28_1.dat
        51        0.43518        2.30641        109.843        13.7311        24.0329        19.2975       -2812.63     /gpfs/hpu/EHT2/IHARM/SANE/SANE_a0_288x128x128_IHARM/m_1_1_1/image_a0_1510_163_0_230.e9_6.2e9_1.38083e+28_1.dat
        52       0.571712         2.4238        214.415        20.7547        39.4927        30.9304        -4453.7     /gpfs/hpu/EHT2/IHARM/SANE/SANE_a0_288x128x128_IHARM/m_1_1_1/image_a0_1520_163_0_230.e9_6.2e9_1.38083e+28_1.dat
        53       0.764864        2.52669        183.086        35.7972        19.5373        26.3163       -3897.37     /gpfs/hpu/EHT2/IHARM/SANE/SANE_a0_288x128x128_IHARM/m_1_1_1/image_a0_1530_163_0_230.e9_6.2e9_1.38083e+28_1.dat
        54       0.418753        2.25483        209.235        25.5786        22.3548        23.4753          -3369     /gpfs/hpu/EHT2/IHARM/SANE/SANE_a0_288x128x128_IHARM/m_1_1_1/image_a0_1540_163_0_230.e9_6.2e9_1.38083e+28_1.dat
        55        0.70402        2.84764        177.539        33.9794        15.8985        23.5072       -3479.59     /gpfs/hpu/EHT2/IHARM/SANE/SANE_a0_288x128x128_IHARM/m_1_1_1/image_a0_1550_163_0_230.e9_6.2e9_1.38083e+28_1.dat
        56       0.568624        2.41158        196.962        24.5137        19.6606        21.5166       -3292.38     /gpfs/hpu/EHT2/IHARM/SANE/SANE_a0_288x128x128_IHARM/m_1_1_1/image_a0_1560_163_0_230.e9_6.2e9_1.38083e+28_1.dat
        57       0.691122        2.83229        165.985        35.0011        21.0549        26.8173       -3965.64     /gpfs/hpu/EHT2/IHARM/SANE/SANE_a0_288x128x128_IHARM/m_1_1_1/image_a0_1570_163_0_230.e9_6.2e9_1.38083e+28_1.dat
        58       0.847365         2.1763        67.4597        12.6491        7.42299        9.58801       -1762.23     /gpfs/hpu/EHT2/IHARM/SANE/SANE_a0_288x128x128_IHARM/m_1_1_1/image_a0_1580_163_0_230.e9_6.2e9_1.38083e+28_1.dat
        59       0.438732        2.08039        138.617         21.247        13.0794        16.4451       -2495.75     /gpfs/hpu/EHT2/IHARM/SANE/SANE_a0_288x128x128_IHARM/m_1_1_1/image_a0_1590_163_0_230.e9_6.2e9_1.38083e+28_1.dat
        60       0.605419        1.99395        198.391        44.6141        17.2737        28.8608       -4426.02     /gpfs/hpu/EHT2/IHARM/SANE/SANE_a0_288x128x128_IHARM/m_1_1_1/image_a0_1600_163_0_230.e9_6.2e9_1.38083e+28_1.dat
        61         0.4928        2.57936        178.904        40.4545        17.3727        27.1212       -3871.13     /gpfs/hpu/EHT2/IHARM/SANE/SANE_a0_288x128x128_IHARM/m_1_1_1/image_a0_1610_163_0_230.e9_6.2e9_1.38083e+28_1.dat
        62       0.414233        2.31591        183.386        51.2016        47.8275        48.7047       -6522.77     /gpfs/hpu/EHT2/IHARM/SANE/SANE_a0_288x128x128_IHARM/m_1_1_1/image_a0_1620_163_0_230.e9_6.2e9_1.38083e+28_1.dat
        63       0.454411        2.10857        98.4988        8.07334        19.5347        14.3533       -2217.06     /gpfs/hpu/EHT2/IHARM/SANE/SANE_a0_288x128x128_IHARM/m_1_1_1/image_a0_1630_163_0_230.e9_6.2e9_1.38083e+28_1.dat
        64       0.423255        2.16807         183.61        32.5607        8.30022         18.667       -2747.88     /gpfs/hpu/EHT2/IHARM/SANE/SANE_a0_288x128x128_IHARM/m_1_1_1/image_a0_1640_163_0_230.e9_6.2e9_1.38083e+28_1.dat
        65       0.637595        2.38456        190.357         21.413        31.9328        27.0077       -4198.24     /gpfs/hpu/EHT2/IHARM/SANE/SANE_a0_288x128x128_IHARM/m_1_1_1/image_a0_1650_163_0_230.e9_6.2e9_1.38083e+28_1.dat
        66       0.476946         2.1647        102.575        15.1583        22.4205         19.016       -2925.22     /gpfs/hpu/EHT2/IHARM/SANE/SANE_a0_288x128x128_IHARM/m_1_1_1/image_a0_1660_163_0_230.e9_6.2e9_1.38083e+28_1.dat
        67       0.903479        2.72924        199.732        36.8406        16.9225        25.3115       -3855.56     /gpfs/hpu/EHT2/IHARM/SANE/SANE_a0_288x128x128_IHARM/m_1_1_1/image_a0_1670_163_0_230.e9_6.2e9_1.38083e+28_1.dat
        68          1.218        4.85792        167.846        42.4584        33.6031        37.0173        -5138.3     /gpfs/hpu/EHT2/IHARM/SANE/SANE_a0_288x128x128_IHARM/m_1_1_1/image_a0_1680_163_0_230.e9_6.2e9_1.38083e+28_1.dat
        69       0.505858        2.47194        183.015        37.8682        13.7364        23.9819       -3503.21     /gpfs/hpu/EHT2/IHARM/SANE/SANE_a0_288x128x128_IHARM/m_1_1_1/image_a0_1690_163_0_230.e9_6.2e9_1.38083e+28_1.dat
        70       0.448165        2.37531        174.806        26.3678        10.8657        17.4227       -2623.23     /gpfs/hpu/EHT2/IHARM/SANE/SANE_a0_288x128x128_IHARM/m_1_1_1/image_a0_1700_163_0_230.e9_6.2e9_1.38083e+28_1.dat
        71       0.520082        2.22625        210.574        30.8485        27.1413        28.4124       -4310.69     /gpfs/hpu/EHT2/IHARM/SANE/SANE_a0_288x128x128_IHARM/m_1_1_1/image_a0_1710_163_0_230.e9_6.2e9_1.38083e+28_1.dat
        72        1.40261        3.47384        101.451        7.37371        20.4931        14.5848       -2581.68     /gpfs/hpu/EHT2/IHARM/SANE/SANE_a0_288x128x128_IHARM/m_1_1_1/image_a0_1720_163_0_230.e9_6.2e9_1.38083e+28_1.dat
        73       0.554837        2.27447       -156.807        16.8501        28.3847        23.0647       -3490.95     /gpfs/hpu/EHT2/IHARM/SANE/SANE_a0_288x128x128_IHARM/m_1_1_1/image_a0_1730_163_0_230.e9_6.2e9_1.38083e+28_1.dat
        74        0.70691        3.15996        -139.65        26.0557        25.6153        25.4954       -3659.04     /gpfs/hpu/EHT2/IHARM/SANE/SANE_a0_288x128x128_IHARM/m_1_1_1/image_a0_1740_163_0_230.e9_6.2e9_1.38083e+28_1.dat
        75       0.640203        2.41642        -159.93        23.9241        13.1096        17.6169       -2739.28     /gpfs/hpu/EHT2/IHARM/SANE/SANE_a0_288x128x128_IHARM/m_1_1_1/image_a0_1750_163_0_230.e9_6.2e9_1.38083e+28_1.dat
        76       0.619521        2.42448       -156.959        32.6838        13.9576        21.8682        -3387.5     /gpfs/hpu/EHT2/IHARM/SANE/SANE_a0_288x128x128_IHARM/m_1_1_1/image_a0_1760_163_0_230.e9_6.2e9_1.38083e+28_1.dat
        77       0.607571        2.12161       -284.473        17.5777        31.6152        25.1762       -3658.19     /gpfs/hpu/EHT2/IHARM/SANE/SANE_a0_288x128x128_IHARM/m_1_1_1/image_a0_1770_163_0_230.e9_6.2e9_1.38083e+28_1.dat
        78        0.80535        2.17611       -183.151        44.3597        10.6039        25.0396       -3669.94     /gpfs/hpu/EHT2/IHARM/SANE/SANE_a0_288x128x128_IHARM/m_1_1_1/image_a0_1780_163_0_230.e9_6.2e9_1.38083e+28_1.dat
        79       0.468052        1.99935       -201.143        28.5108        13.5581        19.8455       -2885.53     /gpfs/hpu/EHT2/IHARM/SANE/SANE_a0_288x128x128_IHARM/m_1_1_1/image_a0_1790_163_0_230.e9_6.2e9_1.38083e+28_1.dat
        80       0.613817        2.23755       -140.069        20.2706        15.6058        17.4296       -2906.43     /gpfs/hpu/EHT2/IHARM/SANE/SANE_a0_288x128x128_IHARM/m_1_1_1/image_a0_1800_163_0_230.e9_6.2e9_1.38083e+28_1.dat
        81        1.37415        5.45472       -190.894        31.1263        86.6112        61.6244        -8541.7     /gpfs/hpu/EHT2/IHARM/SANE/SANE_a0_288x128x128_IHARM/m_1_1_1/image_a0_1810_163_0_230.e9_6.2e9_1.38083e+28_1.dat
        82       0.381881        2.16927       -269.007        5.50219        23.5901        15.5007       -2336.11     /gpfs/hpu/EHT2/IHARM/SANE/SANE_a0_288x128x128_IHARM/m_1_1_1/image_a0_1820_163_0_230.e9_6.2e9_1.38083e+28_1.dat
        83       0.713518        2.12396       -212.555        36.7806        13.8972        23.6022       -3536.63     /gpfs/hpu/EHT2/IHARM/SANE/SANE_a0_288x128x128_IHARM/m_1_1_1/image_a0_1830_163_0_230.e9_6.2e9_1.38083e+28_1.dat
        84       0.451752        1.97144       -314.216        3.05394        14.0519        9.13682       -1558.43     /gpfs/hpu/EHT2/IHARM/SANE/SANE_a0_288x128x128_IHARM/m_1_1_1/image_a0_1840_163_0_230.e9_6.2e9_1.38083e+28_1.dat
        85        1.85197        5.62252       -189.339        26.3149        37.3526        32.1385       -4509.27     /gpfs/hpu/EHT2/IHARM/SANE/SANE_a0_288x128x128_IHARM/m_1_1_1/image_a0_1850_163_0_230.e9_6.2e9_1.38083e+28_1.dat
        86       0.637115        2.42053       -233.548        5.43643        32.5043        20.4326       -3126.47     /gpfs/hpu/EHT2/IHARM/SANE/SANE_a0_288x128x128_IHARM/m_1_1_1/image_a0_1860_163_0_230.e9_6.2e9_1.38083e+28_1.dat
        87        0.52447        2.00612       -164.111        26.9702        15.8557        20.4593       -3245.21     /gpfs/hpu/EHT2/IHARM/SANE/SANE_a0_288x128x128_IHARM/m_1_1_1/image_a0_1870_163_0_230.e9_6.2e9_1.38083e+28_1.dat
        88       0.547904        2.02248        155.229         45.737        37.6766        40.6985       -5597.53     /gpfs/hpu/EHT2/IHARM/SANE/SANE_a0_288x128x128_IHARM/m_1_1_1/image_a0_1880_163_0_230.e9_6.2e9_1.38083e+28_1.dat
        89       0.477265        1.91965         142.42        7.88685         7.2441        7.43379       -1396.03     /gpfs/hpu/EHT2/IHARM/SANE/SANE_a0_288x128x128_IHARM/m_1_1_1/image_a0_1890_163_0_230.e9_6.2e9_1.38083e+28_1.dat
        90       0.579266        1.86803        181.547        19.3505        9.67015        13.7298       -2201.04     /gpfs/hpu/EHT2/IHARM/SANE/SANE_a0_288x128x128_IHARM/m_1_1_1/image_a0_1900_163_0_230.e9_6.2e9_1.38083e+28_1.dat
        91       0.616363        1.98129        124.495        19.4455        19.4437        19.2093       -2931.63     /gpfs/hpu/EHT2/IHARM/SANE/SANE_a0_288x128x128_IHARM/m_1_1_1/image_a0_1910_163_0_230.e9_6.2e9_1.38083e+28_1.dat
        92        0.36679        2.16652        213.275        47.3482        84.0903        67.2207       -8826.58     /gpfs/hpu/EHT2/IHARM/SANE/SANE_a0_288x128x128_IHARM/m_1_1_1/image_a0_1920_163_0_230.e9_6.2e9_1.38083e+28_1.dat
        93       0.479928        2.21373        170.456        21.6585        11.4369        15.7087       -2449.45     /gpfs/hpu/EHT2/IHARM/SANE/SANE_a0_288x128x128_IHARM/m_1_1_1/image_a0_1930_163_0_230.e9_6.2e9_1.38083e+28_1.dat
        94       0.460653        1.96184        127.723        16.1871        10.6766         12.925        -2028.7     /gpfs/hpu/EHT2/IHARM/SANE/SANE_a0_288x128x128_IHARM/m_1_1_1/image_a0_1940_163_0_230.e9_6.2e9_1.38083e+28_1.dat
        95        0.90926        1.85503        189.096         24.128        10.9913        16.5262       -2671.51     /gpfs/hpu/EHT2/IHARM/SANE/SANE_a0_288x128x128_IHARM/m_1_1_1/image_a0_1950_163_0_230.e9_6.2e9_1.38083e+28_1.dat
        96       0.427175         2.1176        175.598        25.2312        9.94983        16.4227       -2458.69     /gpfs/hpu/EHT2/IHARM/SANE/SANE_a0_288x128x128_IHARM/m_1_1_1/image_a0_1960_163_0_230.e9_6.2e9_1.38083e+28_1.dat
        97       0.570604        2.03416        208.679        7.11662        12.8753        10.2349       -1841.35     /gpfs/hpu/EHT2/IHARM/SANE/SANE_a0_288x128x128_IHARM/m_1_1_1/image_a0_1970_163_0_230.e9_6.2e9_1.38083e+28_1.dat
        98       0.637656        1.91828        199.971        54.4262        12.0606        30.1934       -4297.21     /gpfs/hpu/EHT2/IHARM/SANE/SANE_a0_288x128x128_IHARM/m_1_1_1/image_a0_1980_163_0_230.e9_6.2e9_1.38083e+28_1.dat
        99       0.989721        2.78677        108.069        9.22623        27.1202        19.0718       -3033.62     /gpfs/hpu/EHT2/IHARM/SANE/SANE_a0_288x128x128_IHARM/m_1_1_1/image_a0_1990_163_0_230.e9_6.2e9_1.38083e+28_1.dat
