   # Index         I (Jy)      M/D (uas)       PA (deg)  VA red. chisq  CP red. chisq     red. chisq     log-liklhd     FileName
         0       0.484084        3.14383       -299.094        4.85786        5.30965         5.0505       -1087.36     /gpfs/hpu/EHT2/IHARM/SANE/SANE_a-0.5_288x128x128_IHARM/m_1_1_80/image_a-0.5_1000_17_0_230.e9_6.2e9_1.47946e+29_80.dat
         1        0.59236        3.19318       -281.281        3.22038        20.6205        12.8638       -2131.94     /gpfs/hpu/EHT2/IHARM/SANE/SANE_a-0.5_288x128x128_IHARM/m_1_1_80/image_a-0.5_1006_17_0_230.e9_6.2e9_1.47946e+29_80.dat
         2        0.48169        3.10654       -359.971        6.05403        57.7439        34.7437       -5151.71     /gpfs/hpu/EHT2/IHARM/SANE/SANE_a-0.5_288x128x128_IHARM/m_1_1_80/image_a-0.5_1012_17_0_230.e9_6.2e9_1.47946e+29_80.dat
         3       0.424172        3.06297        -325.41          4.423        21.7083         13.988       -2187.83     /gpfs/hpu/EHT2/IHARM/SANE/SANE_a-0.5_288x128x128_IHARM/m_1_1_80/image_a-0.5_1018_17_0_230.e9_6.2e9_1.47946e+29_80.dat
         4       0.464527        3.24298       -337.565        5.76583        11.3352        8.79516       -1544.76     /gpfs/hpu/EHT2/IHARM/SANE/SANE_a-0.5_288x128x128_IHARM/m_1_1_80/image_a-0.5_1024_17_0_230.e9_6.2e9_1.47946e+29_80.dat
         5       0.800269        3.63867        -342.67        3.97613        15.6479        10.4228       -1785.58     /gpfs/hpu/EHT2/IHARM/SANE/SANE_a-0.5_288x128x128_IHARM/m_1_1_80/image_a-0.5_1030_17_0_230.e9_6.2e9_1.47946e+29_80.dat
         6       0.730865        3.36812       -316.117        5.45493         45.477        27.6593       -4100.33     /gpfs/hpu/EHT2/IHARM/SANE/SANE_a-0.5_288x128x128_IHARM/m_1_1_80/image_a-0.5_1036_17_0_230.e9_6.2e9_1.47946e+29_80.dat
         7       0.576427        3.27652        -309.71        6.61452         26.379        17.5325       -2706.18     /gpfs/hpu/EHT2/IHARM/SANE/SANE_a-0.5_288x128x128_IHARM/m_1_1_80/image_a-0.5_1042_17_0_230.e9_6.2e9_1.47946e+29_80.dat
         8       0.537547        3.13688       -289.726        11.9855        26.7545        20.0588       -3186.04     /gpfs/hpu/EHT2/IHARM/SANE/SANE_a-0.5_288x128x128_IHARM/m_1_1_80/image_a-0.5_1048_17_0_230.e9_6.2e9_1.47946e+29_80.dat
         9       0.364619        3.12808       -261.266        8.73352        23.3701        16.7724       -2532.94     /gpfs/hpu/EHT2/IHARM/SANE/SANE_a-0.5_288x128x128_IHARM/m_1_1_80/image_a-0.5_1054_17_0_230.e9_6.2e9_1.47946e+29_80.dat
        10       0.643392        3.04204       -262.085        5.81484        48.2549        29.3604       -4246.31     /gpfs/hpu/EHT2/IHARM/SANE/SANE_a-0.5_288x128x128_IHARM/m_1_1_80/image_a-0.5_1060_17_0_230.e9_6.2e9_1.47946e+29_80.dat
        11       0.596236        3.14388       -9.38481        3.62739        29.0958        17.7554       -2715.33     /gpfs/hpu/EHT2/IHARM/SANE/SANE_a-0.5_288x128x128_IHARM/m_1_1_80/image_a-0.5_1066_17_0_230.e9_6.2e9_1.47946e+29_80.dat
        12       0.617247        2.92591       -40.2955        4.04941        22.9463        14.5156       -2368.71     /gpfs/hpu/EHT2/IHARM/SANE/SANE_a-0.5_288x128x128_IHARM/m_1_1_80/image_a-0.5_1072_17_0_230.e9_6.2e9_1.47946e+29_80.dat
        13       0.609805        2.91393       -26.6992        4.70028        26.0148        16.5039       -2582.82     /gpfs/hpu/EHT2/IHARM/SANE/SANE_a-0.5_288x128x128_IHARM/m_1_1_80/image_a-0.5_1078_17_0_230.e9_6.2e9_1.47946e+29_80.dat
        14       0.590643        3.06728        17.0266        3.00428        27.4125        16.5499       -2593.95     /gpfs/hpu/EHT2/IHARM/SANE/SANE_a-0.5_288x128x128_IHARM/m_1_1_80/image_a-0.5_1084_17_0_230.e9_6.2e9_1.47946e+29_80.dat
        15       0.602598        3.34956        5.66083        7.88114        35.5398        23.1765       -3667.85     /gpfs/hpu/EHT2/IHARM/SANE/SANE_a-0.5_288x128x128_IHARM/m_1_1_80/image_a-0.5_1090_17_0_230.e9_6.2e9_1.47946e+29_80.dat
        16       0.466322        3.23439        6.30082        6.70551        27.2941         18.081       -2706.31     /gpfs/hpu/EHT2/IHARM/SANE/SANE_a-0.5_288x128x128_IHARM/m_1_1_80/image_a-0.5_1096_17_0_230.e9_6.2e9_1.47946e+29_80.dat
        17       0.470397        2.89243       -248.656        9.69745        60.0452        37.5963       -5354.15     /gpfs/hpu/EHT2/IHARM/SANE/SANE_a-0.5_288x128x128_IHARM/m_1_1_80/image_a-0.5_1102_17_0_230.e9_6.2e9_1.47946e+29_80.dat
        18       0.669216        3.29543       -354.465        6.46071        126.867        73.3827         -10821     /gpfs/hpu/EHT2/IHARM/SANE/SANE_a-0.5_288x128x128_IHARM/m_1_1_80/image_a-0.5_1108_17_0_230.e9_6.2e9_1.47946e+29_80.dat
        19       0.527017        3.24502       -308.701        5.71051        35.4171        22.1717       -3247.46     /gpfs/hpu/EHT2/IHARM/SANE/SANE_a-0.5_288x128x128_IHARM/m_1_1_80/image_a-0.5_1114_17_0_230.e9_6.2e9_1.47946e+29_80.dat
        20       0.590127        3.50004       -326.761        4.30925        44.0193        26.3539        -4443.7     /gpfs/hpu/EHT2/IHARM/SANE/SANE_a-0.5_288x128x128_IHARM/m_1_1_80/image_a-0.5_1120_17_0_230.e9_6.2e9_1.47946e+29_80.dat
        21       0.538425        3.19481       -297.356        2.48241         11.607         7.5298       -1427.02     /gpfs/hpu/EHT2/IHARM/SANE/SANE_a-0.5_288x128x128_IHARM/m_1_1_80/image_a-0.5_1126_17_0_230.e9_6.2e9_1.47946e+29_80.dat
        22       0.383389        3.25662       -335.819        7.68182        11.1266        9.50577       -1568.61     /gpfs/hpu/EHT2/IHARM/SANE/SANE_a-0.5_288x128x128_IHARM/m_1_1_80/image_a-0.5_1132_17_0_230.e9_6.2e9_1.47946e+29_80.dat
        23       0.454907        3.25031       -296.468        4.75988        11.5147        8.46105        -1476.4     /gpfs/hpu/EHT2/IHARM/SANE/SANE_a-0.5_288x128x128_IHARM/m_1_1_80/image_a-0.5_1138_17_0_230.e9_6.2e9_1.47946e+29_80.dat
        24        1.14452        3.66665       -300.299        4.37589        30.3006        18.7488       -3082.57     /gpfs/hpu/EHT2/IHARM/SANE/SANE_a-0.5_288x128x128_IHARM/m_1_1_80/image_a-0.5_1144_17_0_230.e9_6.2e9_1.47946e+29_80.dat
        25       0.904343         3.2405       -268.213        5.18163        50.3597        30.2584       -4510.53     /gpfs/hpu/EHT2/IHARM/SANE/SANE_a-0.5_288x128x128_IHARM/m_1_1_80/image_a-0.5_1150_17_0_230.e9_6.2e9_1.47946e+29_80.dat
        26       0.503843        3.13387       -250.149        5.54623        21.7985        14.5227       -2301.96     /gpfs/hpu/EHT2/IHARM/SANE/SANE_a-0.5_288x128x128_IHARM/m_1_1_80/image_a-0.5_1156_17_0_230.e9_6.2e9_1.47946e+29_80.dat
        27       0.642051        3.23533        -231.69        7.64169        30.3098         20.163        -3092.4     /gpfs/hpu/EHT2/IHARM/SANE/SANE_a-0.5_288x128x128_IHARM/m_1_1_80/image_a-0.5_1162_17_0_230.e9_6.2e9_1.47946e+29_80.dat
        28       0.607117        3.21578       -220.412        6.08622        30.1494        19.4026       -2949.73     /gpfs/hpu/EHT2/IHARM/SANE/SANE_a-0.5_288x128x128_IHARM/m_1_1_80/image_a-0.5_1168_17_0_230.e9_6.2e9_1.47946e+29_80.dat
        29       0.686516        3.21001       -205.278        4.36043        34.4886        21.0725       -3143.96     /gpfs/hpu/EHT2/IHARM/SANE/SANE_a-0.5_288x128x128_IHARM/m_1_1_80/image_a-0.5_1174_17_0_230.e9_6.2e9_1.47946e+29_80.dat
        30       0.789503        3.13027        46.9839        7.75726        54.9257        33.9104        -4789.6     /gpfs/hpu/EHT2/IHARM/SANE/SANE_a-0.5_288x128x128_IHARM/m_1_1_80/image_a-0.5_1180_17_0_230.e9_6.2e9_1.47946e+29_80.dat
        31       0.969166        3.33665        44.2699         4.7282        58.4467        34.5627       -5114.54     /gpfs/hpu/EHT2/IHARM/SANE/SANE_a-0.5_288x128x128_IHARM/m_1_1_80/image_a-0.5_1186_17_0_230.e9_6.2e9_1.47946e+29_80.dat
        32       0.745157        3.20227       -20.0141        8.55706        25.7526        18.0221       -2919.03     /gpfs/hpu/EHT2/IHARM/SANE/SANE_a-0.5_288x128x128_IHARM/m_1_1_80/image_a-0.5_1192_17_0_230.e9_6.2e9_1.47946e+29_80.dat
        33        0.61581         3.2032       -14.4649         5.4647        17.9693        12.3568       -2051.28     /gpfs/hpu/EHT2/IHARM/SANE/SANE_a-0.5_288x128x128_IHARM/m_1_1_80/image_a-0.5_1198_17_0_230.e9_6.2e9_1.47946e+29_80.dat
        34       0.436865        2.88682       -31.2635        7.67989        37.5431        24.2044       -3449.25     /gpfs/hpu/EHT2/IHARM/SANE/SANE_a-0.5_288x128x128_IHARM/m_1_1_80/image_a-0.5_1204_17_0_230.e9_6.2e9_1.47946e+29_80.dat
        35       0.685746        3.24522       -45.7533        6.02162        27.3283        17.8049       -2694.73     /gpfs/hpu/EHT2/IHARM/SANE/SANE_a-0.5_288x128x128_IHARM/m_1_1_80/image_a-0.5_1210_17_0_230.e9_6.2e9_1.47946e+29_80.dat
        36       0.527245        3.26534       -26.1353        4.51937        10.5619        7.82705       -1445.09     /gpfs/hpu/EHT2/IHARM/SANE/SANE_a-0.5_288x128x128_IHARM/m_1_1_80/image_a-0.5_1216_17_0_230.e9_6.2e9_1.47946e+29_80.dat
        37       0.495644        3.34805        2.64923        3.17541        6.98935        5.25927       -1129.87     /gpfs/hpu/EHT2/IHARM/SANE/SANE_a-0.5_288x128x128_IHARM/m_1_1_80/image_a-0.5_1222_17_0_230.e9_6.2e9_1.47946e+29_80.dat
        38       0.535949        3.35946       -13.8321         3.9191        12.5937        8.69871        -1533.3     /gpfs/hpu/EHT2/IHARM/SANE/SANE_a-0.5_288x128x128_IHARM/m_1_1_80/image_a-0.5_1228_17_0_230.e9_6.2e9_1.47946e+29_80.dat
        39       0.796606        3.23074       -17.3382        5.99334        23.1706        15.4791       -2505.87     /gpfs/hpu/EHT2/IHARM/SANE/SANE_a-0.5_288x128x128_IHARM/m_1_1_80/image_a-0.5_1234_17_0_230.e9_6.2e9_1.47946e+29_80.dat
        40        0.67987         3.1477       -14.6139        4.17831         25.385        15.9282       -2538.84     /gpfs/hpu/EHT2/IHARM/SANE/SANE_a-0.5_288x128x128_IHARM/m_1_1_80/image_a-0.5_1240_17_0_230.e9_6.2e9_1.47946e+29_80.dat
        41       0.451239        3.04689       -5.14119        5.40409        18.8362         12.813        -2038.9     /gpfs/hpu/EHT2/IHARM/SANE/SANE_a-0.5_288x128x128_IHARM/m_1_1_80/image_a-0.5_1246_17_0_230.e9_6.2e9_1.47946e+29_80.dat
        42       0.563707        3.18363        25.7527        4.20462        21.2051        13.6137       -2165.14     /gpfs/hpu/EHT2/IHARM/SANE/SANE_a-0.5_288x128x128_IHARM/m_1_1_80/image_a-0.5_1252_17_0_230.e9_6.2e9_1.47946e+29_80.dat
        43       0.929619        3.14641        18.7807        6.11168        35.3257         22.294       -3393.65     /gpfs/hpu/EHT2/IHARM/SANE/SANE_a-0.5_288x128x128_IHARM/m_1_1_80/image_a-0.5_1258_17_0_230.e9_6.2e9_1.47946e+29_80.dat
        44       0.445294         3.0182       -30.5171        6.37756        20.7847        14.3173       -2269.07     /gpfs/hpu/EHT2/IHARM/SANE/SANE_a-0.5_288x128x128_IHARM/m_1_1_80/image_a-0.5_1264_17_0_230.e9_6.2e9_1.47946e+29_80.dat
        45       0.601466        3.14812       -29.1742          3.699        19.7235        12.5711       -2078.73     /gpfs/hpu/EHT2/IHARM/SANE/SANE_a-0.5_288x128x128_IHARM/m_1_1_80/image_a-0.5_1270_17_0_230.e9_6.2e9_1.47946e+29_80.dat
        46       0.617693        3.33546       -8.59435        5.57986        25.9072        16.8236       -2629.35     /gpfs/hpu/EHT2/IHARM/SANE/SANE_a-0.5_288x128x128_IHARM/m_1_1_80/image_a-0.5_1276_17_0_230.e9_6.2e9_1.47946e+29_80.dat
        47       0.789978         3.6176        16.2304        5.19235        33.9546        21.1343       -3196.55     /gpfs/hpu/EHT2/IHARM/SANE/SANE_a-0.5_288x128x128_IHARM/m_1_1_80/image_a-0.5_1282_17_0_230.e9_6.2e9_1.47946e+29_80.dat
        48       0.824867        3.60594        34.0882        8.43449        31.6216         21.235        -3138.7     /gpfs/hpu/EHT2/IHARM/SANE/SANE_a-0.5_288x128x128_IHARM/m_1_1_80/image_a-0.5_1288_17_0_230.e9_6.2e9_1.47946e+29_80.dat
        49       0.762574        3.14704       -46.6654        4.20452        21.6817        13.8789          -2342     /gpfs/hpu/EHT2/IHARM/SANE/SANE_a-0.5_288x128x128_IHARM/m_1_1_80/image_a-0.5_1294_17_0_230.e9_6.2e9_1.47946e+29_80.dat
        50       0.477605        3.32811       -42.2687        4.65782        10.9243        8.08846       -1435.07     /gpfs/hpu/EHT2/IHARM/SANE/SANE_a-0.5_288x128x128_IHARM/m_1_1_80/image_a-0.5_1300_17_0_230.e9_6.2e9_1.47946e+29_80.dat
        51       0.409924        3.18369       -56.6834        3.79107        6.95629         5.5065       -1092.15     /gpfs/hpu/EHT2/IHARM/SANE/SANE_a-0.5_288x128x128_IHARM/m_1_1_80/image_a-0.5_1306_17_0_230.e9_6.2e9_1.47946e+29_80.dat
        52       0.619791        3.49061       -15.9562        3.39742        6.91408        5.31317       -1148.32     /gpfs/hpu/EHT2/IHARM/SANE/SANE_a-0.5_288x128x128_IHARM/m_1_1_80/image_a-0.5_1312_17_0_230.e9_6.2e9_1.47946e+29_80.dat
        53       0.620906         3.5659        14.1243        8.26182        20.6308        15.0446       -2453.99     /gpfs/hpu/EHT2/IHARM/SANE/SANE_a-0.5_288x128x128_IHARM/m_1_1_80/image_a-0.5_1318_17_0_230.e9_6.2e9_1.47946e+29_80.dat
        54       0.475436        3.05826        110.899        5.81434        30.6154        19.5446       -2956.58     /gpfs/hpu/EHT2/IHARM/SANE/SANE_a-0.5_288x128x128_IHARM/m_1_1_80/image_a-0.5_1324_17_0_230.e9_6.2e9_1.47946e+29_80.dat
        55       0.793686        3.19984        141.281        2.22725        6.49951        4.57761       -1193.92     /gpfs/hpu/EHT2/IHARM/SANE/SANE_a-0.5_288x128x128_IHARM/m_1_1_80/image_a-0.5_1330_17_0_230.e9_6.2e9_1.47946e+29_80.dat
        56       0.629292        3.24188        210.552         9.2585        34.5296        23.2086       -3416.48     /gpfs/hpu/EHT2/IHARM/SANE/SANE_a-0.5_288x128x128_IHARM/m_1_1_80/image_a-0.5_1336_17_0_230.e9_6.2e9_1.47946e+29_80.dat
        57       0.588333        3.06382        249.624         10.897        35.5643        24.4913       -3618.79     /gpfs/hpu/EHT2/IHARM/SANE/SANE_a-0.5_288x128x128_IHARM/m_1_1_80/image_a-0.5_1342_17_0_230.e9_6.2e9_1.47946e+29_80.dat
        58         0.8416        3.85841        347.405        7.65742        40.2316        25.6907        -3976.7     /gpfs/hpu/EHT2/IHARM/SANE/SANE_a-0.5_288x128x128_IHARM/m_1_1_80/image_a-0.5_1348_17_0_230.e9_6.2e9_1.47946e+29_80.dat
        59        0.58758        3.47072        359.999        4.99514        33.4952        20.7936       -3145.87     /gpfs/hpu/EHT2/IHARM/SANE/SANE_a-0.5_288x128x128_IHARM/m_1_1_80/image_a-0.5_1354_17_0_230.e9_6.2e9_1.47946e+29_80.dat
        60       0.780894        3.62289        359.991        6.06639        58.7297        35.2976       -5229.45     /gpfs/hpu/EHT2/IHARM/SANE/SANE_a-0.5_288x128x128_IHARM/m_1_1_80/image_a-0.5_1360_17_0_230.e9_6.2e9_1.47946e+29_80.dat
        61       0.804736        3.47295        359.996        11.8837        35.7836        25.0391       -3759.12     /gpfs/hpu/EHT2/IHARM/SANE/SANE_a-0.5_288x128x128_IHARM/m_1_1_80/image_a-0.5_1366_17_0_230.e9_6.2e9_1.47946e+29_80.dat
        62       0.420866        3.26407        359.986        4.36381        14.5338        9.97013       -1717.23     /gpfs/hpu/EHT2/IHARM/SANE/SANE_a-0.5_288x128x128_IHARM/m_1_1_80/image_a-0.5_1372_17_0_230.e9_6.2e9_1.47946e+29_80.dat
        63       0.596946        3.29889        359.999        10.1705        38.1038         25.591       -3760.95     /gpfs/hpu/EHT2/IHARM/SANE/SANE_a-0.5_288x128x128_IHARM/m_1_1_80/image_a-0.5_1378_17_0_230.e9_6.2e9_1.47946e+29_80.dat
        64       0.459055         3.3479        301.979        4.33734        13.8834        9.59677       -1635.79     /gpfs/hpu/EHT2/IHARM/SANE/SANE_a-0.5_288x128x128_IHARM/m_1_1_80/image_a-0.5_1384_17_0_230.e9_6.2e9_1.47946e+29_80.dat
        65       0.448269        3.17277        306.347        5.14737        22.3166        14.6389       -2337.21     /gpfs/hpu/EHT2/IHARM/SANE/SANE_a-0.5_288x128x128_IHARM/m_1_1_80/image_a-0.5_1390_17_0_230.e9_6.2e9_1.47946e+29_80.dat
        66       0.522618        3.26114         323.75        2.87942        13.6039        8.81222       -1536.42     /gpfs/hpu/EHT2/IHARM/SANE/SANE_a-0.5_288x128x128_IHARM/m_1_1_80/image_a-0.5_1396_17_0_230.e9_6.2e9_1.47946e+29_80.dat
        67       0.570543        3.11523        303.219        6.51513        21.7984        14.9407       -2338.35     /gpfs/hpu/EHT2/IHARM/SANE/SANE_a-0.5_288x128x128_IHARM/m_1_1_80/image_a-0.5_1402_17_0_230.e9_6.2e9_1.47946e+29_80.dat
        68       0.469421        3.32966        332.006        5.76599        30.7728        19.6113       -2916.38     /gpfs/hpu/EHT2/IHARM/SANE/SANE_a-0.5_288x128x128_IHARM/m_1_1_80/image_a-0.5_1408_17_0_230.e9_6.2e9_1.47946e+29_80.dat
        69       0.688593        3.31992        282.372        9.84785        60.7812        38.0706       -5580.17     /gpfs/hpu/EHT2/IHARM/SANE/SANE_a-0.5_288x128x128_IHARM/m_1_1_80/image_a-0.5_1414_17_0_230.e9_6.2e9_1.47946e+29_80.dat
        70       0.929084        3.44463        161.663        6.14789        29.4459        19.0377        -3119.1     /gpfs/hpu/EHT2/IHARM/SANE/SANE_a-0.5_288x128x128_IHARM/m_1_1_80/image_a-0.5_1420_17_0_230.e9_6.2e9_1.47946e+29_80.dat
        71       0.683003        3.18871        226.017        7.79687        67.8588        41.1241       -5952.34     /gpfs/hpu/EHT2/IHARM/SANE/SANE_a-0.5_288x128x128_IHARM/m_1_1_80/image_a-0.5_1426_17_0_230.e9_6.2e9_1.47946e+29_80.dat
        72        0.59841        3.40186        349.839        2.78309        21.3454        13.0784       -2124.04     /gpfs/hpu/EHT2/IHARM/SANE/SANE_a-0.5_288x128x128_IHARM/m_1_1_80/image_a-0.5_1432_17_0_230.e9_6.2e9_1.47946e+29_80.dat
        73        0.57835        3.56831        353.918        5.84161        14.5472        10.6152       -1874.44     /gpfs/hpu/EHT2/IHARM/SANE/SANE_a-0.5_288x128x128_IHARM/m_1_1_80/image_a-0.5_1438_17_0_230.e9_6.2e9_1.47946e+29_80.dat
        74       0.459286        3.27364        359.981        3.11202        10.5418         7.2087       -1390.39     /gpfs/hpu/EHT2/IHARM/SANE/SANE_a-0.5_288x128x128_IHARM/m_1_1_80/image_a-0.5_1444_17_0_230.e9_6.2e9_1.47946e+29_80.dat
        75       0.427485        3.13562        359.978         5.5998        41.8099        25.6812       -3735.81     /gpfs/hpu/EHT2/IHARM/SANE/SANE_a-0.5_288x128x128_IHARM/m_1_1_80/image_a-0.5_1450_17_0_230.e9_6.2e9_1.47946e+29_80.dat
        76       0.357072        3.06917        358.957        4.63213        11.2324        8.24882       -1456.88     /gpfs/hpu/EHT2/IHARM/SANE/SANE_a-0.5_288x128x128_IHARM/m_1_1_80/image_a-0.5_1456_17_0_230.e9_6.2e9_1.47946e+29_80.dat
        77        0.42466        3.10621        306.424        7.24731        26.3025        17.7629       -2669.75     /gpfs/hpu/EHT2/IHARM/SANE/SANE_a-0.5_288x128x128_IHARM/m_1_1_80/image_a-0.5_1462_17_0_230.e9_6.2e9_1.47946e+29_80.dat
        78       0.488034         3.0361        323.761        9.64001        43.3093        28.2587       -4067.99     /gpfs/hpu/EHT2/IHARM/SANE/SANE_a-0.5_288x128x128_IHARM/m_1_1_80/image_a-0.5_1468_17_0_230.e9_6.2e9_1.47946e+29_80.dat
        79        0.48419        3.09841        337.287        8.67389        31.7847         21.429       -3310.62     /gpfs/hpu/EHT2/IHARM/SANE/SANE_a-0.5_288x128x128_IHARM/m_1_1_80/image_a-0.5_1474_17_0_230.e9_6.2e9_1.47946e+29_80.dat
        80       0.570991        3.64289        152.988        9.01299        151.518        88.2009       -11399.1     /gpfs/hpu/EHT2/IHARM/SANE/SANE_a-0.5_288x128x128_IHARM/m_1_1_80/image_a-0.5_1480_17_0_230.e9_6.2e9_1.47946e+29_80.dat
        81       0.702757        3.61383        223.824        10.3309        65.4841         40.896       -6079.72     /gpfs/hpu/EHT2/IHARM/SANE/SANE_a-0.5_288x128x128_IHARM/m_1_1_80/image_a-0.5_1486_17_0_230.e9_6.2e9_1.47946e+29_80.dat
        82        0.39639         3.5259        304.749        10.4033        40.9718        27.2874       -3818.07     /gpfs/hpu/EHT2/IHARM/SANE/SANE_a-0.5_288x128x128_IHARM/m_1_1_80/image_a-0.5_1492_17_0_230.e9_6.2e9_1.47946e+29_80.dat
        83       0.415576        3.08608        335.639        15.9199        39.0586        28.6029       -4026.94     /gpfs/hpu/EHT2/IHARM/SANE/SANE_a-0.5_288x128x128_IHARM/m_1_1_80/image_a-0.5_1498_17_0_230.e9_6.2e9_1.47946e+29_80.dat
        84       0.478366        3.08634        352.148         11.014        31.5788        22.3241        -3211.6     /gpfs/hpu/EHT2/IHARM/SANE/SANE_a-0.5_288x128x128_IHARM/m_1_1_80/image_a-0.5_1504_17_0_230.e9_6.2e9_1.47946e+29_80.dat
        85       0.507274         3.0766        336.363        10.0333        38.1209        25.5413       -3768.44     /gpfs/hpu/EHT2/IHARM/SANE/SANE_a-0.5_288x128x128_IHARM/m_1_1_80/image_a-0.5_1510_17_0_230.e9_6.2e9_1.47946e+29_80.dat
        86       0.566476        3.12617        332.707        5.06696        74.2902         43.525       -6247.52     /gpfs/hpu/EHT2/IHARM/SANE/SANE_a-0.5_288x128x128_IHARM/m_1_1_80/image_a-0.5_1516_17_0_230.e9_6.2e9_1.47946e+29_80.dat
        87       0.666126          3.355        233.487        7.67412        28.9153         19.401       -2944.24     /gpfs/hpu/EHT2/IHARM/SANE/SANE_a-0.5_288x128x128_IHARM/m_1_1_80/image_a-0.5_1522_17_0_230.e9_6.2e9_1.47946e+29_80.dat
        88        0.68931          3.203        128.799        5.70159        49.9703         30.266       -4318.86     /gpfs/hpu/EHT2/IHARM/SANE/SANE_a-0.5_288x128x128_IHARM/m_1_1_80/image_a-0.5_1528_17_0_230.e9_6.2e9_1.47946e+29_80.dat
        89       0.545345        3.30284        39.5245        6.21427        15.4809        11.2955       -1916.07     /gpfs/hpu/EHT2/IHARM/SANE/SANE_a-0.5_288x128x128_IHARM/m_1_1_80/image_a-0.5_1534_17_0_230.e9_6.2e9_1.47946e+29_80.dat
        90       0.509084        3.23784        140.967        10.8157        41.1835        27.5831       -3935.69     /gpfs/hpu/EHT2/IHARM/SANE/SANE_a-0.5_288x128x128_IHARM/m_1_1_80/image_a-0.5_1540_17_0_230.e9_6.2e9_1.47946e+29_80.dat
        91        0.81477        3.31627        233.772        6.56909        34.8802        22.2434          -3443     /gpfs/hpu/EHT2/IHARM/SANE/SANE_a-0.5_288x128x128_IHARM/m_1_1_80/image_a-0.5_1546_17_0_230.e9_6.2e9_1.47946e+29_80.dat
        92       0.632347        3.11741         293.67        18.2297        67.5067        45.4294       -6452.35     /gpfs/hpu/EHT2/IHARM/SANE/SANE_a-0.5_288x128x128_IHARM/m_1_1_80/image_a-0.5_1552_17_0_230.e9_6.2e9_1.47946e+29_80.dat
        93       0.764932        3.10298        355.797        4.65901        36.1999        22.1536       -3725.59     /gpfs/hpu/EHT2/IHARM/SANE/SANE_a-0.5_288x128x128_IHARM/m_1_1_80/image_a-0.5_1558_17_0_230.e9_6.2e9_1.47946e+29_80.dat
        94       0.639622        3.08014         359.19        3.20243        31.1501        18.7152       -2887.35     /gpfs/hpu/EHT2/IHARM/SANE/SANE_a-0.5_288x128x128_IHARM/m_1_1_80/image_a-0.5_1564_17_0_230.e9_6.2e9_1.47946e+29_80.dat
        95       0.774132        3.18355        358.374        6.19422        50.5302        30.7901       -4490.79     /gpfs/hpu/EHT2/IHARM/SANE/SANE_a-0.5_288x128x128_IHARM/m_1_1_80/image_a-0.5_1570_17_0_230.e9_6.2e9_1.47946e+29_80.dat
        96        0.67149        3.07818        345.476        5.15757        46.6691        28.1944       -4072.37     /gpfs/hpu/EHT2/IHARM/SANE/SANE_a-0.5_288x128x128_IHARM/m_1_1_80/image_a-0.5_1576_17_0_230.e9_6.2e9_1.47946e+29_80.dat
        97       0.423306        3.05674        317.522        4.02186        10.0377        7.32075       -1337.15     /gpfs/hpu/EHT2/IHARM/SANE/SANE_a-0.5_288x128x128_IHARM/m_1_1_80/image_a-0.5_1582_17_0_230.e9_6.2e9_1.47946e+29_80.dat
        98       0.382763        3.09613        327.378        3.08536        22.6773          13.95        -2123.6     /gpfs/hpu/EHT2/IHARM/SANE/SANE_a-0.5_288x128x128_IHARM/m_1_1_80/image_a-0.5_1588_17_0_230.e9_6.2e9_1.47946e+29_80.dat
        99       0.553151         2.9866        96.5074        4.67774         33.305        20.5508       -3015.55     /gpfs/hpu/EHT2/IHARM/SANE/SANE_a-0.5_288x128x128_IHARM/m_1_1_80/image_a-0.5_1594_17_0_230.e9_6.2e9_1.47946e+29_80.dat
