   # Index         I (Jy)      M/D (uas)       PA (deg)  VA red. chisq  CP red. chisq     red. chisq     log-liklhd     FileName
         0       0.498345        3.68707       -219.534        3.60012        5.14883        4.41835       -984.225     /gpfs/hpu/EHT2/IHARM/MAD/MAD_a+0.5_384x192x192_IHARM/m_1_1_160/image_a+0.5_0000_163_0_230.e9_6.2e9_2.87962e+25_160.dat
         1       0.799039        3.88878       -183.501        13.1657        6.02365        9.03224       -1704.27     /gpfs/hpu/EHT2/IHARM/MAD/MAD_a+0.5_384x192x192_IHARM/m_1_1_160/image_a+0.5_0001_163_0_230.e9_6.2e9_2.87962e+25_160.dat
         2       0.346877        3.82592       -235.874        2.18995        2.48062         2.3252       -670.211     /gpfs/hpu/EHT2/IHARM/MAD/MAD_a+0.5_384x192x192_IHARM/m_1_1_160/image_a+0.5_0002_163_0_230.e9_6.2e9_2.87962e+25_160.dat
         3       0.596233        3.95592       -159.499        9.72547        14.6621        12.3548       -2060.24     /gpfs/hpu/EHT2/IHARM/MAD/MAD_a+0.5_384x192x192_IHARM/m_1_1_160/image_a+0.5_0003_163_0_230.e9_6.2e9_2.87962e+25_160.dat
         4       0.442241        3.66143       -185.947        11.8397        7.47558        9.26806       -1573.65     /gpfs/hpu/EHT2/IHARM/MAD/MAD_a+0.5_384x192x192_IHARM/m_1_1_160/image_a+0.5_0004_163_0_230.e9_6.2e9_2.87962e+25_160.dat
         5       0.426222        3.62018       -191.052        8.99644        9.58698        9.21622        -1599.8     /gpfs/hpu/EHT2/IHARM/MAD/MAD_a+0.5_384x192x192_IHARM/m_1_1_160/image_a+0.5_0005_163_0_230.e9_6.2e9_2.87962e+25_160.dat
         6       0.500373        3.85814        -175.61        5.75549        6.80151        6.26792       -1288.44     /gpfs/hpu/EHT2/IHARM/MAD/MAD_a+0.5_384x192x192_IHARM/m_1_1_160/image_a+0.5_0006_163_0_230.e9_6.2e9_2.87962e+25_160.dat
         7       0.373614        3.87949        -190.02        19.6743        8.54123        13.2413       -2071.23     /gpfs/hpu/EHT2/IHARM/MAD/MAD_a+0.5_384x192x192_IHARM/m_1_1_160/image_a+0.5_0007_163_0_230.e9_6.2e9_2.87962e+25_160.dat
         8       0.522672        4.01628       -178.508        13.2258         6.1938        9.15282       -1616.76     /gpfs/hpu/EHT2/IHARM/MAD/MAD_a+0.5_384x192x192_IHARM/m_1_1_160/image_a+0.5_0008_163_0_230.e9_6.2e9_2.87962e+25_160.dat
         9        0.44197        4.22893       -278.346        2.62346        19.4651        11.9633       -1872.24     /gpfs/hpu/EHT2/IHARM/MAD/MAD_a+0.5_384x192x192_IHARM/m_1_1_160/image_a+0.5_0009_163_0_230.e9_6.2e9_2.87962e+25_160.dat
        10        0.65706        4.25711       -315.207        7.61046        30.6319        20.3287       -2974.11     /gpfs/hpu/EHT2/IHARM/MAD/MAD_a+0.5_384x192x192_IHARM/m_1_1_160/image_a+0.5_0010_163_0_230.e9_6.2e9_2.87962e+25_160.dat
        11       0.364442        3.75962       -249.846        4.06776        7.35917        5.85006       -1113.62     /gpfs/hpu/EHT2/IHARM/MAD/MAD_a+0.5_384x192x192_IHARM/m_1_1_160/image_a+0.5_0011_163_0_230.e9_6.2e9_2.87962e+25_160.dat
        12       0.398276        4.16888       -269.372        1.66082        2.90969        2.33567       -677.367     /gpfs/hpu/EHT2/IHARM/MAD/MAD_a+0.5_384x192x192_IHARM/m_1_1_160/image_a+0.5_0012_163_0_230.e9_6.2e9_2.87962e+25_160.dat
        13       0.458939        4.19363        -260.71        4.80548        9.90263        7.58367       -1356.49     /gpfs/hpu/EHT2/IHARM/MAD/MAD_a+0.5_384x192x192_IHARM/m_1_1_160/image_a+0.5_0013_163_0_230.e9_6.2e9_2.87962e+25_160.dat
        14       0.511737        3.73788       -235.305        7.46552        23.5245        16.3113       -2616.16     /gpfs/hpu/EHT2/IHARM/MAD/MAD_a+0.5_384x192x192_IHARM/m_1_1_160/image_a+0.5_0014_163_0_230.e9_6.2e9_2.87962e+25_160.dat
        15       0.403994        4.05256       -187.681        6.13677        9.55756        7.96604        -1391.7     /gpfs/hpu/EHT2/IHARM/MAD/MAD_a+0.5_384x192x192_IHARM/m_1_1_160/image_a+0.5_0015_163_0_230.e9_6.2e9_2.87962e+25_160.dat
        16       0.365276        3.38332       -205.189        6.57519        8.75263        7.70729       -1379.79     /gpfs/hpu/EHT2/IHARM/MAD/MAD_a+0.5_384x192x192_IHARM/m_1_1_160/image_a+0.5_0016_163_0_230.e9_6.2e9_2.87962e+25_160.dat
        17       0.401758        3.50488       -255.153        5.30113        11.3039        8.57728       -1505.04     /gpfs/hpu/EHT2/IHARM/MAD/MAD_a+0.5_384x192x192_IHARM/m_1_1_160/image_a+0.5_0017_163_0_230.e9_6.2e9_2.87962e+25_160.dat
        18       0.756007        3.61648       -152.485        5.02296        8.94868        7.14667       -1465.31     /gpfs/hpu/EHT2/IHARM/MAD/MAD_a+0.5_384x192x192_IHARM/m_1_1_160/image_a+0.5_0018_163_0_230.e9_6.2e9_2.87962e+25_160.dat
        19         0.6062        3.64931       -182.832         5.8509        7.51012         6.7034       -1348.19     /gpfs/hpu/EHT2/IHARM/MAD/MAD_a+0.5_384x192x192_IHARM/m_1_1_160/image_a+0.5_0019_163_0_230.e9_6.2e9_2.87962e+25_160.dat
        20       0.562025        3.71587       -248.322         14.927        40.5511         29.005       -4054.51     /gpfs/hpu/EHT2/IHARM/MAD/MAD_a+0.5_384x192x192_IHARM/m_1_1_160/image_a+0.5_0020_163_0_230.e9_6.2e9_2.87962e+25_160.dat
        21       0.623239        3.72429       -269.132        3.74735        14.4182        9.63986       -1623.61     /gpfs/hpu/EHT2/IHARM/MAD/MAD_a+0.5_384x192x192_IHARM/m_1_1_160/image_a+0.5_0021_163_0_230.e9_6.2e9_2.87962e+25_160.dat
        22       0.894065         4.0242       -161.303        18.9264        15.5975         16.845       -2700.63     /gpfs/hpu/EHT2/IHARM/MAD/MAD_a+0.5_384x192x192_IHARM/m_1_1_160/image_a+0.5_0022_163_0_230.e9_6.2e9_2.87962e+25_160.dat
        23       0.591423        3.73807       -243.628        3.72445        5.23383        4.51929        -1016.3     /gpfs/hpu/EHT2/IHARM/MAD/MAD_a+0.5_384x192x192_IHARM/m_1_1_160/image_a+0.5_0023_163_0_230.e9_6.2e9_2.87962e+25_160.dat
        24        0.66929        3.84562       -228.494        6.45182        3.41359        4.68315       -1024.23     /gpfs/hpu/EHT2/IHARM/MAD/MAD_a+0.5_384x192x192_IHARM/m_1_1_160/image_a+0.5_0024_163_0_230.e9_6.2e9_2.87962e+25_160.dat
        25       0.518513        3.77042       -217.228        9.78761        9.12425        9.30008       -1569.08     /gpfs/hpu/EHT2/IHARM/MAD/MAD_a+0.5_384x192x192_IHARM/m_1_1_160/image_a+0.5_0025_163_0_230.e9_6.2e9_2.87962e+25_160.dat
        26        0.64926        3.48325       -217.035        6.97629        3.88165        5.16989       -1110.75     /gpfs/hpu/EHT2/IHARM/MAD/MAD_a+0.5_384x192x192_IHARM/m_1_1_160/image_a+0.5_0026_163_0_230.e9_6.2e9_2.87962e+25_160.dat
        27       0.677492        3.19005       -147.134        6.29248        7.02892        6.62615       -1375.11     /gpfs/hpu/EHT2/IHARM/MAD/MAD_a+0.5_384x192x192_IHARM/m_1_1_160/image_a+0.5_0027_163_0_230.e9_6.2e9_2.87962e+25_160.dat
        28       0.688646        3.07673       -157.012        12.6643        10.1857        11.1319       -1912.92     /gpfs/hpu/EHT2/IHARM/MAD/MAD_a+0.5_384x192x192_IHARM/m_1_1_160/image_a+0.5_0028_163_0_230.e9_6.2e9_2.87962e+25_160.dat
        29       0.475303        3.61103       -158.598        7.11159        10.8048        9.08068       -1591.49     /gpfs/hpu/EHT2/IHARM/MAD/MAD_a+0.5_384x192x192_IHARM/m_1_1_160/image_a+0.5_0029_163_0_230.e9_6.2e9_2.87962e+25_160.dat
        30       0.421529        3.55058       -176.401        9.83178         6.0002        7.58076       -1352.27     /gpfs/hpu/EHT2/IHARM/MAD/MAD_a+0.5_384x192x192_IHARM/m_1_1_160/image_a+0.5_0030_163_0_230.e9_6.2e9_2.87962e+25_160.dat
        31       0.481478        3.56441       -172.912        10.6834        8.14336        9.14076       -1607.87     /gpfs/hpu/EHT2/IHARM/MAD/MAD_a+0.5_384x192x192_IHARM/m_1_1_160/image_a+0.5_0031_163_0_230.e9_6.2e9_2.87962e+25_160.dat
        32       0.500884         3.7915       -225.479        4.19891        25.0825        15.7688       -2510.67     /gpfs/hpu/EHT2/IHARM/MAD/MAD_a+0.5_384x192x192_IHARM/m_1_1_160/image_a+0.5_0032_163_0_230.e9_6.2e9_2.87962e+25_160.dat
        33       0.370382        3.29135       -239.211        3.09674        10.5823        7.22463       -1281.01     /gpfs/hpu/EHT2/IHARM/MAD/MAD_a+0.5_384x192x192_IHARM/m_1_1_160/image_a+0.5_0033_163_0_230.e9_6.2e9_2.87962e+25_160.dat
        34        1.02222        4.07476       -228.177        6.91515        15.0927        11.3819       -2018.79     /gpfs/hpu/EHT2/IHARM/MAD/MAD_a+0.5_384x192x192_IHARM/m_1_1_160/image_a+0.5_0034_163_0_230.e9_6.2e9_2.87962e+25_160.dat
        35       0.561867        3.48564       -183.539        11.8481        18.8373        15.5939       -2473.93     /gpfs/hpu/EHT2/IHARM/MAD/MAD_a+0.5_384x192x192_IHARM/m_1_1_160/image_a+0.5_0035_163_0_230.e9_6.2e9_2.87962e+25_160.dat
        36       0.563387        3.41337       -207.041        7.31428        8.57948        7.92982       -1493.18     /gpfs/hpu/EHT2/IHARM/MAD/MAD_a+0.5_384x192x192_IHARM/m_1_1_160/image_a+0.5_0036_163_0_230.e9_6.2e9_2.87962e+25_160.dat
        37       0.711762        4.09177       -205.689        12.5773        9.64574        10.7939       -1897.62     /gpfs/hpu/EHT2/IHARM/MAD/MAD_a+0.5_384x192x192_IHARM/m_1_1_160/image_a+0.5_0037_163_0_230.e9_6.2e9_2.87962e+25_160.dat
        38       0.514305        3.39729       -260.649        1.78319        7.61731        5.00802       -1063.15     /gpfs/hpu/EHT2/IHARM/MAD/MAD_a+0.5_384x192x192_IHARM/m_1_1_160/image_a+0.5_0038_163_0_230.e9_6.2e9_2.87962e+25_160.dat
        39        0.52666        3.49422       -157.384        10.5355        7.51703        8.72843        -1598.7     /gpfs/hpu/EHT2/IHARM/MAD/MAD_a+0.5_384x192x192_IHARM/m_1_1_160/image_a+0.5_0039_163_0_230.e9_6.2e9_2.87962e+25_160.dat
        40       0.392079         3.8709       -255.599        3.77374        7.85931        6.00151       -1113.81     /gpfs/hpu/EHT2/IHARM/MAD/MAD_a+0.5_384x192x192_IHARM/m_1_1_160/image_a+0.5_0040_163_0_230.e9_6.2e9_2.87962e+25_160.dat
        41       0.425656         3.8179       -235.755        12.5026        10.1548         11.045       -1773.67     /gpfs/hpu/EHT2/IHARM/MAD/MAD_a+0.5_384x192x192_IHARM/m_1_1_160/image_a+0.5_0041_163_0_230.e9_6.2e9_2.87962e+25_160.dat
        42       0.394007        3.72815       -252.503        5.49506        7.99712        6.82086        -1250.4     /gpfs/hpu/EHT2/IHARM/MAD/MAD_a+0.5_384x192x192_IHARM/m_1_1_160/image_a+0.5_0042_163_0_230.e9_6.2e9_2.87962e+25_160.dat
        43       0.432766         3.8162       -176.946        11.0555        6.00596        8.11194       -1470.49     /gpfs/hpu/EHT2/IHARM/MAD/MAD_a+0.5_384x192x192_IHARM/m_1_1_160/image_a+0.5_0043_163_0_230.e9_6.2e9_2.87962e+25_160.dat
        44       0.385543        3.82218       -228.698        1.77238        2.67431        2.25282       -665.925     /gpfs/hpu/EHT2/IHARM/MAD/MAD_a+0.5_384x192x192_IHARM/m_1_1_160/image_a+0.5_0044_163_0_230.e9_6.2e9_2.87962e+25_160.dat
        45       0.399962        3.82074       -171.641         7.2605        5.10595        5.97377       -1155.62     /gpfs/hpu/EHT2/IHARM/MAD/MAD_a+0.5_384x192x192_IHARM/m_1_1_160/image_a+0.5_0045_163_0_230.e9_6.2e9_2.87962e+25_160.dat
        46       0.392826        3.67988       -231.921        12.7879        7.23191        9.54156        -1581.7     /gpfs/hpu/EHT2/IHARM/MAD/MAD_a+0.5_384x192x192_IHARM/m_1_1_160/image_a+0.5_0046_163_0_230.e9_6.2e9_2.87962e+25_160.dat
        47       0.404012        3.83621       -248.969        3.26683        7.99659         5.8592        -1139.1     /gpfs/hpu/EHT2/IHARM/MAD/MAD_a+0.5_384x192x192_IHARM/m_1_1_160/image_a+0.5_0047_163_0_230.e9_6.2e9_2.87962e+25_160.dat
        48       0.567201        3.75217       -178.839        6.78055        6.31586        6.43995       -1308.36     /gpfs/hpu/EHT2/IHARM/MAD/MAD_a+0.5_384x192x192_IHARM/m_1_1_160/image_a+0.5_0048_163_0_230.e9_6.2e9_2.87962e+25_160.dat
        49       0.496607        3.79676       -166.093        3.76646        9.08478        6.68029        -1330.6     /gpfs/hpu/EHT2/IHARM/MAD/MAD_a+0.5_384x192x192_IHARM/m_1_1_160/image_a+0.5_0049_163_0_230.e9_6.2e9_2.87962e+25_160.dat
        50       0.546017        3.71986        -158.06        12.8048        6.15145        8.94766       -1592.38     /gpfs/hpu/EHT2/IHARM/MAD/MAD_a+0.5_384x192x192_IHARM/m_1_1_160/image_a+0.5_0050_163_0_230.e9_6.2e9_2.87962e+25_160.dat
        51       0.431429        3.61174       -192.849        5.52946        4.75439        5.03128       -1070.66     /gpfs/hpu/EHT2/IHARM/MAD/MAD_a+0.5_384x192x192_IHARM/m_1_1_160/image_a+0.5_0051_163_0_230.e9_6.2e9_2.87962e+25_160.dat
        52       0.443705        3.64533        -190.06        6.75976         3.5367        4.88451       -1001.73     /gpfs/hpu/EHT2/IHARM/MAD/MAD_a+0.5_384x192x192_IHARM/m_1_1_160/image_a+0.5_0052_163_0_230.e9_6.2e9_2.87962e+25_160.dat
        53        0.44766        3.78643       -266.835        5.33745        8.67714        7.13126       -1262.27     /gpfs/hpu/EHT2/IHARM/MAD/MAD_a+0.5_384x192x192_IHARM/m_1_1_160/image_a+0.5_0053_163_0_230.e9_6.2e9_2.87962e+25_160.dat
        54       0.532693         3.5736       -204.981        6.08727        5.28652        5.56805       -1162.25     /gpfs/hpu/EHT2/IHARM/MAD/MAD_a+0.5_384x192x192_IHARM/m_1_1_160/image_a+0.5_0054_163_0_230.e9_6.2e9_2.87962e+25_160.dat
        55       0.465623         3.6939       -195.974        3.76706        7.22388        5.64504       -1156.27     /gpfs/hpu/EHT2/IHARM/MAD/MAD_a+0.5_384x192x192_IHARM/m_1_1_160/image_a+0.5_0055_163_0_230.e9_6.2e9_2.87962e+25_160.dat
        56       0.413241        3.62673        -245.09        2.42055        4.08969        3.32006        -807.71     /gpfs/hpu/EHT2/IHARM/MAD/MAD_a+0.5_384x192x192_IHARM/m_1_1_160/image_a+0.5_0056_163_0_230.e9_6.2e9_2.87962e+25_160.dat
        57       0.427914        3.56603       -217.893        7.01364        4.68976        5.63567       -1101.64     /gpfs/hpu/EHT2/IHARM/MAD/MAD_a+0.5_384x192x192_IHARM/m_1_1_160/image_a+0.5_0057_163_0_230.e9_6.2e9_2.87962e+25_160.dat
        58       0.370135         3.4508       -251.194        2.83258        5.84448        4.47429       -1010.99     /gpfs/hpu/EHT2/IHARM/MAD/MAD_a+0.5_384x192x192_IHARM/m_1_1_160/image_a+0.5_0058_163_0_230.e9_6.2e9_2.87962e+25_160.dat
        59       0.453194        3.83411       -215.595        2.66416        4.20502        3.48934       -848.344     /gpfs/hpu/EHT2/IHARM/MAD/MAD_a+0.5_384x192x192_IHARM/m_1_1_160/image_a+0.5_0059_163_0_230.e9_6.2e9_2.87962e+25_160.dat
        60       0.430279        3.76018       -264.536        5.11147        11.7146        8.72397       -1531.15     /gpfs/hpu/EHT2/IHARM/MAD/MAD_a+0.5_384x192x192_IHARM/m_1_1_160/image_a+0.5_0060_163_0_230.e9_6.2e9_2.87962e+25_160.dat
        61        1.15948        3.29272       -353.678        14.2533         76.745        48.8545       -6688.01     /gpfs/hpu/EHT2/IHARM/MAD/MAD_a+0.5_384x192x192_IHARM/m_1_1_160/image_a+0.5_0061_163_0_230.e9_6.2e9_2.87962e+25_160.dat
        62        1.32068        5.07944       -322.904        51.5656        118.228         88.036       -11434.6     /gpfs/hpu/EHT2/IHARM/MAD/MAD_a+0.5_384x192x192_IHARM/m_1_1_160/image_a+0.5_0062_163_0_230.e9_6.2e9_2.87962e+25_160.dat
        63       0.444549        3.74785       -293.932        14.7779        41.7465        29.6058       -4095.06     /gpfs/hpu/EHT2/IHARM/MAD/MAD_a+0.5_384x192x192_IHARM/m_1_1_160/image_a+0.5_0063_163_0_230.e9_6.2e9_2.87962e+25_160.dat
        64        0.61973        3.96805       -215.739        10.1801        7.98642        8.83628        -1593.8     /gpfs/hpu/EHT2/IHARM/MAD/MAD_a+0.5_384x192x192_IHARM/m_1_1_160/image_a+0.5_0064_163_0_230.e9_6.2e9_2.87962e+25_160.dat
        65       0.753948        3.43199        -258.12        7.97384        13.1464        10.7557       -1901.92     /gpfs/hpu/EHT2/IHARM/MAD/MAD_a+0.5_384x192x192_IHARM/m_1_1_160/image_a+0.5_0065_163_0_230.e9_6.2e9_2.87962e+25_160.dat
        66       0.838031        3.62927       -207.563        5.46801        5.65704        5.50705       -1233.03     /gpfs/hpu/EHT2/IHARM/MAD/MAD_a+0.5_384x192x192_IHARM/m_1_1_160/image_a+0.5_0066_163_0_230.e9_6.2e9_2.87962e+25_160.dat
        67       0.399445        3.46228       -213.723        3.85625        3.98274        3.87999       -902.578     /gpfs/hpu/EHT2/IHARM/MAD/MAD_a+0.5_384x192x192_IHARM/m_1_1_160/image_a+0.5_0067_163_0_230.e9_6.2e9_2.87962e+25_160.dat
        68       0.456803          3.329       -256.544        5.93461        6.13337        5.97342       -1171.49     /gpfs/hpu/EHT2/IHARM/MAD/MAD_a+0.5_384x192x192_IHARM/m_1_1_160/image_a+0.5_0068_163_0_230.e9_6.2e9_2.87962e+25_160.dat
        69       0.726572         3.8818        -232.63        5.62883        8.52085        7.17001        -1350.5     /gpfs/hpu/EHT2/IHARM/MAD/MAD_a+0.5_384x192x192_IHARM/m_1_1_160/image_a+0.5_0069_163_0_230.e9_6.2e9_2.87962e+25_160.dat
        70       0.693696        3.94637       -228.603        11.5753        19.2005        15.6783       -2390.06     /gpfs/hpu/EHT2/IHARM/MAD/MAD_a+0.5_384x192x192_IHARM/m_1_1_160/image_a+0.5_0070_163_0_230.e9_6.2e9_2.87962e+25_160.dat
        71       0.464867          3.448       -199.742        5.61919        6.75697        6.18434       -1241.02     /gpfs/hpu/EHT2/IHARM/MAD/MAD_a+0.5_384x192x192_IHARM/m_1_1_160/image_a+0.5_0071_163_0_230.e9_6.2e9_2.87962e+25_160.dat
        72       0.578254        3.52564       -200.824        5.53979        8.92382        7.35583       -1449.07     /gpfs/hpu/EHT2/IHARM/MAD/MAD_a+0.5_384x192x192_IHARM/m_1_1_160/image_a+0.5_0072_163_0_230.e9_6.2e9_2.87962e+25_160.dat
        73       0.650745        3.63758       -217.909         5.3876        8.31028        6.94876       -1458.06     /gpfs/hpu/EHT2/IHARM/MAD/MAD_a+0.5_384x192x192_IHARM/m_1_1_160/image_a+0.5_0073_163_0_230.e9_6.2e9_2.87962e+25_160.dat
        74       0.497804        3.81347       -256.199        3.00727        9.41352        6.53566       -1223.18     /gpfs/hpu/EHT2/IHARM/MAD/MAD_a+0.5_384x192x192_IHARM/m_1_1_160/image_a+0.5_0074_163_0_230.e9_6.2e9_2.87962e+25_160.dat
        75       0.355386        3.77165       -191.013        4.13014        4.73305        4.41567        -962.74     /gpfs/hpu/EHT2/IHARM/MAD/MAD_a+0.5_384x192x192_IHARM/m_1_1_160/image_a+0.5_0075_163_0_230.e9_6.2e9_2.87962e+25_160.dat
        76       0.568149        4.07299       -250.285        3.51995        6.81381        5.31025       -1054.91     /gpfs/hpu/EHT2/IHARM/MAD/MAD_a+0.5_384x192x192_IHARM/m_1_1_160/image_a+0.5_0076_163_0_230.e9_6.2e9_2.87962e+25_160.dat
        77       0.407566        3.81179        -244.57        5.99982        6.11099         5.9891       -1132.12     /gpfs/hpu/EHT2/IHARM/MAD/MAD_a+0.5_384x192x192_IHARM/m_1_1_160/image_a+0.5_0077_163_0_230.e9_6.2e9_2.87962e+25_160.dat
        78       0.484597        3.80216       -254.414        9.32295        25.1429        18.0132       -2636.14     /gpfs/hpu/EHT2/IHARM/MAD/MAD_a+0.5_384x192x192_IHARM/m_1_1_160/image_a+0.5_0078_163_0_230.e9_6.2e9_2.87962e+25_160.dat
        79       0.440162        3.76692       -178.624        11.1743         9.1209         9.8965       -1683.13     /gpfs/hpu/EHT2/IHARM/MAD/MAD_a+0.5_384x192x192_IHARM/m_1_1_160/image_a+0.5_0079_163_0_230.e9_6.2e9_2.87962e+25_160.dat
        80       0.418024        3.63921       -217.814        12.7698        9.71614        10.9161       -1769.46     /gpfs/hpu/EHT2/IHARM/MAD/MAD_a+0.5_384x192x192_IHARM/m_1_1_160/image_a+0.5_0080_163_0_230.e9_6.2e9_2.87962e+25_160.dat
        81       0.488313        3.91555       -196.564        8.83648        6.45722        7.40564       -1385.75     /gpfs/hpu/EHT2/IHARM/MAD/MAD_a+0.5_384x192x192_IHARM/m_1_1_160/image_a+0.5_0081_163_0_230.e9_6.2e9_2.87962e+25_160.dat
        82       0.428837        3.67746       -238.504        6.17967        6.59198        6.33435       -1214.64     /gpfs/hpu/EHT2/IHARM/MAD/MAD_a+0.5_384x192x192_IHARM/m_1_1_160/image_a+0.5_0082_163_0_230.e9_6.2e9_2.87962e+25_160.dat
        83       0.425299        3.91793       -213.158        2.08095        2.91876        2.52198       -703.634     /gpfs/hpu/EHT2/IHARM/MAD/MAD_a+0.5_384x192x192_IHARM/m_1_1_160/image_a+0.5_0083_163_0_230.e9_6.2e9_2.87962e+25_160.dat
        84       0.445173        3.88627       -211.854        5.14414        7.07938        6.15878       -1149.41     /gpfs/hpu/EHT2/IHARM/MAD/MAD_a+0.5_384x192x192_IHARM/m_1_1_160/image_a+0.5_0084_163_0_230.e9_6.2e9_2.87962e+25_160.dat
        85       0.787615        3.77133        -151.17        3.46092        18.6817        11.8887       -2191.02     /gpfs/hpu/EHT2/IHARM/MAD/MAD_a+0.5_384x192x192_IHARM/m_1_1_160/image_a+0.5_0085_163_0_230.e9_6.2e9_2.87962e+25_160.dat
        86       0.513932        3.35515       -149.956        6.33742        15.0323         11.099        -1883.4     /gpfs/hpu/EHT2/IHARM/MAD/MAD_a+0.5_384x192x192_IHARM/m_1_1_160/image_a+0.5_0086_163_0_230.e9_6.2e9_2.87962e+25_160.dat
        87       0.653316         3.7176       -161.926        4.65755        7.47889        6.17114       -1285.91     /gpfs/hpu/EHT2/IHARM/MAD/MAD_a+0.5_384x192x192_IHARM/m_1_1_160/image_a+0.5_0087_163_0_230.e9_6.2e9_2.87962e+25_160.dat
        88        0.37397         3.5118       -237.976        7.68389        7.18763        7.31479       -1317.63     /gpfs/hpu/EHT2/IHARM/MAD/MAD_a+0.5_384x192x192_IHARM/m_1_1_160/image_a+0.5_0088_163_0_230.e9_6.2e9_2.87962e+25_160.dat
        89       0.424106         3.4675       -260.548        10.6756        19.1643          15.27       -2315.07     /gpfs/hpu/EHT2/IHARM/MAD/MAD_a+0.5_384x192x192_IHARM/m_1_1_160/image_a+0.5_0089_163_0_230.e9_6.2e9_2.87962e+25_160.dat
        90       0.424427        3.61271       -203.031        2.63733        6.59971        4.81029       -1066.79     /gpfs/hpu/EHT2/IHARM/MAD/MAD_a+0.5_384x192x192_IHARM/m_1_1_160/image_a+0.5_0090_163_0_230.e9_6.2e9_2.87962e+25_160.dat
        91       0.435365        3.54914       -274.539        4.40616        5.63622        5.03733       -1017.37     /gpfs/hpu/EHT2/IHARM/MAD/MAD_a+0.5_384x192x192_IHARM/m_1_1_160/image_a+0.5_0091_163_0_230.e9_6.2e9_2.87962e+25_160.dat
        92       0.426615        3.55754       -204.667        4.36998        5.29522        4.83197       -1033.22     /gpfs/hpu/EHT2/IHARM/MAD/MAD_a+0.5_384x192x192_IHARM/m_1_1_160/image_a+0.5_0092_163_0_230.e9_6.2e9_2.87962e+25_160.dat
        93       0.440517        3.71469        -240.68        6.49432        5.26451        5.73143       -1100.35     /gpfs/hpu/EHT2/IHARM/MAD/MAD_a+0.5_384x192x192_IHARM/m_1_1_160/image_a+0.5_0093_163_0_230.e9_6.2e9_2.87962e+25_160.dat
        94       0.504768        4.02831       -206.422        6.59734        4.21195        5.19018       -1035.35     /gpfs/hpu/EHT2/IHARM/MAD/MAD_a+0.5_384x192x192_IHARM/m_1_1_160/image_a+0.5_0094_163_0_230.e9_6.2e9_2.87962e+25_160.dat
        95       0.562532        3.75674       -256.358        5.90297        13.4017        10.0043       -1688.83     /gpfs/hpu/EHT2/IHARM/MAD/MAD_a+0.5_384x192x192_IHARM/m_1_1_160/image_a+0.5_0095_163_0_230.e9_6.2e9_2.87962e+25_160.dat
        96       0.787157        4.16833       -270.649        9.89333        14.0017        12.0597       -1941.08     /gpfs/hpu/EHT2/IHARM/MAD/MAD_a+0.5_384x192x192_IHARM/m_1_1_160/image_a+0.5_0096_163_0_230.e9_6.2e9_2.87962e+25_160.dat
        97        0.57673        3.68727       -300.503        17.5271        26.5328        22.3263       -3282.95     /gpfs/hpu/EHT2/IHARM/MAD/MAD_a+0.5_384x192x192_IHARM/m_1_1_160/image_a+0.5_0097_163_0_230.e9_6.2e9_2.87962e+25_160.dat
        98       0.503488        3.92536       -283.443        1.78204        3.39612        2.65864       -760.698     /gpfs/hpu/EHT2/IHARM/MAD/MAD_a+0.5_384x192x192_IHARM/m_1_1_160/image_a+0.5_0098_163_0_230.e9_6.2e9_2.87962e+25_160.dat
        99        0.46718        3.70886       -260.658        4.11626        6.78423        5.55106       -1076.98     /gpfs/hpu/EHT2/IHARM/MAD/MAD_a+0.5_384x192x192_IHARM/m_1_1_160/image_a+0.5_0099_163_0_230.e9_6.2e9_2.87962e+25_160.dat
