   # Index         I (Jy)      M/D (uas)       PA (deg)  VA red. chisq  CP red. chisq     red. chisq     log-liklhd     FileName
         0         0.6427        3.52164        328.444        2.97587         4.8103        3.96064       -956.543     /gpfs/hpu/EHT2020/sc_64/Sa-0.94/m_1_1_10/image_Sa-0.94_1200_17_0_230.e9_6.2e9_6.88283e+28_10_64.dat
         1       0.710909        3.73027        339.924        4.38162        4.76616         4.5426       -1044.68     /gpfs/hpu/EHT2020/sc_64/Sa-0.94/m_1_1_10/image_Sa-0.94_1206_17_0_230.e9_6.2e9_6.88283e+28_10_64.dat
         2       0.547897        3.36759        325.338        3.57867        6.16836        4.97642        -1050.8     /gpfs/hpu/EHT2020/sc_64/Sa-0.94/m_1_1_10/image_Sa-0.94_1212_17_0_230.e9_6.2e9_6.88283e+28_10_64.dat
         3       0.675198        3.44663        306.362        6.22351         3.4358          4.597       -1013.77     /gpfs/hpu/EHT2020/sc_64/Sa-0.94/m_1_1_10/image_Sa-0.94_1218_17_0_230.e9_6.2e9_6.88283e+28_10_64.dat
         4       0.598453        3.40099        326.306         2.9852        6.45801        4.88154        -1067.5     /gpfs/hpu/EHT2020/sc_64/Sa-0.94/m_1_1_10/image_Sa-0.94_1224_17_0_230.e9_6.2e9_6.88283e+28_10_64.dat
         5       0.736681         3.2881        319.069        3.11055        8.26253        5.93975       -1228.93     /gpfs/hpu/EHT2020/sc_64/Sa-0.94/m_1_1_10/image_Sa-0.94_1230_17_0_230.e9_6.2e9_6.88283e+28_10_64.dat
         6         0.7108        3.43221        337.574        4.74893        14.7601        10.2622        -1841.1     /gpfs/hpu/EHT2020/sc_64/Sa-0.94/m_1_1_10/image_Sa-0.94_1236_17_0_230.e9_6.2e9_6.88283e+28_10_64.dat
         7       0.718112        3.51566         334.96        4.00966        9.76459         7.1635       -1405.88     /gpfs/hpu/EHT2020/sc_64/Sa-0.94/m_1_1_10/image_Sa-0.94_1242_17_0_230.e9_6.2e9_6.88283e+28_10_64.dat
         8       0.789818        3.69448        324.391        2.77313         3.7473        3.28166       -891.437     /gpfs/hpu/EHT2020/sc_64/Sa-0.94/m_1_1_10/image_Sa-0.94_1248_17_0_230.e9_6.2e9_6.88283e+28_10_64.dat
         9       0.783653        3.57242        322.323        3.47232        6.04343        4.86101        -1105.8     /gpfs/hpu/EHT2020/sc_64/Sa-0.94/m_1_1_10/image_Sa-0.94_1254_17_0_230.e9_6.2e9_6.88283e+28_10_64.dat
        10       0.755699        3.51637        357.994        2.63166        6.59497        4.80522       -1105.64     /gpfs/hpu/EHT2020/sc_64/Sa-0.94/m_1_1_10/image_Sa-0.94_1260_17_0_230.e9_6.2e9_6.88283e+28_10_64.dat
        11       0.558583        3.38859        315.921        4.32268        3.43629        3.77716       -878.887     /gpfs/hpu/EHT2020/sc_64/Sa-0.94/m_1_1_10/image_Sa-0.94_1266_17_0_230.e9_6.2e9_6.88283e+28_10_64.dat
        12       0.482979        3.51657        335.795        3.38538        2.98245        3.12021       -778.905     /gpfs/hpu/EHT2020/sc_64/Sa-0.94/m_1_1_10/image_Sa-0.94_1272_17_0_230.e9_6.2e9_6.88283e+28_10_64.dat
        13       0.549924         3.3892        330.952        3.11016        5.53296        4.42071       -1005.98     /gpfs/hpu/EHT2020/sc_64/Sa-0.94/m_1_1_10/image_Sa-0.94_1278_17_0_230.e9_6.2e9_6.88283e+28_10_64.dat
        14       0.531766        3.05134        317.106        7.11796        15.8079        11.8674       -1919.78     /gpfs/hpu/EHT2020/sc_64/Sa-0.94/m_1_1_10/image_Sa-0.94_1284_17_0_230.e9_6.2e9_6.88283e+28_10_64.dat
        15       0.771411        3.58231        282.288        3.66988        5.70109        4.75576       -1014.17     /gpfs/hpu/EHT2020/sc_64/Sa-0.94/m_1_1_10/image_Sa-0.94_1290_17_0_230.e9_6.2e9_6.88283e+28_10_64.dat
        16       0.718672        3.34731        323.127        6.16612        7.20698        6.67072          -1308     /gpfs/hpu/EHT2020/sc_64/Sa-0.94/m_1_1_10/image_Sa-0.94_1296_17_0_230.e9_6.2e9_6.88283e+28_10_64.dat
        17       0.576144        3.38515        338.123        6.80109        3.91443        5.11253       -1061.15     /gpfs/hpu/EHT2020/sc_64/Sa-0.94/m_1_1_10/image_Sa-0.94_1302_17_0_230.e9_6.2e9_6.88283e+28_10_64.dat
        18       0.555681        3.48247        298.801        4.70247        4.12459        4.32402       -962.886     /gpfs/hpu/EHT2020/sc_64/Sa-0.94/m_1_1_10/image_Sa-0.94_1308_17_0_230.e9_6.2e9_6.88283e+28_10_64.dat
        19       0.724261        3.68396        307.054        4.61216        3.37315        3.86692       -892.717     /gpfs/hpu/EHT2020/sc_64/Sa-0.94/m_1_1_10/image_Sa-0.94_1314_17_0_230.e9_6.2e9_6.88283e+28_10_64.dat
        20       0.959181        3.89104        302.756        4.41772        6.05444        5.27504       -1167.94     /gpfs/hpu/EHT2020/sc_64/Sa-0.94/m_1_1_10/image_Sa-0.94_1320_17_0_230.e9_6.2e9_6.88283e+28_10_64.dat
        21       0.672538        3.80617        340.189        3.22535        5.04217        4.19731       -1018.86     /gpfs/hpu/EHT2020/sc_64/Sa-0.94/m_1_1_10/image_Sa-0.94_1326_17_0_230.e9_6.2e9_6.88283e+28_10_64.dat
        22       0.689313        3.66823        340.276        3.22956        5.18457        4.27836       -1065.39     /gpfs/hpu/EHT2020/sc_64/Sa-0.94/m_1_1_10/image_Sa-0.94_1332_17_0_230.e9_6.2e9_6.88283e+28_10_64.dat
        23       0.685016        3.51469        323.855        3.13406        3.31696        3.19792       -882.428     /gpfs/hpu/EHT2020/sc_64/Sa-0.94/m_1_1_10/image_Sa-0.94_1338_17_0_230.e9_6.2e9_6.88283e+28_10_64.dat
        24       0.583645        3.98038        354.834        4.58278        8.37531         6.6377       -1269.88     /gpfs/hpu/EHT2020/sc_64/Sa-0.94/m_1_1_10/image_Sa-0.94_1344_17_0_230.e9_6.2e9_6.88283e+28_10_64.dat
        25       0.642412        3.50619        343.934        3.57322        5.35996        4.52423       -1076.15     /gpfs/hpu/EHT2020/sc_64/Sa-0.94/m_1_1_10/image_Sa-0.94_1350_17_0_230.e9_6.2e9_6.88283e+28_10_64.dat
        26       0.544836         3.6406         285.02        7.57173          5.759        6.47144       -1223.73     /gpfs/hpu/EHT2020/sc_64/Sa-0.94/m_1_1_10/image_Sa-0.94_1356_17_0_230.e9_6.2e9_6.88283e+28_10_64.dat
        27       0.466961        3.56215        328.671        5.49676        3.97415        4.58301       -950.026     /gpfs/hpu/EHT2020/sc_64/Sa-0.94/m_1_1_10/image_Sa-0.94_1362_17_0_230.e9_6.2e9_6.88283e+28_10_64.dat
        28       0.473774        3.52774        331.897        4.57777        6.20909        5.43015       -1074.76     /gpfs/hpu/EHT2020/sc_64/Sa-0.94/m_1_1_10/image_Sa-0.94_1368_17_0_230.e9_6.2e9_6.88283e+28_10_64.dat
        29       0.565424         3.4827        286.467        8.30378        5.21691        6.48564       -1229.35     /gpfs/hpu/EHT2020/sc_64/Sa-0.94/m_1_1_10/image_Sa-0.94_1374_17_0_230.e9_6.2e9_6.88283e+28_10_64.dat
        30       0.544949        3.36574        328.801         2.9567        3.95572        3.47684       -884.653     /gpfs/hpu/EHT2020/sc_64/Sa-0.94/m_1_1_10/image_Sa-0.94_1380_17_0_230.e9_6.2e9_6.88283e+28_10_64.dat
        31       0.517345        3.32959        324.198        4.63961        4.41784        4.46008       -987.863     /gpfs/hpu/EHT2020/sc_64/Sa-0.94/m_1_1_10/image_Sa-0.94_1386_17_0_230.e9_6.2e9_6.88283e+28_10_64.dat
        32        0.51165        3.61441        323.749        9.31361        7.74661        8.32899       -1419.68     /gpfs/hpu/EHT2020/sc_64/Sa-0.94/m_1_1_10/image_Sa-0.94_1392_17_0_230.e9_6.2e9_6.88283e+28_10_64.dat
        33       0.557168         3.4248         329.19        6.44954        3.29378        4.61549       -964.249     /gpfs/hpu/EHT2020/sc_64/Sa-0.94/m_1_1_10/image_Sa-0.94_1398_17_0_230.e9_6.2e9_6.88283e+28_10_64.dat
        34       0.630204        3.44945        328.615        4.58071        4.26276        4.34838       -942.355     /gpfs/hpu/EHT2020/sc_64/Sa-0.94/m_1_1_10/image_Sa-0.94_1404_17_0_230.e9_6.2e9_6.88283e+28_10_64.dat
        35       0.578361        3.49244        316.557        6.15265        7.62811        6.89925       -1284.92     /gpfs/hpu/EHT2020/sc_64/Sa-0.94/m_1_1_10/image_Sa-0.94_1410_17_0_230.e9_6.2e9_6.88283e+28_10_64.dat
        36       0.569144        3.50877        324.154        6.00815        8.41784        7.27635       -1415.89     /gpfs/hpu/EHT2020/sc_64/Sa-0.94/m_1_1_10/image_Sa-0.94_1416_17_0_230.e9_6.2e9_6.88283e+28_10_64.dat
        37       0.675953         3.6298        346.129        3.05619        6.05737        4.68923        -1083.4     /gpfs/hpu/EHT2020/sc_64/Sa-0.94/m_1_1_10/image_Sa-0.94_1422_17_0_230.e9_6.2e9_6.88283e+28_10_64.dat
        38       0.501233        3.68058        302.012        12.9787        10.7988        11.6087       -1833.87     /gpfs/hpu/EHT2020/sc_64/Sa-0.94/m_1_1_10/image_Sa-0.94_1428_17_0_230.e9_6.2e9_6.88283e+28_10_64.dat
        39       0.548956         3.8528        304.644        6.68522        7.33101         6.9637       -1286.49     /gpfs/hpu/EHT2020/sc_64/Sa-0.94/m_1_1_10/image_Sa-0.94_1434_17_0_230.e9_6.2e9_6.88283e+28_10_64.dat
        40       0.453837        3.56101        322.402        8.05992          6.806        7.26467       -1280.88     /gpfs/hpu/EHT2020/sc_64/Sa-0.94/m_1_1_10/image_Sa-0.94_1440_17_0_230.e9_6.2e9_6.88283e+28_10_64.dat
        41       0.570836         3.4076        344.578        9.90483         15.256        12.7627       -2067.79     /gpfs/hpu/EHT2020/sc_64/Sa-0.94/m_1_1_10/image_Sa-0.94_1446_17_0_230.e9_6.2e9_6.88283e+28_10_64.dat
        42       0.464235        3.64414        341.567        4.49704        5.37275        4.92993       -999.075     /gpfs/hpu/EHT2020/sc_64/Sa-0.94/m_1_1_10/image_Sa-0.94_1452_17_0_230.e9_6.2e9_6.88283e+28_10_64.dat
        43       0.670873        3.65706        324.561        1.27767        2.07643        1.70668       -664.479     /gpfs/hpu/EHT2020/sc_64/Sa-0.94/m_1_1_10/image_Sa-0.94_1458_17_0_230.e9_6.2e9_6.88283e+28_10_64.dat
        44       0.708326        3.30701         305.19        5.18124        14.1662        10.1182       -1754.97     /gpfs/hpu/EHT2020/sc_64/Sa-0.94/m_1_1_10/image_Sa-0.94_1464_17_0_230.e9_6.2e9_6.88283e+28_10_64.dat
        45        0.56269        3.63159        319.522        2.08457        2.27442        2.16499       -716.294     /gpfs/hpu/EHT2020/sc_64/Sa-0.94/m_1_1_10/image_Sa-0.94_1470_17_0_230.e9_6.2e9_6.88283e+28_10_64.dat
        46       0.613213        3.48685        335.055        4.15498        5.50265        4.85463       -1088.52     /gpfs/hpu/EHT2020/sc_64/Sa-0.94/m_1_1_10/image_Sa-0.94_1476_17_0_230.e9_6.2e9_6.88283e+28_10_64.dat
        47       0.654327        3.20489        337.924        6.68425        8.22284        7.45955       -1432.39     /gpfs/hpu/EHT2020/sc_64/Sa-0.94/m_1_1_10/image_Sa-0.94_1482_17_0_230.e9_6.2e9_6.88283e+28_10_64.dat
        48       0.611615        3.67439        284.246         8.0504         9.3273        8.66355       -1486.19     /gpfs/hpu/EHT2020/sc_64/Sa-0.94/m_1_1_10/image_Sa-0.94_1488_17_0_230.e9_6.2e9_6.88283e+28_10_64.dat
        49       0.519371        3.49205        342.984         6.2049        4.90759        5.40795       -1093.42     /gpfs/hpu/EHT2020/sc_64/Sa-0.94/m_1_1_10/image_Sa-0.94_1494_17_0_230.e9_6.2e9_6.88283e+28_10_64.dat
        50       0.624981        3.49813        337.762        3.52068        6.63633         5.2118       -1070.53     /gpfs/hpu/EHT2020/sc_64/Sa-0.94/m_1_1_10/image_Sa-0.94_1500_17_0_230.e9_6.2e9_6.88283e+28_10_64.dat
        51       0.437751         3.4982        332.883        14.1901        12.5126         13.085       -2051.81     /gpfs/hpu/EHT2020/sc_64/Sa-0.94/m_1_1_10/image_Sa-0.94_1506_17_0_230.e9_6.2e9_6.88283e+28_10_64.dat
        52       0.524216         3.3366        332.253        5.69504        9.88226        7.95613       -1464.41     /gpfs/hpu/EHT2020/sc_64/Sa-0.94/m_1_1_10/image_Sa-0.94_1512_17_0_230.e9_6.2e9_6.88283e+28_10_64.dat
        53       0.611417        3.50992        354.644        5.14512        8.92094        7.18394       -1406.01     /gpfs/hpu/EHT2020/sc_64/Sa-0.94/m_1_1_10/image_Sa-0.94_1518_17_0_230.e9_6.2e9_6.88283e+28_10_64.dat
        54       0.531703        3.53092        305.355        5.51122        10.6998        8.33177       -1461.98     /gpfs/hpu/EHT2020/sc_64/Sa-0.94/m_1_1_10/image_Sa-0.94_1524_17_0_230.e9_6.2e9_6.88283e+28_10_64.dat
        55       0.587868        3.56915        308.105        3.12338        5.54026        4.43047       -939.455     /gpfs/hpu/EHT2020/sc_64/Sa-0.94/m_1_1_10/image_Sa-0.94_1530_17_0_230.e9_6.2e9_6.88283e+28_10_64.dat
        56       0.533774        3.55458        324.472        5.34948         8.4235        6.99531       -1299.57     /gpfs/hpu/EHT2020/sc_64/Sa-0.94/m_1_1_10/image_Sa-0.94_1536_17_0_230.e9_6.2e9_6.88283e+28_10_64.dat
        57       0.635948         3.4376        327.804        3.66102        10.2546        7.28574       -1391.04     /gpfs/hpu/EHT2020/sc_64/Sa-0.94/m_1_1_10/image_Sa-0.94_1542_17_0_230.e9_6.2e9_6.88283e+28_10_64.dat
        58       0.656566        3.54852        304.492         9.1844          8.393        8.63292       -1499.63     /gpfs/hpu/EHT2020/sc_64/Sa-0.94/m_1_1_10/image_Sa-0.94_1548_17_0_230.e9_6.2e9_6.88283e+28_10_64.dat
        59       0.709452        3.98138        275.938         4.0379        4.34159        4.15804       -939.066     /gpfs/hpu/EHT2020/sc_64/Sa-0.94/m_1_1_10/image_Sa-0.94_1554_17_0_230.e9_6.2e9_6.88283e+28_10_64.dat
        60       0.594136        3.52351        323.411        7.43801        4.48604        5.70541       -1115.21     /gpfs/hpu/EHT2020/sc_64/Sa-0.94/m_1_1_10/image_Sa-0.94_1560_17_0_230.e9_6.2e9_6.88283e+28_10_64.dat
        61       0.501844        3.67331        294.781        4.57963        6.27385        5.46698       -1076.85     /gpfs/hpu/EHT2020/sc_64/Sa-0.94/m_1_1_10/image_Sa-0.94_1566_17_0_230.e9_6.2e9_6.88283e+28_10_64.dat
        62       0.483448        3.56863        310.426        3.34042        4.56164        3.97956       -921.381     /gpfs/hpu/EHT2020/sc_64/Sa-0.94/m_1_1_10/image_Sa-0.94_1572_17_0_230.e9_6.2e9_6.88283e+28_10_64.dat
        63       0.884337         3.4403        327.771        6.12202        3.20274        4.42352       -1111.06     /gpfs/hpu/EHT2020/sc_64/Sa-0.94/m_1_1_10/image_Sa-0.94_1578_17_0_230.e9_6.2e9_6.88283e+28_10_64.dat
        64        0.55076        3.48803        323.186        6.18562        8.30666        7.29105       -1343.21     /gpfs/hpu/EHT2020/sc_64/Sa-0.94/m_1_1_10/image_Sa-0.94_1584_17_0_230.e9_6.2e9_6.88283e+28_10_64.dat
        65       0.729699        3.76644        271.761        8.62759        11.8507        10.3167       -1786.36     /gpfs/hpu/EHT2020/sc_64/Sa-0.94/m_1_1_10/image_Sa-0.94_1590_17_0_230.e9_6.2e9_6.88283e+28_10_64.dat
        66       0.520079        3.63615        293.533        6.97214        7.44466        7.15073       -1312.87     /gpfs/hpu/EHT2020/sc_64/Sa-0.94/m_1_1_10/image_Sa-0.94_1596_17_0_230.e9_6.2e9_6.88283e+28_10_64.dat
        67       0.614263        3.27153        315.481        6.14385        11.0383        8.79303       -1580.09     /gpfs/hpu/EHT2020/sc_64/Sa-0.94/m_1_1_10/image_Sa-0.94_1602_17_0_230.e9_6.2e9_6.88283e+28_10_64.dat
        68       0.716704        3.83447        264.109        8.32093        13.7139        11.2212       -1820.55     /gpfs/hpu/EHT2020/sc_64/Sa-0.94/m_1_1_10/image_Sa-0.94_1608_17_0_230.e9_6.2e9_6.88283e+28_10_64.dat
        69       0.731886        3.54351        296.632         8.2919        7.40795        7.69972       -1406.19     /gpfs/hpu/EHT2020/sc_64/Sa-0.94/m_1_1_10/image_Sa-0.94_1614_17_0_230.e9_6.2e9_6.88283e+28_10_64.dat
        70       0.703229        3.65247        328.214        3.85938         5.2757        4.60081       -1067.66     /gpfs/hpu/EHT2020/sc_64/Sa-0.94/m_1_1_10/image_Sa-0.94_1620_17_0_230.e9_6.2e9_6.88283e+28_10_64.dat
        71        0.53475        3.84945        294.155        4.29246        6.01919        5.20137       -1048.16     /gpfs/hpu/EHT2020/sc_64/Sa-0.94/m_1_1_10/image_Sa-0.94_1626_17_0_230.e9_6.2e9_6.88283e+28_10_64.dat
        72       0.586282        3.44385        305.804         3.5456        4.87504        4.24248       -962.952     /gpfs/hpu/EHT2020/sc_64/Sa-0.94/m_1_1_10/image_Sa-0.94_1632_17_0_230.e9_6.2e9_6.88283e+28_10_64.dat
        73        0.57557        3.58294        319.089        3.97494        4.15873        4.02913       -945.516     /gpfs/hpu/EHT2020/sc_64/Sa-0.94/m_1_1_10/image_Sa-0.94_1638_17_0_230.e9_6.2e9_6.88283e+28_10_64.dat
        74       0.626127        3.59523        346.344        4.40951        6.70299        5.63238       -1207.91     /gpfs/hpu/EHT2020/sc_64/Sa-0.94/m_1_1_10/image_Sa-0.94_1644_17_0_230.e9_6.2e9_6.88283e+28_10_64.dat
        75       0.551239        3.78606        358.139        5.34824        4.44689        4.78199       -1035.19     /gpfs/hpu/EHT2020/sc_64/Sa-0.94/m_1_1_10/image_Sa-0.94_1650_17_0_230.e9_6.2e9_6.88283e+28_10_64.dat
        76       0.713588        3.79268        303.317         3.0884        5.85415        4.59005       -1015.94     /gpfs/hpu/EHT2020/sc_64/Sa-0.94/m_1_1_10/image_Sa-0.94_1656_17_0_230.e9_6.2e9_6.88283e+28_10_64.dat
        77       0.664484        3.66472         339.06        3.28641        3.48537        3.35737       -891.097     /gpfs/hpu/EHT2020/sc_64/Sa-0.94/m_1_1_10/image_Sa-0.94_1662_17_0_230.e9_6.2e9_6.88283e+28_10_64.dat
        78       0.505888        3.57116        300.093         6.8218         9.3038        8.12039       -1389.63     /gpfs/hpu/EHT2020/sc_64/Sa-0.94/m_1_1_10/image_Sa-0.94_1668_17_0_230.e9_6.2e9_6.88283e+28_10_64.dat
        79       0.494266        3.43633        325.706        12.1168        6.76314        8.99116       -1505.79     /gpfs/hpu/EHT2020/sc_64/Sa-0.94/m_1_1_10/image_Sa-0.94_1674_17_0_230.e9_6.2e9_6.88283e+28_10_64.dat
        80        0.57331        3.80737        341.746        5.04967        5.09805        5.01551       -1049.83     /gpfs/hpu/EHT2020/sc_64/Sa-0.94/m_1_1_10/image_Sa-0.94_1680_17_0_230.e9_6.2e9_6.88283e+28_10_64.dat
        81        0.47662        3.51625        299.743        3.51343        4.20643        3.85655       -872.106     /gpfs/hpu/EHT2020/sc_64/Sa-0.94/m_1_1_10/image_Sa-0.94_1686_17_0_230.e9_6.2e9_6.88283e+28_10_64.dat
        82       0.514547        3.49033        326.288        1.87877        4.17687        3.13482        -826.59     /gpfs/hpu/EHT2020/sc_64/Sa-0.94/m_1_1_10/image_Sa-0.94_1692_17_0_230.e9_6.2e9_6.88283e+28_10_64.dat
        83       0.683363        3.37636        327.568        2.85398        10.1399         6.8737       -1405.66     /gpfs/hpu/EHT2020/sc_64/Sa-0.94/m_1_1_10/image_Sa-0.94_1698_17_0_230.e9_6.2e9_6.88283e+28_10_64.dat
        84       0.587984        3.95191        256.637        7.80566        24.4704        16.9844        -2542.9     /gpfs/hpu/EHT2020/sc_64/Sa-0.94/m_1_1_10/image_Sa-0.94_1704_17_0_230.e9_6.2e9_6.88283e+28_10_64.dat
        85       0.798504        3.88489        269.934        4.55019        11.9246        8.59866       -1501.44     /gpfs/hpu/EHT2020/sc_64/Sa-0.94/m_1_1_10/image_Sa-0.94_1710_17_0_230.e9_6.2e9_6.88283e+28_10_64.dat
        86       0.569022        3.67181        302.343        4.49468        10.2374        7.63587       -1362.51     /gpfs/hpu/EHT2020/sc_64/Sa-0.94/m_1_1_10/image_Sa-0.94_1716_17_0_230.e9_6.2e9_6.88283e+28_10_64.dat
        87       0.614629        3.62746        306.108        2.84588        4.94484        3.97943       -932.933     /gpfs/hpu/EHT2020/sc_64/Sa-0.94/m_1_1_10/image_Sa-0.94_1722_17_0_230.e9_6.2e9_6.88283e+28_10_64.dat
        88       0.520162        3.82883        285.348        3.10752        3.57737        3.33137       -811.585     /gpfs/hpu/EHT2020/sc_64/Sa-0.94/m_1_1_10/image_Sa-0.94_1728_17_0_230.e9_6.2e9_6.88283e+28_10_64.dat
        89        0.67037        3.82717          330.6        1.87215        2.93216        2.43935        -753.85     /gpfs/hpu/EHT2020/sc_64/Sa-0.94/m_1_1_10/image_Sa-0.94_1734_17_0_230.e9_6.2e9_6.88283e+28_10_64.dat
        90       0.601837        3.55671        301.317         6.5489        12.9412        10.0267       -1724.18     /gpfs/hpu/EHT2020/sc_64/Sa-0.94/m_1_1_10/image_Sa-0.94_1740_17_0_230.e9_6.2e9_6.88283e+28_10_64.dat
        91       0.628912        3.62288        336.953        2.31995        2.99918        2.66985       -811.489     /gpfs/hpu/EHT2020/sc_64/Sa-0.94/m_1_1_10/image_Sa-0.94_1746_17_0_230.e9_6.2e9_6.88283e+28_10_64.dat
        92       0.829498         3.3712        330.949        8.93691        7.62173        8.09697       -1476.56     /gpfs/hpu/EHT2020/sc_64/Sa-0.94/m_1_1_10/image_Sa-0.94_1752_17_0_230.e9_6.2e9_6.88283e+28_10_64.dat
        93        1.10175        3.55442        359.731        3.03706         18.887        11.8201       -2084.08     /gpfs/hpu/EHT2020/sc_64/Sa-0.94/m_1_1_10/image_Sa-0.94_1758_17_0_230.e9_6.2e9_6.88283e+28_10_64.dat
        94       0.566994        3.54211        301.901        10.6575        6.81787        8.39199       -1502.72     /gpfs/hpu/EHT2020/sc_64/Sa-0.94/m_1_1_10/image_Sa-0.94_1764_17_0_230.e9_6.2e9_6.88283e+28_10_64.dat
        95       0.501876        3.68707        332.664        3.20817        5.38773        4.38218       -972.822     /gpfs/hpu/EHT2020/sc_64/Sa-0.94/m_1_1_10/image_Sa-0.94_1770_17_0_230.e9_6.2e9_6.88283e+28_10_64.dat
        96       0.595901        3.90547        276.995        16.2135        7.72335         11.293       -1804.88     /gpfs/hpu/EHT2020/sc_64/Sa-0.94/m_1_1_10/image_Sa-0.94_1776_17_0_230.e9_6.2e9_6.88283e+28_10_64.dat
        97         0.5043        3.68473        303.888        8.46948         9.4024        8.88615       -1509.49     /gpfs/hpu/EHT2020/sc_64/Sa-0.94/m_1_1_10/image_Sa-0.94_1782_17_0_230.e9_6.2e9_6.88283e+28_10_64.dat
        98       0.592039        3.72194        260.604        12.3801        6.79659        9.12339       -1562.08     /gpfs/hpu/EHT2020/sc_64/Sa-0.94/m_1_1_10/image_Sa-0.94_1788_17_0_230.e9_6.2e9_6.88283e+28_10_64.dat
        99       0.775324         3.6896        326.406        6.39704         5.6609        5.91003       -1260.69     /gpfs/hpu/EHT2020/sc_64/Sa-0.94/m_1_1_10/image_Sa-0.94_1794_17_0_230.e9_6.2e9_6.88283e+28_10_64.dat
