   # Index         I (Jy)      M/D (uas)       PA (deg)  VA red. chisq  CP red. chisq     red. chisq     log-liklhd     FileName
         0        0.74396        4.18372        86.5467        11.6159        22.1128        17.3164       -2579.11     /gpfs/hpu/EHT2020/sc_4/Ma+0.94/m_1_1_10/image_Ma+0.94_1000_163_0_230.e9_6.2e9_6.91318e+24_10_4.dat
         1       0.582048        3.71204        188.383        8.64069        13.2937        11.1254       -1870.24     /gpfs/hpu/EHT2020/sc_4/Ma+0.94/m_1_1_10/image_Ma+0.94_1010_163_0_230.e9_6.2e9_6.91318e+24_10_4.dat
         2       0.640161        3.93808        164.246        3.76935         12.872        8.78892       -1569.32     /gpfs/hpu/EHT2020/sc_4/Ma+0.94/m_1_1_10/image_Ma+0.94_1020_163_0_230.e9_6.2e9_6.91318e+24_10_4.dat
         3       0.603479        4.15749        185.147        4.80705         11.014        8.20276        -1458.4     /gpfs/hpu/EHT2020/sc_4/Ma+0.94/m_1_1_10/image_Ma+0.94_1030_163_0_230.e9_6.2e9_6.91318e+24_10_4.dat
         4       0.572085        4.15714        174.934        5.52292        8.38551          7.049       -1327.04     /gpfs/hpu/EHT2020/sc_4/Ma+0.94/m_1_1_10/image_Ma+0.94_1040_163_0_230.e9_6.2e9_6.91318e+24_10_4.dat
         5       0.736953        3.81349        185.363        8.12214        6.84121        7.31111       -1454.36     /gpfs/hpu/EHT2020/sc_4/Ma+0.94/m_1_1_10/image_Ma+0.94_1050_163_0_230.e9_6.2e9_6.91318e+24_10_4.dat
         6       0.753527        4.34743         190.25        4.48579        10.8638        7.98058        -1530.9     /gpfs/hpu/EHT2020/sc_4/Ma+0.94/m_1_1_10/image_Ma+0.94_1060_163_0_230.e9_6.2e9_6.91318e+24_10_4.dat
         7       0.849693        4.14957        185.331        11.3641        8.22957        9.48243       -1728.44     /gpfs/hpu/EHT2020/sc_4/Ma+0.94/m_1_1_10/image_Ma+0.94_1070_163_0_230.e9_6.2e9_6.91318e+24_10_4.dat
         8       0.514771        4.18645        177.728        8.57345        6.91252        7.54551        -1370.9     /gpfs/hpu/EHT2020/sc_4/Ma+0.94/m_1_1_10/image_Ma+0.94_1080_163_0_230.e9_6.2e9_6.91318e+24_10_4.dat
         9        0.49291        4.17095        84.4602         9.4783        10.0698         9.6928       -1578.19     /gpfs/hpu/EHT2020/sc_4/Ma+0.94/m_1_1_10/image_Ma+0.94_1090_163_0_230.e9_6.2e9_6.91318e+24_10_4.dat
        10       0.454425        3.96123        140.441        8.63196        12.2678        10.5507       -1745.15     /gpfs/hpu/EHT2020/sc_4/Ma+0.94/m_1_1_10/image_Ma+0.94_1100_163_0_230.e9_6.2e9_6.91318e+24_10_4.dat
        11       0.431367         4.2352        101.061        5.09282        7.09782         6.1469       -1139.34     /gpfs/hpu/EHT2020/sc_4/Ma+0.94/m_1_1_10/image_Ma+0.94_1110_163_0_230.e9_6.2e9_6.91318e+24_10_4.dat
        12        0.47526        4.10629        136.164        3.10266         5.5195        4.40998        -962.19     /gpfs/hpu/EHT2020/sc_4/Ma+0.94/m_1_1_10/image_Ma+0.94_1120_163_0_230.e9_6.2e9_6.91318e+24_10_4.dat
        13       0.679994        3.94137        149.073        6.19605        3.65177        4.70533       -1074.26     /gpfs/hpu/EHT2020/sc_4/Ma+0.94/m_1_1_10/image_Ma+0.94_1130_163_0_230.e9_6.2e9_6.91318e+24_10_4.dat
        14       0.480012        4.11494         155.96         4.0859        6.52822         5.3955       -1098.14     /gpfs/hpu/EHT2020/sc_4/Ma+0.94/m_1_1_10/image_Ma+0.94_1140_163_0_230.e9_6.2e9_6.91318e+24_10_4.dat
        15       0.542572        3.87568        139.562        7.41059        9.58865        8.53293       -1501.24     /gpfs/hpu/EHT2020/sc_4/Ma+0.94/m_1_1_10/image_Ma+0.94_1150_163_0_230.e9_6.2e9_6.91318e+24_10_4.dat
        16        0.52055        4.38062        169.058        5.51665        5.08141        5.20773       -1077.23     /gpfs/hpu/EHT2020/sc_4/Ma+0.94/m_1_1_10/image_Ma+0.94_1160_163_0_230.e9_6.2e9_6.91318e+24_10_4.dat
        17       0.452116        3.83163        144.304        4.33858        3.85346        4.01615       -919.076     /gpfs/hpu/EHT2020/sc_4/Ma+0.94/m_1_1_10/image_Ma+0.94_1170_163_0_230.e9_6.2e9_6.91318e+24_10_4.dat
        18       0.660309        3.76285        138.503        4.28023        9.67247        7.22898       -1432.75     /gpfs/hpu/EHT2020/sc_4/Ma+0.94/m_1_1_10/image_Ma+0.94_1180_163_0_230.e9_6.2e9_6.91318e+24_10_4.dat
        19       0.461651        4.16039        145.685        3.36535        3.31395        3.29604       -798.154     /gpfs/hpu/EHT2020/sc_4/Ma+0.94/m_1_1_10/image_Ma+0.94_1190_163_0_230.e9_6.2e9_6.91318e+24_10_4.dat
        20       0.458457        4.08576        127.981        5.09348        3.66619        4.23764       -901.664     /gpfs/hpu/EHT2020/sc_4/Ma+0.94/m_1_1_10/image_Ma+0.94_1200_163_0_230.e9_6.2e9_6.91318e+24_10_4.dat
        21       0.465852        4.20978        147.879        4.84884         4.6195        4.66257       -995.701     /gpfs/hpu/EHT2020/sc_4/Ma+0.94/m_1_1_10/image_Ma+0.94_1210_163_0_230.e9_6.2e9_6.91318e+24_10_4.dat
        22       0.498497        3.87633        133.881        5.19787         5.7674        5.45191        -1098.3     /gpfs/hpu/EHT2020/sc_4/Ma+0.94/m_1_1_10/image_Ma+0.94_1220_163_0_230.e9_6.2e9_6.91318e+24_10_4.dat
        23       0.735481         3.8124         123.27        5.60235        13.8175        10.1059          -1780     /gpfs/hpu/EHT2020/sc_4/Ma+0.94/m_1_1_10/image_Ma+0.94_1230_163_0_230.e9_6.2e9_6.91318e+24_10_4.dat
        24       0.732021        4.11576        61.2211        8.70559        7.99886        8.20702       -1462.26     /gpfs/hpu/EHT2020/sc_4/Ma+0.94/m_1_1_10/image_Ma+0.94_1240_163_0_230.e9_6.2e9_6.91318e+24_10_4.dat
        25       0.656742        4.24132        17.2009        4.52715        25.1627        15.9551       -2455.16     /gpfs/hpu/EHT2020/sc_4/Ma+0.94/m_1_1_10/image_Ma+0.94_1250_163_0_230.e9_6.2e9_6.91318e+24_10_4.dat
        26       0.535171        3.53381        132.269         11.965        9.84085        10.6383       -1736.96     /gpfs/hpu/EHT2020/sc_4/Ma+0.94/m_1_1_10/image_Ma+0.94_1260_163_0_230.e9_6.2e9_6.91318e+24_10_4.dat
        27       0.552038        3.69146         98.926        4.35793        4.96372        4.64231       -1034.27     /gpfs/hpu/EHT2020/sc_4/Ma+0.94/m_1_1_10/image_Ma+0.94_1270_163_0_230.e9_6.2e9_6.91318e+24_10_4.dat
        28       0.841923         4.1521        157.207        7.65824        6.11422        6.70643       -1329.48     /gpfs/hpu/EHT2020/sc_4/Ma+0.94/m_1_1_10/image_Ma+0.94_1280_163_0_230.e9_6.2e9_6.91318e+24_10_4.dat
        29       0.547563        4.16944        128.443        4.41174        4.30104        4.29677       -916.805     /gpfs/hpu/EHT2020/sc_4/Ma+0.94/m_1_1_10/image_Ma+0.94_1290_163_0_230.e9_6.2e9_6.91318e+24_10_4.dat
        30       0.639272        3.90692        172.469        4.12286        6.25997        5.26219       -1133.66     /gpfs/hpu/EHT2020/sc_4/Ma+0.94/m_1_1_10/image_Ma+0.94_1300_163_0_230.e9_6.2e9_6.91318e+24_10_4.dat
        31       0.626696        4.05935        153.385        4.62756        5.44769        5.02794       -1105.49     /gpfs/hpu/EHT2020/sc_4/Ma+0.94/m_1_1_10/image_Ma+0.94_1310_163_0_230.e9_6.2e9_6.91318e+24_10_4.dat
        32       0.634856        4.15573        80.5322        6.67861         19.079         13.498       -2069.23     /gpfs/hpu/EHT2020/sc_4/Ma+0.94/m_1_1_10/image_Ma+0.94_1320_163_0_230.e9_6.2e9_6.91318e+24_10_4.dat
        33        1.04911        3.77729        146.637        12.6977        7.55966        9.68503       -1943.64     /gpfs/hpu/EHT2020/sc_4/Ma+0.94/m_1_1_10/image_Ma+0.94_1330_163_0_230.e9_6.2e9_6.91318e+24_10_4.dat
        34       0.625723        4.03315        152.637        2.93143        6.92363        5.11743       -1061.59     /gpfs/hpu/EHT2020/sc_4/Ma+0.94/m_1_1_10/image_Ma+0.94_1340_163_0_230.e9_6.2e9_6.91318e+24_10_4.dat
        35       0.457756        4.24859        167.347        5.92366        5.76544        5.76396       -1112.03     /gpfs/hpu/EHT2020/sc_4/Ma+0.94/m_1_1_10/image_Ma+0.94_1350_163_0_230.e9_6.2e9_6.91318e+24_10_4.dat
        36       0.513839        4.18353        166.273        4.05392        4.84967        4.44767        -952.52     /gpfs/hpu/EHT2020/sc_4/Ma+0.94/m_1_1_10/image_Ma+0.94_1360_163_0_230.e9_6.2e9_6.91318e+24_10_4.dat
        37       0.610962        4.09334        184.888        6.21914        4.73745        5.31942       -1106.02     /gpfs/hpu/EHT2020/sc_4/Ma+0.94/m_1_1_10/image_Ma+0.94_1370_163_0_230.e9_6.2e9_6.91318e+24_10_4.dat
        38       0.468082         4.3191        165.572        8.87697         7.5991        8.05852       -1415.22     /gpfs/hpu/EHT2020/sc_4/Ma+0.94/m_1_1_10/image_Ma+0.94_1380_163_0_230.e9_6.2e9_6.91318e+24_10_4.dat
        39       0.589152        4.21735        116.831        3.91557        4.00046        3.91544       -904.289     /gpfs/hpu/EHT2020/sc_4/Ma+0.94/m_1_1_10/image_Ma+0.94_1390_163_0_230.e9_6.2e9_6.91318e+24_10_4.dat
        40       0.566566         3.9774        127.065        6.02913        6.72537        6.34362       -1228.23     /gpfs/hpu/EHT2020/sc_4/Ma+0.94/m_1_1_10/image_Ma+0.94_1400_163_0_230.e9_6.2e9_6.91318e+24_10_4.dat
        41         1.2818        4.31915        157.887        14.3702        19.1171        16.8378       -2814.76     /gpfs/hpu/EHT2020/sc_4/Ma+0.94/m_1_1_10/image_Ma+0.94_1410_163_0_230.e9_6.2e9_6.91318e+24_10_4.dat
        42       0.518117        3.99114       -310.691        7.98853         9.8856        8.94752       -1515.16     /gpfs/hpu/EHT2020/sc_4/Ma+0.94/m_1_1_10/image_Ma+0.94_1420_163_0_230.e9_6.2e9_6.91318e+24_10_4.dat
        43       0.567642        4.10985       -190.938        5.00315        3.69008        4.21197       -1005.56     /gpfs/hpu/EHT2020/sc_4/Ma+0.94/m_1_1_10/image_Ma+0.94_1430_163_0_230.e9_6.2e9_6.91318e+24_10_4.dat
        44       0.417074        4.21933       -223.532        4.10435        6.39045         5.3268       -1050.58     /gpfs/hpu/EHT2020/sc_4/Ma+0.94/m_1_1_10/image_Ma+0.94_1440_163_0_230.e9_6.2e9_6.91318e+24_10_4.dat
        45       0.534406        4.00048       -248.388          6.439        6.58873        6.44443        -1185.1     /gpfs/hpu/EHT2020/sc_4/Ma+0.94/m_1_1_10/image_Ma+0.94_1450_163_0_230.e9_6.2e9_6.91318e+24_10_4.dat
        46        1.01091        4.10262       -264.773        11.8781        45.4179        30.3977       -4320.95     /gpfs/hpu/EHT2020/sc_4/Ma+0.94/m_1_1_10/image_Ma+0.94_1460_163_0_230.e9_6.2e9_6.91318e+24_10_4.dat
        47       0.775907        4.53266       -153.472        18.5356        8.75925        12.8713       -2075.51     /gpfs/hpu/EHT2020/sc_4/Ma+0.94/m_1_1_10/image_Ma+0.94_1470_163_0_230.e9_6.2e9_6.91318e+24_10_4.dat
        48        1.04502         4.3054       -185.395        17.5311        9.03285        12.5902       -2190.76     /gpfs/hpu/EHT2020/sc_4/Ma+0.94/m_1_1_10/image_Ma+0.94_1480_163_0_230.e9_6.2e9_6.91318e+24_10_4.dat
        49        1.05307        4.35626       -179.586        14.7843        8.69303         11.216       -2037.23     /gpfs/hpu/EHT2020/sc_4/Ma+0.94/m_1_1_10/image_Ma+0.94_1490_163_0_230.e9_6.2e9_6.91318e+24_10_4.dat
        50       0.778572        4.33638       -190.541        16.1868        7.72439        11.2821       -2031.45     /gpfs/hpu/EHT2020/sc_4/Ma+0.94/m_1_1_10/image_Ma+0.94_1500_163_0_230.e9_6.2e9_6.91318e+24_10_4.dat
        51       0.782313        4.72145       -191.182        20.3681        17.9213        18.7602       -2981.09     /gpfs/hpu/EHT2020/sc_4/Ma+0.94/m_1_1_10/image_Ma+0.94_1510_163_0_230.e9_6.2e9_6.91318e+24_10_4.dat
        52       0.868711        5.09386       -200.945        23.8685        9.70446        15.6981       -2508.69     /gpfs/hpu/EHT2020/sc_4/Ma+0.94/m_1_1_10/image_Ma+0.94_1520_163_0_230.e9_6.2e9_6.91318e+24_10_4.dat
        53       0.635814        4.49056       -255.795        9.53578        10.9025        10.1809          -1731     /gpfs/hpu/EHT2020/sc_4/Ma+0.94/m_1_1_10/image_Ma+0.94_1530_163_0_230.e9_6.2e9_6.91318e+24_10_4.dat
        54       0.560616        4.65194       -230.679        2.89607        7.05675        5.17625       -1053.75     /gpfs/hpu/EHT2020/sc_4/Ma+0.94/m_1_1_10/image_Ma+0.94_1540_163_0_230.e9_6.2e9_6.91318e+24_10_4.dat
        55       0.720061        4.37665       -306.265        2.53139        10.2848        6.81517       -1273.46     /gpfs/hpu/EHT2020/sc_4/Ma+0.94/m_1_1_10/image_Ma+0.94_1550_163_0_230.e9_6.2e9_6.91318e+24_10_4.dat
        56        0.58913        4.46267       -286.912        4.64771        6.36527        5.54723       -1159.75     /gpfs/hpu/EHT2020/sc_4/Ma+0.94/m_1_1_10/image_Ma+0.94_1560_163_0_230.e9_6.2e9_6.91318e+24_10_4.dat
        57       0.385533        4.17685       -232.204        9.78233        14.2448        12.1472       -1916.19     /gpfs/hpu/EHT2020/sc_4/Ma+0.94/m_1_1_10/image_Ma+0.94_1570_163_0_230.e9_6.2e9_6.91318e+24_10_4.dat
        58       0.571545         4.4764       -181.372        12.7682        6.27567        9.00097       -1606.44     /gpfs/hpu/EHT2020/sc_4/Ma+0.94/m_1_1_10/image_Ma+0.94_1580_163_0_230.e9_6.2e9_6.91318e+24_10_4.dat
        59       0.471645        4.16719       -186.482        8.24639        7.60965        7.79232       -1435.13     /gpfs/hpu/EHT2020/sc_4/Ma+0.94/m_1_1_10/image_Ma+0.94_1590_163_0_230.e9_6.2e9_6.91318e+24_10_4.dat
        60       0.397664        4.26136       -226.143        5.85547        6.20499        5.97913       -1141.13     /gpfs/hpu/EHT2020/sc_4/Ma+0.94/m_1_1_10/image_Ma+0.94_1600_163_0_230.e9_6.2e9_6.91318e+24_10_4.dat
        61       0.459187        4.31868       -188.334        11.0726        4.84871        7.47537       -1365.51     /gpfs/hpu/EHT2020/sc_4/Ma+0.94/m_1_1_10/image_Ma+0.94_1610_163_0_230.e9_6.2e9_6.91318e+24_10_4.dat
        62       0.465466         4.1545       -204.868        3.66825        4.14346        3.88831       -938.361     /gpfs/hpu/EHT2020/sc_4/Ma+0.94/m_1_1_10/image_Ma+0.94_1620_163_0_230.e9_6.2e9_6.91318e+24_10_4.dat
        63       0.416019        3.87663       -220.018        2.43231        5.94266        4.35623       -935.171     /gpfs/hpu/EHT2020/sc_4/Ma+0.94/m_1_1_10/image_Ma+0.94_1630_163_0_230.e9_6.2e9_6.91318e+24_10_4.dat
        64       0.492939         4.3763       -203.424         6.6982        4.18724        5.21995       -1079.86     /gpfs/hpu/EHT2020/sc_4/Ma+0.94/m_1_1_10/image_Ma+0.94_1640_163_0_230.e9_6.2e9_6.91318e+24_10_4.dat
        65       0.486224        4.03956         -202.9        2.72872        3.06363        2.88207       -755.814     /gpfs/hpu/EHT2020/sc_4/Ma+0.94/m_1_1_10/image_Ma+0.94_1650_163_0_230.e9_6.2e9_6.91318e+24_10_4.dat
        66       0.578614        4.02037       -222.175         3.6401        3.87556        3.72709       -866.172     /gpfs/hpu/EHT2020/sc_4/Ma+0.94/m_1_1_10/image_Ma+0.94_1660_163_0_230.e9_6.2e9_6.91318e+24_10_4.dat
        67       0.545753        4.07968       -249.686        4.19399        5.14027        4.66982       -977.047     /gpfs/hpu/EHT2020/sc_4/Ma+0.94/m_1_1_10/image_Ma+0.94_1670_163_0_230.e9_6.2e9_6.91318e+24_10_4.dat
        68       0.463539         3.8719       -217.303         3.3485        8.61358        6.23776       -1150.25     /gpfs/hpu/EHT2020/sc_4/Ma+0.94/m_1_1_10/image_Ma+0.94_1680_163_0_230.e9_6.2e9_6.91318e+24_10_4.dat
        69       0.594545        3.89098        -205.44        2.67881        4.91989        3.89346       -921.648     /gpfs/hpu/EHT2020/sc_4/Ma+0.94/m_1_1_10/image_Ma+0.94_1690_163_0_230.e9_6.2e9_6.91318e+24_10_4.dat
        70       0.461483        3.86667        -244.73        7.61648        8.25422        7.87922       -1402.03     /gpfs/hpu/EHT2020/sc_4/Ma+0.94/m_1_1_10/image_Ma+0.94_1700_163_0_230.e9_6.2e9_6.91318e+24_10_4.dat
        71       0.520227        4.13772       -241.039        8.13019        11.8825        10.1198        -1651.8     /gpfs/hpu/EHT2020/sc_4/Ma+0.94/m_1_1_10/image_Ma+0.94_1710_163_0_230.e9_6.2e9_6.91318e+24_10_4.dat
        72        0.55178         3.7939       -227.641        5.98184        10.6344        8.49842       -1525.55     /gpfs/hpu/EHT2020/sc_4/Ma+0.94/m_1_1_10/image_Ma+0.94_1720_163_0_230.e9_6.2e9_6.91318e+24_10_4.dat
        73       0.533302        3.92671       -197.443        2.64008        9.33886        6.33569       -1279.23     /gpfs/hpu/EHT2020/sc_4/Ma+0.94/m_1_1_10/image_Ma+0.94_1730_163_0_230.e9_6.2e9_6.91318e+24_10_4.dat
        74       0.647317        3.90739       -190.427        3.93554        8.91629        6.65948       -1365.62     /gpfs/hpu/EHT2020/sc_4/Ma+0.94/m_1_1_10/image_Ma+0.94_1740_163_0_230.e9_6.2e9_6.91318e+24_10_4.dat
        75       0.562687        4.01396        96.6458        13.8979        7.25159        10.0314       -1654.73     /gpfs/hpu/EHT2020/sc_4/Ma+0.94/m_1_1_10/image_Ma+0.94_1750_163_0_230.e9_6.2e9_6.91318e+24_10_4.dat
        76       0.498347        3.71537        166.389         5.7369        9.88276        7.97448       -1402.22     /gpfs/hpu/EHT2020/sc_4/Ma+0.94/m_1_1_10/image_Ma+0.94_1760_163_0_230.e9_6.2e9_6.91318e+24_10_4.dat
        77       0.504113        4.02206         139.01         2.9975        9.34052        6.49082       -1203.83     /gpfs/hpu/EHT2020/sc_4/Ma+0.94/m_1_1_10/image_Ma+0.94_1770_163_0_230.e9_6.2e9_6.91318e+24_10_4.dat
        78       0.468389        4.25605        106.811        4.49147        6.57992        5.59926       -1069.48     /gpfs/hpu/EHT2020/sc_4/Ma+0.94/m_1_1_10/image_Ma+0.94_1780_163_0_230.e9_6.2e9_6.91318e+24_10_4.dat
        79       0.825424        3.91366        105.513         7.7986        18.5974        13.7133       -2307.69     /gpfs/hpu/EHT2020/sc_4/Ma+0.94/m_1_1_10/image_Ma+0.94_1790_163_0_230.e9_6.2e9_6.91318e+24_10_4.dat
        80       0.843451        3.61714        160.475        6.65534        8.65174        7.68573       -1552.23     /gpfs/hpu/EHT2020/sc_4/Ma+0.94/m_1_1_10/image_Ma+0.94_1800_163_0_230.e9_6.2e9_6.91318e+24_10_4.dat
        81       0.592293        4.44799        81.7666        5.91661        16.7999        11.9011       -1861.35     /gpfs/hpu/EHT2020/sc_4/Ma+0.94/m_1_1_10/image_Ma+0.94_1810_163_0_230.e9_6.2e9_6.91318e+24_10_4.dat
        82        0.58481        4.20967        187.561           9.29        9.12796        9.08746       -1618.43     /gpfs/hpu/EHT2020/sc_4/Ma+0.94/m_1_1_10/image_Ma+0.94_1820_163_0_230.e9_6.2e9_6.91318e+24_10_4.dat
        83       0.619575        4.00074        153.415        9.02261         8.7806         8.7788       -1572.21     /gpfs/hpu/EHT2020/sc_4/Ma+0.94/m_1_1_10/image_Ma+0.94_1830_163_0_230.e9_6.2e9_6.91318e+24_10_4.dat
        84       0.453001        4.12474        128.507        3.31485        5.58913        4.54028       -941.039     /gpfs/hpu/EHT2020/sc_4/Ma+0.94/m_1_1_10/image_Ma+0.94_1840_163_0_230.e9_6.2e9_6.91318e+24_10_4.dat
        85       0.597355        3.70981        115.472        2.65955        9.44682        6.40416       -1286.12     /gpfs/hpu/EHT2020/sc_4/Ma+0.94/m_1_1_10/image_Ma+0.94_1850_163_0_230.e9_6.2e9_6.91318e+24_10_4.dat
        86       0.470639        3.87489        157.235         7.7205        6.53954        6.96996       -1294.66     /gpfs/hpu/EHT2020/sc_4/Ma+0.94/m_1_1_10/image_Ma+0.94_1860_163_0_230.e9_6.2e9_6.91318e+24_10_4.dat
        87       0.462639        4.10264          117.7        6.65032        9.06004        7.91076       -1389.96     /gpfs/hpu/EHT2020/sc_4/Ma+0.94/m_1_1_10/image_Ma+0.94_1870_163_0_230.e9_6.2e9_6.91318e+24_10_4.dat
        88       0.593207         3.8697        163.628        4.21479        5.77724        5.03323        -1096.4     /gpfs/hpu/EHT2020/sc_4/Ma+0.94/m_1_1_10/image_Ma+0.94_1880_163_0_230.e9_6.2e9_6.91318e+24_10_4.dat
        89       0.611551        4.26263        140.952        2.12717        5.59452        4.03085       -979.907     /gpfs/hpu/EHT2020/sc_4/Ma+0.94/m_1_1_10/image_Ma+0.94_1890_163_0_230.e9_6.2e9_6.91318e+24_10_4.dat
        90        0.54836        3.90629        161.209         5.6801        7.71174         6.7419       -1245.79     /gpfs/hpu/EHT2020/sc_4/Ma+0.94/m_1_1_10/image_Ma+0.94_1900_163_0_230.e9_6.2e9_6.91318e+24_10_4.dat
        91        0.58697        3.76674        153.054        8.35667        19.4203         14.412       -2250.95     /gpfs/hpu/EHT2020/sc_4/Ma+0.94/m_1_1_10/image_Ma+0.94_1910_163_0_230.e9_6.2e9_6.91318e+24_10_4.dat
        92       0.601875        4.01842        194.465        5.64183        5.56181        5.52905        -1156.8     /gpfs/hpu/EHT2020/sc_4/Ma+0.94/m_1_1_10/image_Ma+0.94_1920_163_0_230.e9_6.2e9_6.91318e+24_10_4.dat
        93       0.578002        4.56377        173.428        11.5455        7.60192        9.21144       -1576.93     /gpfs/hpu/EHT2020/sc_4/Ma+0.94/m_1_1_10/image_Ma+0.94_1930_163_0_230.e9_6.2e9_6.91318e+24_10_4.dat
        94       0.524939        3.94678        140.311        4.76453         4.6481        4.64211       -978.295     /gpfs/hpu/EHT2020/sc_4/Ma+0.94/m_1_1_10/image_Ma+0.94_1940_163_0_230.e9_6.2e9_6.91318e+24_10_4.dat
        95       0.458584        4.10284        134.682        2.99095        4.81151        3.96782       -869.335     /gpfs/hpu/EHT2020/sc_4/Ma+0.94/m_1_1_10/image_Ma+0.94_1950_163_0_230.e9_6.2e9_6.91318e+24_10_4.dat
        96       0.458424        4.19721        108.436        4.05978        5.34148        4.72388       -968.868     /gpfs/hpu/EHT2020/sc_4/Ma+0.94/m_1_1_10/image_Ma+0.94_1960_163_0_230.e9_6.2e9_6.91318e+24_10_4.dat
        97        0.42735        4.01898        166.222         3.9429        3.90274        3.87286        -873.31     /gpfs/hpu/EHT2020/sc_4/Ma+0.94/m_1_1_10/image_Ma+0.94_1970_163_0_230.e9_6.2e9_6.91318e+24_10_4.dat
        98        0.47016        4.03876        114.073        5.60866        9.20805         7.5437       -1330.32     /gpfs/hpu/EHT2020/sc_4/Ma+0.94/m_1_1_10/image_Ma+0.94_1980_163_0_230.e9_6.2e9_6.91318e+24_10_4.dat
        99       0.561068        4.17036        183.455        9.78216         5.9386        7.52507       -1398.43     /gpfs/hpu/EHT2020/sc_4/Ma+0.94/m_1_1_10/image_Ma+0.94_1990_163_0_230.e9_6.2e9_6.91318e+24_10_4.dat
