   # Index         I (Jy)      M/D (uas)       PA (deg)  VA red. chisq  CP red. chisq     red. chisq     log-liklhd     FileName
         0       0.472494        4.12215       -192.772        6.67244        27.9794         18.448       -2792.23     /gpfs/hpu/EHT2/IHARM/MAD/MAD_a+0.5_384x192x192_IHARM/m_1_1_1/image_a+0.5_0000_163_0_230.e9_6.2e9_5.61134e+24_1.dat
         1       0.603902        4.04435       -192.466        8.98853        15.0479        12.2516       -2077.89     /gpfs/hpu/EHT2/IHARM/MAD/MAD_a+0.5_384x192x192_IHARM/m_1_1_1/image_a+0.5_0001_163_0_230.e9_6.2e9_5.61134e+24_1.dat
         2       0.437805        4.26557       -168.204        3.67991        11.4286        7.94716       -1416.11     /gpfs/hpu/EHT2/IHARM/MAD/MAD_a+0.5_384x192x192_IHARM/m_1_1_1/image_a+0.5_0002_163_0_230.e9_6.2e9_5.61134e+24_1.dat
         3       0.414704        4.03323       -167.617        13.9892        8.71061        10.8827       -1794.96     /gpfs/hpu/EHT2/IHARM/MAD/MAD_a+0.5_384x192x192_IHARM/m_1_1_1/image_a+0.5_0003_163_0_230.e9_6.2e9_5.61134e+24_1.dat
         4       0.488934        3.93019        -153.24        13.8329        5.95101        9.27968       -1637.94     /gpfs/hpu/EHT2/IHARM/MAD/MAD_a+0.5_384x192x192_IHARM/m_1_1_1/image_a+0.5_0004_163_0_230.e9_6.2e9_5.61134e+24_1.dat
         5       0.451257         3.9659       -175.613        5.44544        7.42539        6.48131       -1311.72     /gpfs/hpu/EHT2/IHARM/MAD/MAD_a+0.5_384x192x192_IHARM/m_1_1_1/image_a+0.5_0005_163_0_230.e9_6.2e9_5.61134e+24_1.dat
         6       0.453364        4.00809       -170.329        11.9655        5.27445         8.0975       -1493.79     /gpfs/hpu/EHT2/IHARM/MAD/MAD_a+0.5_384x192x192_IHARM/m_1_1_1/image_a+0.5_0006_163_0_230.e9_6.2e9_5.61134e+24_1.dat
         7       0.380375        4.03161       -209.388        10.5112        4.96943        7.30031       -1297.97     /gpfs/hpu/EHT2/IHARM/MAD/MAD_a+0.5_384x192x192_IHARM/m_1_1_1/image_a+0.5_0007_163_0_230.e9_6.2e9_5.61134e+24_1.dat
         8       0.416898        4.09019       -174.351        18.7145        8.93518        13.0464       -2068.52     /gpfs/hpu/EHT2/IHARM/MAD/MAD_a+0.5_384x192x192_IHARM/m_1_1_1/image_a+0.5_0008_163_0_230.e9_6.2e9_5.61134e+24_1.dat
         9       0.446568        3.52506       -202.262        7.71388        6.09894        6.72193       -1341.77     /gpfs/hpu/EHT2/IHARM/MAD/MAD_a+0.5_384x192x192_IHARM/m_1_1_1/image_a+0.5_0009_163_0_230.e9_6.2e9_5.61134e+24_1.dat
        10       0.656295        3.60376       -214.764        10.6123        6.44264         8.1637       -1583.85     /gpfs/hpu/EHT2/IHARM/MAD/MAD_a+0.5_384x192x192_IHARM/m_1_1_1/image_a+0.5_0010_163_0_230.e9_6.2e9_5.61134e+24_1.dat
        11       0.385886         4.2048       -199.447        19.2785        7.88143        12.7034       -2005.82     /gpfs/hpu/EHT2/IHARM/MAD/MAD_a+0.5_384x192x192_IHARM/m_1_1_1/image_a+0.5_0011_163_0_230.e9_6.2e9_5.61134e+24_1.dat
        12       0.396194        4.09539       -273.503        7.32974        4.90027        5.88919       -1135.73     /gpfs/hpu/EHT2/IHARM/MAD/MAD_a+0.5_384x192x192_IHARM/m_1_1_1/image_a+0.5_0012_163_0_230.e9_6.2e9_5.61134e+24_1.dat
        13       0.346846        3.76392       -223.289        6.54844        9.69749        8.22152       -1444.38     /gpfs/hpu/EHT2/IHARM/MAD/MAD_a+0.5_384x192x192_IHARM/m_1_1_1/image_a+0.5_0013_163_0_230.e9_6.2e9_5.61134e+24_1.dat
        14       0.517259         4.2806       -313.496        11.1921        42.5056        28.4811       -4125.57     /gpfs/hpu/EHT2/IHARM/MAD/MAD_a+0.5_384x192x192_IHARM/m_1_1_1/image_a+0.5_0014_163_0_230.e9_6.2e9_5.61134e+24_1.dat
        15       0.578946        3.97603       -218.575        5.47714         31.378        19.8234       -3029.07     /gpfs/hpu/EHT2/IHARM/MAD/MAD_a+0.5_384x192x192_IHARM/m_1_1_1/image_a+0.5_0015_163_0_230.e9_6.2e9_5.61134e+24_1.dat
        16       0.470654        3.86711       -253.286         6.0618         15.029        10.9783       -1826.26     /gpfs/hpu/EHT2/IHARM/MAD/MAD_a+0.5_384x192x192_IHARM/m_1_1_1/image_a+0.5_0016_163_0_230.e9_6.2e9_5.61134e+24_1.dat
        17       0.529432        3.63218       -260.557        2.52597         9.0603        6.13145       -1236.61     /gpfs/hpu/EHT2/IHARM/MAD/MAD_a+0.5_384x192x192_IHARM/m_1_1_1/image_a+0.5_0017_163_0_230.e9_6.2e9_5.61134e+24_1.dat
        18       0.539496        3.51441       -155.773        2.28425         11.306         7.2768       -1394.56     /gpfs/hpu/EHT2/IHARM/MAD/MAD_a+0.5_384x192x192_IHARM/m_1_1_1/image_a+0.5_0018_163_0_230.e9_6.2e9_5.61134e+24_1.dat
        19        1.27617        5.53183       -167.732        30.5379        61.3595        47.3192       -6550.92     /gpfs/hpu/EHT2/IHARM/MAD/MAD_a+0.5_384x192x192_IHARM/m_1_1_1/image_a+0.5_0019_163_0_230.e9_6.2e9_5.61134e+24_1.dat
        20        0.72419        3.70415       -222.839        14.1276        21.1077        17.8408        -2793.1     /gpfs/hpu/EHT2/IHARM/MAD/MAD_a+0.5_384x192x192_IHARM/m_1_1_1/image_a+0.5_0020_163_0_230.e9_6.2e9_5.61134e+24_1.dat
        21       0.663923         3.7442       -169.974         3.1849        30.9116        18.5749       -3370.84     /gpfs/hpu/EHT2/IHARM/MAD/MAD_a+0.5_384x192x192_IHARM/m_1_1_1/image_a+0.5_0021_163_0_230.e9_6.2e9_5.61134e+24_1.dat
        22       0.736246        3.74671        -257.99        6.65058        19.6108        13.7819       -2273.67     /gpfs/hpu/EHT2/IHARM/MAD/MAD_a+0.5_384x192x192_IHARM/m_1_1_1/image_a+0.5_0022_163_0_230.e9_6.2e9_5.61134e+24_1.dat
        23       0.662875        3.87329       -219.328        12.0066        12.3451        12.0497       -2097.19     /gpfs/hpu/EHT2/IHARM/MAD/MAD_a+0.5_384x192x192_IHARM/m_1_1_1/image_a+0.5_0023_163_0_230.e9_6.2e9_5.61134e+24_1.dat
        24       0.714779        3.31247       -228.968        4.58428        32.6396        20.1402       -2973.53     /gpfs/hpu/EHT2/IHARM/MAD/MAD_a+0.5_384x192x192_IHARM/m_1_1_1/image_a+0.5_0024_163_0_230.e9_6.2e9_5.61134e+24_1.dat
        25       0.633486        3.75133       -158.893        9.53531        7.96469        8.54599       -1506.92     /gpfs/hpu/EHT2/IHARM/MAD/MAD_a+0.5_384x192x192_IHARM/m_1_1_1/image_a+0.5_0025_163_0_230.e9_6.2e9_5.61134e+24_1.dat
        26       0.513084        3.27246       -155.233         6.5106        9.46579        8.07626       -1425.75     /gpfs/hpu/EHT2/IHARM/MAD/MAD_a+0.5_384x192x192_IHARM/m_1_1_1/image_a+0.5_0026_163_0_230.e9_6.2e9_5.61134e+24_1.dat
        27       0.796975        3.84143       -240.331        4.45622        23.7865        15.1587       -2448.84     /gpfs/hpu/EHT2/IHARM/MAD/MAD_a+0.5_384x192x192_IHARM/m_1_1_1/image_a+0.5_0027_163_0_230.e9_6.2e9_5.61134e+24_1.dat
        28       0.763927        3.62159       -283.548        13.0902        82.6765        51.6533       -7603.08     /gpfs/hpu/EHT2/IHARM/MAD/MAD_a+0.5_384x192x192_IHARM/m_1_1_1/image_a+0.5_0028_163_0_230.e9_6.2e9_5.61134e+24_1.dat
        29       0.693423        3.74982       -249.539        8.63153        42.1902        27.2009       -3818.88     /gpfs/hpu/EHT2/IHARM/MAD/MAD_a+0.5_384x192x192_IHARM/m_1_1_1/image_a+0.5_0029_163_0_230.e9_6.2e9_5.61134e+24_1.dat
        30       0.617525         3.2364       -171.728        3.91623        17.0625        11.1841       -1869.49     /gpfs/hpu/EHT2/IHARM/MAD/MAD_a+0.5_384x192x192_IHARM/m_1_1_1/image_a+0.5_0030_163_0_230.e9_6.2e9_5.61134e+24_1.dat
        31       0.373955        3.66014       -182.831        7.56229        6.25713        6.74455       -1258.88     /gpfs/hpu/EHT2/IHARM/MAD/MAD_a+0.5_384x192x192_IHARM/m_1_1_1/image_a+0.5_0031_163_0_230.e9_6.2e9_5.61134e+24_1.dat
        32       0.706892        3.93888        -229.61        11.5462        18.4682        15.2583        -2577.8     /gpfs/hpu/EHT2/IHARM/MAD/MAD_a+0.5_384x192x192_IHARM/m_1_1_1/image_a+0.5_0032_163_0_230.e9_6.2e9_5.61134e+24_1.dat
        33       0.432834        3.43437       -223.647        6.06889         6.6556        6.32195       -1209.83     /gpfs/hpu/EHT2/IHARM/MAD/MAD_a+0.5_384x192x192_IHARM/m_1_1_1/image_a+0.5_0033_163_0_230.e9_6.2e9_5.61134e+24_1.dat
        34        1.08182        3.86076       -213.879        8.80192        18.9546        14.3449       -2551.25     /gpfs/hpu/EHT2/IHARM/MAD/MAD_a+0.5_384x192x192_IHARM/m_1_1_1/image_a+0.5_0034_163_0_230.e9_6.2e9_5.61134e+24_1.dat
        35       0.460032        3.92498       -322.875        6.12921        23.0791        15.4869       -2321.46     /gpfs/hpu/EHT2/IHARM/MAD/MAD_a+0.5_384x192x192_IHARM/m_1_1_1/image_a+0.5_0035_163_0_230.e9_6.2e9_5.61134e+24_1.dat
        36       0.571349        4.05746        -330.31        7.21511        17.5877        12.8997       -2142.43     /gpfs/hpu/EHT2/IHARM/MAD/MAD_a+0.5_384x192x192_IHARM/m_1_1_1/image_a+0.5_0036_163_0_230.e9_6.2e9_5.61134e+24_1.dat
        37       0.483371         3.5156       -299.324        6.32285        71.5069        42.5181       -6265.88     /gpfs/hpu/EHT2/IHARM/MAD/MAD_a+0.5_384x192x192_IHARM/m_1_1_1/image_a+0.5_0037_163_0_230.e9_6.2e9_5.61134e+24_1.dat
        38       0.424504        3.69551        -232.94        4.96397        7.09951        6.09224       -1164.31     /gpfs/hpu/EHT2/IHARM/MAD/MAD_a+0.5_384x192x192_IHARM/m_1_1_1/image_a+0.5_0038_163_0_230.e9_6.2e9_5.61134e+24_1.dat
        39       0.347905        3.66778       -200.381        5.68205        7.08684        6.39501       -1188.12     /gpfs/hpu/EHT2/IHARM/MAD/MAD_a+0.5_384x192x192_IHARM/m_1_1_1/image_a+0.5_0039_163_0_230.e9_6.2e9_5.61134e+24_1.dat
        40       0.349722        4.04095       -236.087        2.45655        5.33561        4.02889        -879.13     /gpfs/hpu/EHT2/IHARM/MAD/MAD_a+0.5_384x192x192_IHARM/m_1_1_1/image_a+0.5_0040_163_0_230.e9_6.2e9_5.61134e+24_1.dat
        41       0.390455        4.12386       -236.611        4.45631         5.6588        5.07153       -1014.09     /gpfs/hpu/EHT2/IHARM/MAD/MAD_a+0.5_384x192x192_IHARM/m_1_1_1/image_a+0.5_0041_163_0_230.e9_6.2e9_5.61134e+24_1.dat
        42       0.407962         3.9225       -222.517        3.32057        5.60563        4.55192       -982.131     /gpfs/hpu/EHT2/IHARM/MAD/MAD_a+0.5_384x192x192_IHARM/m_1_1_1/image_a+0.5_0042_163_0_230.e9_6.2e9_5.61134e+24_1.dat
        43       0.579593        3.89572       -161.476        8.46882        6.00432          6.995       -1399.22     /gpfs/hpu/EHT2/IHARM/MAD/MAD_a+0.5_384x192x192_IHARM/m_1_1_1/image_a+0.5_0043_163_0_230.e9_6.2e9_5.61134e+24_1.dat
        44        0.36419        3.90115       -248.119        3.10284        4.38431        3.77838       -843.917     /gpfs/hpu/EHT2/IHARM/MAD/MAD_a+0.5_384x192x192_IHARM/m_1_1_1/image_a+0.5_0044_163_0_230.e9_6.2e9_5.61134e+24_1.dat
        45       0.362287        3.62249       -249.141        6.90276        4.97638        5.74732       -1108.78     /gpfs/hpu/EHT2/IHARM/MAD/MAD_a+0.5_384x192x192_IHARM/m_1_1_1/image_a+0.5_0045_163_0_230.e9_6.2e9_5.61134e+24_1.dat
        46       0.372328        3.74437       -214.558        8.29729        4.56989         6.1228       -1148.32     /gpfs/hpu/EHT2/IHARM/MAD/MAD_a+0.5_384x192x192_IHARM/m_1_1_1/image_a+0.5_0046_163_0_230.e9_6.2e9_5.61134e+24_1.dat
        47       0.388391        3.65198       -244.888        5.21482        5.57902         5.3544        -1073.1     /gpfs/hpu/EHT2/IHARM/MAD/MAD_a+0.5_384x192x192_IHARM/m_1_1_1/image_a+0.5_0047_163_0_230.e9_6.2e9_5.61134e+24_1.dat
        48       0.346526         3.9134       -189.558        3.77811        7.03136        5.54269       -1082.05     /gpfs/hpu/EHT2/IHARM/MAD/MAD_a+0.5_384x192x192_IHARM/m_1_1_1/image_a+0.5_0048_163_0_230.e9_6.2e9_5.61134e+24_1.dat
        49       0.359907        3.77905       -237.783        4.74783        5.41671         5.0626        -1011.9     /gpfs/hpu/EHT2/IHARM/MAD/MAD_a+0.5_384x192x192_IHARM/m_1_1_1/image_a+0.5_0049_163_0_230.e9_6.2e9_5.61134e+24_1.dat
        50       0.368772        3.63624       -226.824        9.08849        9.11319        8.99229       -1545.76     /gpfs/hpu/EHT2/IHARM/MAD/MAD_a+0.5_384x192x192_IHARM/m_1_1_1/image_a+0.5_0050_163_0_230.e9_6.2e9_5.61134e+24_1.dat
        51       0.473813        3.58224       -256.493        5.46332        7.13135        6.32541       -1250.98     /gpfs/hpu/EHT2/IHARM/MAD/MAD_a+0.5_384x192x192_IHARM/m_1_1_1/image_a+0.5_0051_163_0_230.e9_6.2e9_5.61134e+24_1.dat
        52       0.326991        3.75511       -225.977        3.93514        5.49456        4.75528       -971.757     /gpfs/hpu/EHT2/IHARM/MAD/MAD_a+0.5_384x192x192_IHARM/m_1_1_1/image_a+0.5_0052_163_0_230.e9_6.2e9_5.61134e+24_1.dat
        53       0.850788        3.65158       -181.034        7.45289        6.12746        6.62519       -1429.44     /gpfs/hpu/EHT2/IHARM/MAD/MAD_a+0.5_384x192x192_IHARM/m_1_1_1/image_a+0.5_0053_163_0_230.e9_6.2e9_5.61134e+24_1.dat
        54       0.432675        3.60243       -208.205         5.7192        4.12354        4.76211       -1057.47     /gpfs/hpu/EHT2/IHARM/MAD/MAD_a+0.5_384x192x192_IHARM/m_1_1_1/image_a+0.5_0054_163_0_230.e9_6.2e9_5.61134e+24_1.dat
        55       0.425241         3.5318       -253.613        4.09944        6.44393        5.35445       -1094.96     /gpfs/hpu/EHT2/IHARM/MAD/MAD_a+0.5_384x192x192_IHARM/m_1_1_1/image_a+0.5_0055_163_0_230.e9_6.2e9_5.61134e+24_1.dat
        56       0.528638        3.63658       -218.651        2.08799         10.122        6.53325       -1321.02     /gpfs/hpu/EHT2/IHARM/MAD/MAD_a+0.5_384x192x192_IHARM/m_1_1_1/image_a+0.5_0056_163_0_230.e9_6.2e9_5.61134e+24_1.dat
        57        0.43932        3.53516       -196.602        3.72803        8.24977        6.19906       -1248.77     /gpfs/hpu/EHT2/IHARM/MAD/MAD_a+0.5_384x192x192_IHARM/m_1_1_1/image_a+0.5_0057_163_0_230.e9_6.2e9_5.61134e+24_1.dat
        58       0.398131        3.66287       -214.456        3.14477        3.91682        3.53634       -864.132     /gpfs/hpu/EHT2/IHARM/MAD/MAD_a+0.5_384x192x192_IHARM/m_1_1_1/image_a+0.5_0058_163_0_230.e9_6.2e9_5.61134e+24_1.dat
        59       0.380832        3.69356       -229.875        2.84763        6.13304        4.64136       -1019.68     /gpfs/hpu/EHT2/IHARM/MAD/MAD_a+0.5_384x192x192_IHARM/m_1_1_1/image_a+0.5_0059_163_0_230.e9_6.2e9_5.61134e+24_1.dat
        60       0.484737        3.58715       -276.264         6.5304        12.9741         10.037       -1745.39     /gpfs/hpu/EHT2/IHARM/MAD/MAD_a+0.5_384x192x192_IHARM/m_1_1_1/image_a+0.5_0060_163_0_230.e9_6.2e9_5.61134e+24_1.dat
        61         1.1766        3.45242       -347.946        21.2344        32.6375        27.3228       -4369.01     /gpfs/hpu/EHT2/IHARM/MAD/MAD_a+0.5_384x192x192_IHARM/m_1_1_1/image_a+0.5_0061_163_0_230.e9_6.2e9_5.61134e+24_1.dat
        62       0.930299        3.31376       -242.047        13.2824        49.8969         33.496       -5121.94     /gpfs/hpu/EHT2/IHARM/MAD/MAD_a+0.5_384x192x192_IHARM/m_1_1_1/image_a+0.5_0062_163_0_230.e9_6.2e9_5.61134e+24_1.dat
        63        1.11208        3.68151       -178.426        24.9273        9.80721        16.2122       -2771.88     /gpfs/hpu/EHT2/IHARM/MAD/MAD_a+0.5_384x192x192_IHARM/m_1_1_1/image_a+0.5_0063_163_0_230.e9_6.2e9_5.61134e+24_1.dat
        64        0.46187        4.53678       -238.019        33.2709        45.6293        39.7453       -5357.86     /gpfs/hpu/EHT2/IHARM/MAD/MAD_a+0.5_384x192x192_IHARM/m_1_1_1/image_a+0.5_0064_163_0_230.e9_6.2e9_5.61134e+24_1.dat
        65       0.561434        3.74528        -248.23        9.87948        5.18133        7.14568       -1345.17     /gpfs/hpu/EHT2/IHARM/MAD/MAD_a+0.5_384x192x192_IHARM/m_1_1_1/image_a+0.5_0065_163_0_230.e9_6.2e9_5.61134e+24_1.dat
        66       0.633345          3.612        -195.56        5.71047        25.7338        16.7834       -2578.55     /gpfs/hpu/EHT2/IHARM/MAD/MAD_a+0.5_384x192x192_IHARM/m_1_1_1/image_a+0.5_0066_163_0_230.e9_6.2e9_5.61134e+24_1.dat
        67       0.496186        3.51596       -232.902        5.64759        17.7967        12.3397       -2035.34     /gpfs/hpu/EHT2/IHARM/MAD/MAD_a+0.5_384x192x192_IHARM/m_1_1_1/image_a+0.5_0067_163_0_230.e9_6.2e9_5.61134e+24_1.dat
        68       0.510922        3.61954       -247.672        1.82839        9.25022        5.93616       -1232.47     /gpfs/hpu/EHT2/IHARM/MAD/MAD_a+0.5_384x192x192_IHARM/m_1_1_1/image_a+0.5_0068_163_0_230.e9_6.2e9_5.61134e+24_1.dat
        69       0.774613        4.33519       -246.476        12.6661        49.1107        32.7926       -4717.07     /gpfs/hpu/EHT2/IHARM/MAD/MAD_a+0.5_384x192x192_IHARM/m_1_1_1/image_a+0.5_0069_163_0_230.e9_6.2e9_5.61134e+24_1.dat
        70       0.572682        3.95242       -262.355         9.1996        39.6359        26.0247       -3764.98     /gpfs/hpu/EHT2/IHARM/MAD/MAD_a+0.5_384x192x192_IHARM/m_1_1_1/image_a+0.5_0070_163_0_230.e9_6.2e9_5.61134e+24_1.dat
        71       0.369171        3.59349       -285.048        5.29817         7.3261        6.36252       -1180.74     /gpfs/hpu/EHT2/IHARM/MAD/MAD_a+0.5_384x192x192_IHARM/m_1_1_1/image_a+0.5_0071_163_0_230.e9_6.2e9_5.61134e+24_1.dat
        72       0.454008        3.67016       -246.392        3.23984        4.46305        3.88131       -931.714     /gpfs/hpu/EHT2/IHARM/MAD/MAD_a+0.5_384x192x192_IHARM/m_1_1_1/image_a+0.5_0072_163_0_230.e9_6.2e9_5.61134e+24_1.dat
        73       0.662214        4.10804       -179.957        8.29147        27.0803        18.6462       -3723.52     /gpfs/hpu/EHT2/IHARM/MAD/MAD_a+0.5_384x192x192_IHARM/m_1_1_1/image_a+0.5_0073_163_0_230.e9_6.2e9_5.61134e+24_1.dat
        74       0.361837        3.82817       -183.715         3.8435        2.65947        3.13815       -765.317     /gpfs/hpu/EHT2/IHARM/MAD/MAD_a+0.5_384x192x192_IHARM/m_1_1_1/image_a+0.5_0074_163_0_230.e9_6.2e9_5.61134e+24_1.dat
        75       0.464144        3.63397       -210.603        2.56569        7.34352        5.19329       -1132.72     /gpfs/hpu/EHT2/IHARM/MAD/MAD_a+0.5_384x192x192_IHARM/m_1_1_1/image_a+0.5_0075_163_0_230.e9_6.2e9_5.61134e+24_1.dat
        76       0.356838        3.63371       -200.011         7.8006        5.23478        6.27848       -1155.07     /gpfs/hpu/EHT2/IHARM/MAD/MAD_a+0.5_384x192x192_IHARM/m_1_1_1/image_a+0.5_0076_163_0_230.e9_6.2e9_5.61134e+24_1.dat
        77       0.448564        3.72364       -263.444         1.6718        3.85697        2.86752       -820.252     /gpfs/hpu/EHT2/IHARM/MAD/MAD_a+0.5_384x192x192_IHARM/m_1_1_1/image_a+0.5_0077_163_0_230.e9_6.2e9_5.61134e+24_1.dat
        78       0.642965        3.93225       -299.563        6.51271        22.9138        15.5603       -2550.03     /gpfs/hpu/EHT2/IHARM/MAD/MAD_a+0.5_384x192x192_IHARM/m_1_1_1/image_a+0.5_0078_163_0_230.e9_6.2e9_5.61134e+24_1.dat
        79       0.440268        3.97402       -199.333        2.21969        4.39085        3.40098       -880.824     /gpfs/hpu/EHT2/IHARM/MAD/MAD_a+0.5_384x192x192_IHARM/m_1_1_1/image_a+0.5_0079_163_0_230.e9_6.2e9_5.61134e+24_1.dat
        80        0.35561        3.77438       -211.158         9.3296        4.33016         6.4348       -1173.48     /gpfs/hpu/EHT2/IHARM/MAD/MAD_a+0.5_384x192x192_IHARM/m_1_1_1/image_a+0.5_0080_163_0_230.e9_6.2e9_5.61134e+24_1.dat
        81       0.469613        3.60031       -250.952           5.99        10.8224        8.60656       -1559.47     /gpfs/hpu/EHT2/IHARM/MAD/MAD_a+0.5_384x192x192_IHARM/m_1_1_1/image_a+0.5_0081_163_0_230.e9_6.2e9_5.61134e+24_1.dat
        82        0.35682        3.71079        -204.93        5.81034        6.42256        6.08072       -1161.56     /gpfs/hpu/EHT2/IHARM/MAD/MAD_a+0.5_384x192x192_IHARM/m_1_1_1/image_a+0.5_0082_163_0_230.e9_6.2e9_5.61134e+24_1.dat
        83       0.492678        3.85675       -203.481        5.23179         12.225        9.05989       -1608.46     /gpfs/hpu/EHT2/IHARM/MAD/MAD_a+0.5_384x192x192_IHARM/m_1_1_1/image_a+0.5_0083_163_0_230.e9_6.2e9_5.61134e+24_1.dat
        84       0.495533        3.41799       -144.609        6.13037        14.0147        10.4434       -1802.63     /gpfs/hpu/EHT2/IHARM/MAD/MAD_a+0.5_384x192x192_IHARM/m_1_1_1/image_a+0.5_0084_163_0_230.e9_6.2e9_5.61134e+24_1.dat
        85       0.823074        3.51578       -136.174        13.6161        31.8105        23.5757       -3513.55     /gpfs/hpu/EHT2/IHARM/MAD/MAD_a+0.5_384x192x192_IHARM/m_1_1_1/image_a+0.5_0085_163_0_230.e9_6.2e9_5.61134e+24_1.dat
        86       0.673184          3.719        -263.47        3.40349        16.3974        10.5928       -1870.21     /gpfs/hpu/EHT2/IHARM/MAD/MAD_a+0.5_384x192x192_IHARM/m_1_1_1/image_a+0.5_0086_163_0_230.e9_6.2e9_5.61134e+24_1.dat
        87       0.968525        4.04848       -194.271        3.57916        17.3263        11.1855       -2030.11     /gpfs/hpu/EHT2/IHARM/MAD/MAD_a+0.5_384x192x192_IHARM/m_1_1_1/image_a+0.5_0087_163_0_230.e9_6.2e9_5.61134e+24_1.dat
        88        0.53876        3.45985       -156.456        5.83461        13.5649        10.0656       -1751.25     /gpfs/hpu/EHT2/IHARM/MAD/MAD_a+0.5_384x192x192_IHARM/m_1_1_1/image_a+0.5_0088_163_0_230.e9_6.2e9_5.61134e+24_1.dat
        89       0.680965        3.59702       -171.476        7.28051        55.4481        33.9954       -6366.84     /gpfs/hpu/EHT2/IHARM/MAD/MAD_a+0.5_384x192x192_IHARM/m_1_1_1/image_a+0.5_0089_163_0_230.e9_6.2e9_5.61134e+24_1.dat
        90       0.449955        3.50204       -270.563        6.81404          27.63        18.3147        -2776.9     /gpfs/hpu/EHT2/IHARM/MAD/MAD_a+0.5_384x192x192_IHARM/m_1_1_1/image_a+0.5_0090_163_0_230.e9_6.2e9_5.61134e+24_1.dat
        91       0.438316         3.4137       -290.064        7.70722        17.6848         13.166        -2162.9     /gpfs/hpu/EHT2/IHARM/MAD/MAD_a+0.5_384x192x192_IHARM/m_1_1_1/image_a+0.5_0091_163_0_230.e9_6.2e9_5.61134e+24_1.dat
        92       0.414825        3.58718       -193.177        9.26807         32.935        22.3254       -3267.89     /gpfs/hpu/EHT2/IHARM/MAD/MAD_a+0.5_384x192x192_IHARM/m_1_1_1/image_a+0.5_0092_163_0_230.e9_6.2e9_5.61134e+24_1.dat
        93       0.527264        3.75365       -243.894        9.51194        6.77966        7.87649       -1389.01     /gpfs/hpu/EHT2/IHARM/MAD/MAD_a+0.5_384x192x192_IHARM/m_1_1_1/image_a+0.5_0093_163_0_230.e9_6.2e9_5.61134e+24_1.dat
        94       0.419893        3.68963        -210.71        4.08454        11.3126        8.05717       -1377.55     /gpfs/hpu/EHT2/IHARM/MAD/MAD_a+0.5_384x192x192_IHARM/m_1_1_1/image_a+0.5_0094_163_0_230.e9_6.2e9_5.61134e+24_1.dat
        95       0.450856        3.60245       -238.093         6.6477        13.9464        10.6287       -1798.91     /gpfs/hpu/EHT2/IHARM/MAD/MAD_a+0.5_384x192x192_IHARM/m_1_1_1/image_a+0.5_0095_163_0_230.e9_6.2e9_5.61134e+24_1.dat
        96       0.650399         4.0935       -276.075        11.4667        16.0108        13.8566       -2144.42     /gpfs/hpu/EHT2/IHARM/MAD/MAD_a+0.5_384x192x192_IHARM/m_1_1_1/image_a+0.5_0096_163_0_230.e9_6.2e9_5.61134e+24_1.dat
        97       0.458804        3.86089       -248.316        9.77399        5.30308        7.16791       -1315.81     /gpfs/hpu/EHT2/IHARM/MAD/MAD_a+0.5_384x192x192_IHARM/m_1_1_1/image_a+0.5_0097_163_0_230.e9_6.2e9_5.61134e+24_1.dat
        98       0.581738        4.00079       -264.866         6.2653        13.4028        10.1612       -1747.68     /gpfs/hpu/EHT2/IHARM/MAD/MAD_a+0.5_384x192x192_IHARM/m_1_1_1/image_a+0.5_0098_163_0_230.e9_6.2e9_5.61134e+24_1.dat
        99       0.602571        3.62561       -247.689        6.93324        31.4315        20.4814       -3082.31     /gpfs/hpu/EHT2/IHARM/MAD/MAD_a+0.5_384x192x192_IHARM/m_1_1_1/image_a+0.5_0099_163_0_230.e9_6.2e9_5.61134e+24_1.dat
