   # Index         I (Jy)      M/D (uas)       PA (deg)  VA red. chisq  CP red. chisq     red. chisq     log-liklhd     FileName
         0       0.492614        2.47165       -253.557        9.25211        14.9853        12.3304       -1996.16     /gpfs/hpu/EHT2/IHARM/SANE/SANE_a0_288x128x128_IHARM/m_1_1_10/image_a0_1000_163_0_230.e9_6.2e9_2.70363e+29_10.dat
         1       0.503649        2.53926       -203.873        4.10581        4.43958        4.24187       -921.468     /gpfs/hpu/EHT2/IHARM/SANE/SANE_a0_288x128x128_IHARM/m_1_1_10/image_a0_1010_163_0_230.e9_6.2e9_2.70363e+29_10.dat
         2        0.57444        2.76586        103.665        3.26548        2.83638        2.98721       -762.945     /gpfs/hpu/EHT2/IHARM/SANE/SANE_a0_288x128x128_IHARM/m_1_1_10/image_a0_1020_163_0_230.e9_6.2e9_2.70363e+29_10.dat
         3       0.519913        2.44154        109.304         6.0202        7.12448        6.56185       -1281.04     /gpfs/hpu/EHT2/IHARM/SANE/SANE_a0_288x128x128_IHARM/m_1_1_10/image_a0_1030_163_0_230.e9_6.2e9_2.70363e+29_10.dat
         4       0.583579        2.56348        210.646        7.62431        9.21431        8.41684       -1518.29     /gpfs/hpu/EHT2/IHARM/SANE/SANE_a0_288x128x128_IHARM/m_1_1_10/image_a0_1040_163_0_230.e9_6.2e9_2.70363e+29_10.dat
         5       0.529514         2.4501        173.519         11.937        6.48142        8.75684       -1525.35     /gpfs/hpu/EHT2/IHARM/SANE/SANE_a0_288x128x128_IHARM/m_1_1_10/image_a0_1050_163_0_230.e9_6.2e9_2.70363e+29_10.dat
         6       0.562457         2.4984       -220.675        6.07079        4.68932        5.22863       -1096.68     /gpfs/hpu/EHT2/IHARM/SANE/SANE_a0_288x128x128_IHARM/m_1_1_10/image_a0_1060_163_0_230.e9_6.2e9_2.70363e+29_10.dat
         7       0.766008        2.60649       -235.085        16.0466        8.17725        11.4736       -1869.48     /gpfs/hpu/EHT2/IHARM/SANE/SANE_a0_288x128x128_IHARM/m_1_1_10/image_a0_1070_163_0_230.e9_6.2e9_2.70363e+29_10.dat
         8       0.541424         2.3187       -184.145        37.0996        8.22962        20.5861       -3015.33     /gpfs/hpu/EHT2/IHARM/SANE/SANE_a0_288x128x128_IHARM/m_1_1_10/image_a0_1080_163_0_230.e9_6.2e9_2.70363e+29_10.dat
         9       0.669747        2.36357        62.3642        4.31416        8.64593        6.67239       -1338.35     /gpfs/hpu/EHT2/IHARM/SANE/SANE_a0_288x128x128_IHARM/m_1_1_10/image_a0_1090_163_0_230.e9_6.2e9_2.70363e+29_10.dat
        10       0.711857        2.56308        162.738          6.325        6.20248        6.18031       -1267.71     /gpfs/hpu/EHT2/IHARM/SANE/SANE_a0_288x128x128_IHARM/m_1_1_10/image_a0_1100_163_0_230.e9_6.2e9_2.70363e+29_10.dat
        11       0.608223        2.69255         93.582        4.74298        11.3387        8.35579       -1440.53     /gpfs/hpu/EHT2/IHARM/SANE/SANE_a0_288x128x128_IHARM/m_1_1_10/image_a0_1110_163_0_230.e9_6.2e9_2.70363e+29_10.dat
        12        0.44692        2.47688       -186.433        10.4477        10.5463        10.3762       -1676.97     /gpfs/hpu/EHT2/IHARM/SANE/SANE_a0_288x128x128_IHARM/m_1_1_10/image_a0_1120_163_0_230.e9_6.2e9_2.70363e+29_10.dat
        13       0.435227        2.31607        129.212        8.49036        6.07967        7.04622       -1269.03     /gpfs/hpu/EHT2/IHARM/SANE/SANE_a0_288x128x128_IHARM/m_1_1_10/image_a0_1130_163_0_230.e9_6.2e9_2.70363e+29_10.dat
        14        0.87325         2.7523        130.121        5.92414        13.7094        10.1846       -1764.28     /gpfs/hpu/EHT2/IHARM/SANE/SANE_a0_288x128x128_IHARM/m_1_1_10/image_a0_1140_163_0_230.e9_6.2e9_2.70363e+29_10.dat
        15       0.569098        2.50253        140.789        22.8842        11.7107        16.3899       -2470.95     /gpfs/hpu/EHT2/IHARM/SANE/SANE_a0_288x128x128_IHARM/m_1_1_10/image_a0_1150_163_0_230.e9_6.2e9_2.70363e+29_10.dat
        16       0.750566        2.63716        87.2961        8.20515        8.60407        8.32788       -1449.32     /gpfs/hpu/EHT2/IHARM/SANE/SANE_a0_288x128x128_IHARM/m_1_1_10/image_a0_1160_163_0_230.e9_6.2e9_2.70363e+29_10.dat
        17       0.941443        2.60096        69.9023        9.81706         12.038        10.9341       -1791.53     /gpfs/hpu/EHT2/IHARM/SANE/SANE_a0_288x128x128_IHARM/m_1_1_10/image_a0_1170_163_0_230.e9_6.2e9_2.70363e+29_10.dat
        18        1.00715        2.11667        145.585        16.7021        20.5818        18.6589       -2971.36     /gpfs/hpu/EHT2/IHARM/SANE/SANE_a0_288x128x128_IHARM/m_1_1_10/image_a0_1180_163_0_230.e9_6.2e9_2.70363e+29_10.dat
        19        1.22253        2.69181        176.096         3.3081        6.32781         4.9484       -1252.71     /gpfs/hpu/EHT2/IHARM/SANE/SANE_a0_288x128x128_IHARM/m_1_1_10/image_a0_1190_163_0_230.e9_6.2e9_2.70363e+29_10.dat
        20        1.13748        2.49052         103.48        5.28002        9.36192        7.48753       -1584.65     /gpfs/hpu/EHT2/IHARM/SANE/SANE_a0_288x128x128_IHARM/m_1_1_10/image_a0_1200_163_0_230.e9_6.2e9_2.70363e+29_10.dat
        21       0.617408        2.44916        170.998        7.61373        11.5784        9.72775       -1638.34     /gpfs/hpu/EHT2/IHARM/SANE/SANE_a0_288x128x128_IHARM/m_1_1_10/image_a0_1210_163_0_230.e9_6.2e9_2.70363e+29_10.dat
        22       0.549402        2.42889        173.847        6.95701         7.0193        6.90751        -1292.8     /gpfs/hpu/EHT2/IHARM/SANE/SANE_a0_288x128x128_IHARM/m_1_1_10/image_a0_1220_163_0_230.e9_6.2e9_2.70363e+29_10.dat
        23       0.667803        2.68992        190.075         11.197        6.98644        8.71859       -1556.04     /gpfs/hpu/EHT2/IHARM/SANE/SANE_a0_288x128x128_IHARM/m_1_1_10/image_a0_1230_163_0_230.e9_6.2e9_2.70363e+29_10.dat
        24       0.858481        2.64589          119.6        14.4354        13.7766        13.8942       -2271.89     /gpfs/hpu/EHT2/IHARM/SANE/SANE_a0_288x128x128_IHARM/m_1_1_10/image_a0_1240_163_0_230.e9_6.2e9_2.70363e+29_10.dat
        25       0.667419        2.46018        112.305        8.48787        5.02836        6.46014       -1225.21     /gpfs/hpu/EHT2/IHARM/SANE/SANE_a0_288x128x128_IHARM/m_1_1_10/image_a0_1250_163_0_230.e9_6.2e9_2.70363e+29_10.dat
        26       0.838186        2.91067       -170.295        14.8669        8.34137        11.0559       -1850.12     /gpfs/hpu/EHT2/IHARM/SANE/SANE_a0_288x128x128_IHARM/m_1_1_10/image_a0_1260_163_0_230.e9_6.2e9_2.70363e+29_10.dat
        27       0.486625        2.65528       -245.626        6.74496        4.84992        5.60887       -1116.89     /gpfs/hpu/EHT2/IHARM/SANE/SANE_a0_288x128x128_IHARM/m_1_1_10/image_a0_1270_163_0_230.e9_6.2e9_2.70363e+29_10.dat
        28       0.647778        2.63701       -165.584        5.66132        7.39876        6.55964       -1292.18     /gpfs/hpu/EHT2/IHARM/SANE/SANE_a0_288x128x128_IHARM/m_1_1_10/image_a0_1280_163_0_230.e9_6.2e9_2.70363e+29_10.dat
        29       0.506467        2.76233       -180.984          13.92         7.3517        10.0967       -1710.49     /gpfs/hpu/EHT2/IHARM/SANE/SANE_a0_288x128x128_IHARM/m_1_1_10/image_a0_1290_163_0_230.e9_6.2e9_2.70363e+29_10.dat
        30       0.582341        2.72237       -237.693        25.3053        19.5621        21.8034       -3178.69     /gpfs/hpu/EHT2/IHARM/SANE/SANE_a0_288x128x128_IHARM/m_1_1_10/image_a0_1300_163_0_230.e9_6.2e9_2.70363e+29_10.dat
        31       0.570835        2.70827       -275.874         6.0768         9.7426        8.04313       -1416.05     /gpfs/hpu/EHT2/IHARM/SANE/SANE_a0_288x128x128_IHARM/m_1_1_10/image_a0_1310_163_0_230.e9_6.2e9_2.70363e+29_10.dat
        32       0.449611        2.81213       -193.581        15.4266         11.053        12.8063       -1993.22     /gpfs/hpu/EHT2/IHARM/SANE/SANE_a0_288x128x128_IHARM/m_1_1_10/image_a0_1320_163_0_230.e9_6.2e9_2.70363e+29_10.dat
        33       0.656792        2.64377        132.862        24.6661        10.1245         16.276       -2477.36     /gpfs/hpu/EHT2/IHARM/SANE/SANE_a0_288x128x128_IHARM/m_1_1_10/image_a0_1330_163_0_230.e9_6.2e9_2.70363e+29_10.dat
        34       0.516658        2.77443        95.6731        13.0761        7.83065        9.99908       -1635.03     /gpfs/hpu/EHT2/IHARM/SANE/SANE_a0_288x128x128_IHARM/m_1_1_10/image_a0_1340_163_0_230.e9_6.2e9_2.70363e+29_10.dat
        35       0.491199        3.17087        135.701         7.1481        11.3813        9.41721       -1556.79     /gpfs/hpu/EHT2/IHARM/SANE/SANE_a0_288x128x128_IHARM/m_1_1_10/image_a0_1350_163_0_230.e9_6.2e9_2.70363e+29_10.dat
        36       0.592801        2.85555        185.184        9.64007        7.73488        8.46331       -1539.36     /gpfs/hpu/EHT2/IHARM/SANE/SANE_a0_288x128x128_IHARM/m_1_1_10/image_a0_1360_163_0_230.e9_6.2e9_2.70363e+29_10.dat
        37       0.467539        2.56238        150.067        12.0606        11.8357        11.7896       -1899.39     /gpfs/hpu/EHT2/IHARM/SANE/SANE_a0_288x128x128_IHARM/m_1_1_10/image_a0_1370_163_0_230.e9_6.2e9_2.70363e+29_10.dat
        38       0.578721        2.99523        176.396         7.2002         6.2648         6.5926       -1295.29     /gpfs/hpu/EHT2/IHARM/SANE/SANE_a0_288x128x128_IHARM/m_1_1_10/image_a0_1380_163_0_230.e9_6.2e9_2.70363e+29_10.dat
        39       0.482706         2.5916        112.906        14.9457        10.6362        12.3669       -1942.71     /gpfs/hpu/EHT2/IHARM/SANE/SANE_a0_288x128x128_IHARM/m_1_1_10/image_a0_1390_163_0_230.e9_6.2e9_2.70363e+29_10.dat
        40       0.559873        2.78432        183.895        19.6096         6.3076        11.9704       -1911.45     /gpfs/hpu/EHT2/IHARM/SANE/SANE_a0_288x128x128_IHARM/m_1_1_10/image_a0_1400_163_0_230.e9_6.2e9_2.70363e+29_10.dat
        41       0.453835        2.82504        94.5708        7.56001        15.6029         11.944       -1856.14     /gpfs/hpu/EHT2/IHARM/SANE/SANE_a0_288x128x128_IHARM/m_1_1_10/image_a0_1410_163_0_230.e9_6.2e9_2.70363e+29_10.dat
        42       0.503805        2.71942        181.013        10.0452        5.95731        7.64898       -1382.03     /gpfs/hpu/EHT2/IHARM/SANE/SANE_a0_288x128x128_IHARM/m_1_1_10/image_a0_1420_163_0_230.e9_6.2e9_2.70363e+29_10.dat
        43       0.525184        2.68276         128.09        8.98501        14.7516        12.0851       -1985.51     /gpfs/hpu/EHT2/IHARM/SANE/SANE_a0_288x128x128_IHARM/m_1_1_10/image_a0_1430_163_0_230.e9_6.2e9_2.70363e+29_10.dat
        44       0.510159        2.91226        102.716        13.5606        9.99076        11.4101       -1821.65     /gpfs/hpu/EHT2/IHARM/SANE/SANE_a0_288x128x128_IHARM/m_1_1_10/image_a0_1440_163_0_230.e9_6.2e9_2.70363e+29_10.dat
        45       0.512116         2.8952        115.562        5.30078        10.6419        8.20875       -1469.19     /gpfs/hpu/EHT2/IHARM/SANE/SANE_a0_288x128x128_IHARM/m_1_1_10/image_a0_1450_163_0_230.e9_6.2e9_2.70363e+29_10.dat
        46       0.549736          2.825        165.985         34.271        8.13783        19.3146       -2826.33     /gpfs/hpu/EHT2/IHARM/SANE/SANE_a0_288x128x128_IHARM/m_1_1_10/image_a0_1460_163_0_230.e9_6.2e9_2.70363e+29_10.dat
        47       0.677375         2.8045        112.644        48.9772        21.6132         33.158       -4559.39     /gpfs/hpu/EHT2/IHARM/SANE/SANE_a0_288x128x128_IHARM/m_1_1_10/image_a0_1470_163_0_230.e9_6.2e9_2.70363e+29_10.dat
        48       0.416643        2.64716        164.132        3.61163        8.28779           6.17       -1232.61     /gpfs/hpu/EHT2/IHARM/SANE/SANE_a0_288x128x128_IHARM/m_1_1_10/image_a0_1480_163_0_230.e9_6.2e9_2.70363e+29_10.dat
        49       0.369929         2.8318        127.943        18.8615         12.348        15.0089        -2254.9     /gpfs/hpu/EHT2/IHARM/SANE/SANE_a0_288x128x128_IHARM/m_1_1_10/image_a0_1490_163_0_230.e9_6.2e9_2.70363e+29_10.dat
        50       0.657464        2.80044        170.588        25.5191        16.2526         20.054       -3032.23     /gpfs/hpu/EHT2/IHARM/SANE/SANE_a0_288x128x128_IHARM/m_1_1_10/image_a0_1500_163_0_230.e9_6.2e9_2.70363e+29_10.dat
        51       0.457766        2.80711        171.329        5.01219        5.97907        5.48958        -1116.6     /gpfs/hpu/EHT2/IHARM/SANE/SANE_a0_288x128x128_IHARM/m_1_1_10/image_a0_1510_163_0_230.e9_6.2e9_2.70363e+29_10.dat
        52       0.810663        3.09054        211.397        21.3313        9.10403        14.2694        -2427.1     /gpfs/hpu/EHT2/IHARM/SANE/SANE_a0_288x128x128_IHARM/m_1_1_10/image_a0_1520_163_0_230.e9_6.2e9_2.70363e+29_10.dat
        53       0.433908        2.84002        146.774        24.0456        10.0437        15.9633        -2404.7     /gpfs/hpu/EHT2/IHARM/SANE/SANE_a0_288x128x128_IHARM/m_1_1_10/image_a0_1530_163_0_230.e9_6.2e9_2.70363e+29_10.dat
        54       0.365137        2.84317        214.769        6.05334        12.2775        9.44357       -1593.96     /gpfs/hpu/EHT2/IHARM/SANE/SANE_a0_288x128x128_IHARM/m_1_1_10/image_a0_1540_163_0_230.e9_6.2e9_2.70363e+29_10.dat
        55       0.558436        3.12548        171.031        36.0073        8.99118        20.5386       -2995.79     /gpfs/hpu/EHT2/IHARM/SANE/SANE_a0_288x128x128_IHARM/m_1_1_10/image_a0_1550_163_0_230.e9_6.2e9_2.70363e+29_10.dat
        56        0.54589        3.17365        197.629        6.34168        8.39902        7.40977       -1400.01     /gpfs/hpu/EHT2/IHARM/SANE/SANE_a0_288x128x128_IHARM/m_1_1_10/image_a0_1560_163_0_230.e9_6.2e9_2.70363e+29_10.dat
        57       0.548997        2.80743         150.19        34.6176        8.90895        19.8932       -2879.64     /gpfs/hpu/EHT2/IHARM/SANE/SANE_a0_288x128x128_IHARM/m_1_1_10/image_a0_1570_163_0_230.e9_6.2e9_2.70363e+29_10.dat
        58       0.421002        3.03159        115.839        6.60093        6.96657        6.72454       -1224.09     /gpfs/hpu/EHT2/IHARM/SANE/SANE_a0_288x128x128_IHARM/m_1_1_10/image_a0_1580_163_0_230.e9_6.2e9_2.70363e+29_10.dat
        59       0.438472        3.35555        150.129        10.2054        8.72028        9.25553       -1541.49     /gpfs/hpu/EHT2/IHARM/SANE/SANE_a0_288x128x128_IHARM/m_1_1_10/image_a0_1590_163_0_230.e9_6.2e9_2.70363e+29_10.dat
        60       0.495076        2.99393        146.121        9.85998        8.53793        9.00505       -1530.41     /gpfs/hpu/EHT2/IHARM/SANE/SANE_a0_288x128x128_IHARM/m_1_1_10/image_a0_1600_163_0_230.e9_6.2e9_2.70363e+29_10.dat
        61       0.927262        2.63101        156.698        21.3479        26.6276        24.0275       -3806.62     /gpfs/hpu/EHT2/IHARM/SANE/SANE_a0_288x128x128_IHARM/m_1_1_10/image_a0_1610_163_0_230.e9_6.2e9_2.70363e+29_10.dat
        62       0.867676        2.75333        173.911        12.8026        7.50814        9.70162        -1778.6     /gpfs/hpu/EHT2/IHARM/SANE/SANE_a0_288x128x128_IHARM/m_1_1_10/image_a0_1620_163_0_230.e9_6.2e9_2.70363e+29_10.dat
        63       0.628345        2.94133        134.745        7.95251        7.74544        7.74109       -1472.84     /gpfs/hpu/EHT2/IHARM/SANE/SANE_a0_288x128x128_IHARM/m_1_1_10/image_a0_1630_163_0_230.e9_6.2e9_2.70363e+29_10.dat
        64        0.45629        2.95856        168.013        9.00169        5.60751         7.0041       -1293.07     /gpfs/hpu/EHT2/IHARM/SANE/SANE_a0_288x128x128_IHARM/m_1_1_10/image_a0_1640_163_0_230.e9_6.2e9_2.70363e+29_10.dat
        65       0.882208        3.15539         196.35        7.66954         16.217         12.333       -2075.09     /gpfs/hpu/EHT2/IHARM/SANE/SANE_a0_288x128x128_IHARM/m_1_1_10/image_a0_1650_163_0_230.e9_6.2e9_2.70363e+29_10.dat
        66       0.508905        3.42746        187.853        6.73592        9.28253         8.0715       -1454.34     /gpfs/hpu/EHT2/IHARM/SANE/SANE_a0_288x128x128_IHARM/m_1_1_10/image_a0_1660_163_0_230.e9_6.2e9_2.70363e+29_10.dat
        67       0.544335        2.95422        161.721        19.9334        4.89494        11.3241       -1844.52     /gpfs/hpu/EHT2/IHARM/SANE/SANE_a0_288x128x128_IHARM/m_1_1_10/image_a0_1670_163_0_230.e9_6.2e9_2.70363e+29_10.dat
        68        0.48235        3.08634        187.332        2.54983        9.15092        6.19217       -1227.45     /gpfs/hpu/EHT2/IHARM/SANE/SANE_a0_288x128x128_IHARM/m_1_1_10/image_a0_1680_163_0_230.e9_6.2e9_2.70363e+29_10.dat
        69       0.465435        3.01997        195.744         8.5729         8.0985        8.20522       -1489.42     /gpfs/hpu/EHT2/IHARM/SANE/SANE_a0_288x128x128_IHARM/m_1_1_10/image_a0_1690_163_0_230.e9_6.2e9_2.70363e+29_10.dat
        70       0.355027        3.09259        202.002        4.13249        5.31151        4.73857       -1003.38     /gpfs/hpu/EHT2/IHARM/SANE/SANE_a0_288x128x128_IHARM/m_1_1_10/image_a0_1700_163_0_230.e9_6.2e9_2.70363e+29_10.dat
        71       0.784293        3.05162        178.476        12.3354        9.96813        10.8689       -1977.82     /gpfs/hpu/EHT2/IHARM/SANE/SANE_a0_288x128x128_IHARM/m_1_1_10/image_a0_1710_163_0_230.e9_6.2e9_2.70363e+29_10.dat
        72       0.384083        2.98573        170.106         14.922        8.61923        11.2343       -1820.41     /gpfs/hpu/EHT2/IHARM/SANE/SANE_a0_288x128x128_IHARM/m_1_1_10/image_a0_1720_163_0_230.e9_6.2e9_2.70363e+29_10.dat
        73       0.515395        3.09354        190.149        10.1995        8.20564        8.96662       -1610.81     /gpfs/hpu/EHT2/IHARM/SANE/SANE_a0_288x128x128_IHARM/m_1_1_10/image_a0_1730_163_0_230.e9_6.2e9_2.70363e+29_10.dat
        74       0.473251        2.96573        161.728        2.42691        13.4567        8.53512       -1542.35     /gpfs/hpu/EHT2/IHARM/SANE/SANE_a0_288x128x128_IHARM/m_1_1_10/image_a0_1740_163_0_230.e9_6.2e9_2.70363e+29_10.dat
        75       0.431721        3.11175        120.921        2.24574        3.10144        2.69473       -714.706     /gpfs/hpu/EHT2/IHARM/SANE/SANE_a0_288x128x128_IHARM/m_1_1_10/image_a0_1750_163_0_230.e9_6.2e9_2.70363e+29_10.dat
        76         0.4565        2.94928        166.572        9.49559        5.09448        6.93172       -1308.65     /gpfs/hpu/EHT2/IHARM/SANE/SANE_a0_288x128x128_IHARM/m_1_1_10/image_a0_1760_163_0_230.e9_6.2e9_2.70363e+29_10.dat
        77       0.399432        3.21878        116.086        2.37585        3.90143        3.19602       -783.679     /gpfs/hpu/EHT2/IHARM/SANE/SANE_a0_288x128x128_IHARM/m_1_1_10/image_a0_1770_163_0_230.e9_6.2e9_2.70363e+29_10.dat
        78       0.410196        3.26792        86.1647        2.26946        3.98593        3.19714       -773.008     /gpfs/hpu/EHT2/IHARM/SANE/SANE_a0_288x128x128_IHARM/m_1_1_10/image_a0_1780_163_0_230.e9_6.2e9_2.70363e+29_10.dat
        79       0.420523        2.95239        165.199         2.8979        7.60976        5.48477       -1123.79     /gpfs/hpu/EHT2/IHARM/SANE/SANE_a0_288x128x128_IHARM/m_1_1_10/image_a0_1790_163_0_230.e9_6.2e9_2.70363e+29_10.dat
        80       0.511362        3.03354        144.909        3.52727        16.8032         10.872        -1864.1     /gpfs/hpu/EHT2/IHARM/SANE/SANE_a0_288x128x128_IHARM/m_1_1_10/image_a0_1800_163_0_230.e9_6.2e9_2.70363e+29_10.dat
        81        0.48338        2.96333        152.157        5.18527         8.9754        7.23157       -1368.02     /gpfs/hpu/EHT2/IHARM/SANE/SANE_a0_288x128x128_IHARM/m_1_1_10/image_a0_1810_163_0_230.e9_6.2e9_2.70363e+29_10.dat
        82       0.405975        3.06364         203.36         3.9292        6.95807        5.56709       -1160.87     /gpfs/hpu/EHT2/IHARM/SANE/SANE_a0_288x128x128_IHARM/m_1_1_10/image_a0_1820_163_0_230.e9_6.2e9_2.70363e+29_10.dat
        83       0.498195        3.38681        173.405        7.44199        8.21303        7.78102       -1390.86     /gpfs/hpu/EHT2/IHARM/SANE/SANE_a0_288x128x128_IHARM/m_1_1_10/image_a0_1830_163_0_230.e9_6.2e9_2.70363e+29_10.dat
        84       0.503579        3.04393        141.441         6.0732        7.31312        6.68969       -1283.58     /gpfs/hpu/EHT2/IHARM/SANE/SANE_a0_288x128x128_IHARM/m_1_1_10/image_a0_1840_163_0_230.e9_6.2e9_2.70363e+29_10.dat
        85       0.716359        3.44948        162.075        9.81252         8.0862         8.7332       -1591.63     /gpfs/hpu/EHT2/IHARM/SANE/SANE_a0_288x128x128_IHARM/m_1_1_10/image_a0_1850_163_0_230.e9_6.2e9_2.70363e+29_10.dat
        86       0.523423         3.0079        112.582        10.9046        4.81303        7.38302        -1310.6     /gpfs/hpu/EHT2/IHARM/SANE/SANE_a0_288x128x128_IHARM/m_1_1_10/image_a0_1860_163_0_230.e9_6.2e9_2.70363e+29_10.dat
        87       0.499255        2.99803        178.915        9.07148        5.18682        6.80012       -1304.37     /gpfs/hpu/EHT2/IHARM/SANE/SANE_a0_288x128x128_IHARM/m_1_1_10/image_a0_1870_163_0_230.e9_6.2e9_2.70363e+29_10.dat
        88       0.458144        2.93048        93.6826        21.2798        6.90709        13.0247       -2033.52     /gpfs/hpu/EHT2/IHARM/SANE/SANE_a0_288x128x128_IHARM/m_1_1_10/image_a0_1880_163_0_230.e9_6.2e9_2.70363e+29_10.dat
        89       0.416478        2.91592        76.1395        9.55255        5.91236        7.41141       -1302.73     /gpfs/hpu/EHT2/IHARM/SANE/SANE_a0_288x128x128_IHARM/m_1_1_10/image_a0_1890_163_0_230.e9_6.2e9_2.70363e+29_10.dat
        90       0.603662          3.149        168.026        2.44363        13.5999        8.62198       -1620.72     /gpfs/hpu/EHT2/IHARM/SANE/SANE_a0_288x128x128_IHARM/m_1_1_10/image_a0_1900_163_0_230.e9_6.2e9_2.70363e+29_10.dat
        91        0.46787        3.19212        185.092        4.72818        3.66108         4.0772       -926.789     /gpfs/hpu/EHT2/IHARM/SANE/SANE_a0_288x128x128_IHARM/m_1_1_10/image_a0_1910_163_0_230.e9_6.2e9_2.70363e+29_10.dat
        92       0.725693        2.73869        159.849        5.52413        8.51925        7.12395       -1564.53     /gpfs/hpu/EHT2/IHARM/SANE/SANE_a0_288x128x128_IHARM/m_1_1_10/image_a0_1920_163_0_230.e9_6.2e9_2.70363e+29_10.dat
        93       0.394489        2.70547        108.221        17.2961        6.37225        11.0083        -1760.6     /gpfs/hpu/EHT2/IHARM/SANE/SANE_a0_288x128x128_IHARM/m_1_1_10/image_a0_1930_163_0_230.e9_6.2e9_2.70363e+29_10.dat
        94       0.421479        2.97549        175.098        4.91569        3.10242        3.84723       -900.029     /gpfs/hpu/EHT2/IHARM/SANE/SANE_a0_288x128x128_IHARM/m_1_1_10/image_a0_1940_163_0_230.e9_6.2e9_2.70363e+29_10.dat
        95       0.574301        3.05355         164.32        9.29362        4.09626        6.28912       -1266.13     /gpfs/hpu/EHT2/IHARM/SANE/SANE_a0_288x128x128_IHARM/m_1_1_10/image_a0_1950_163_0_230.e9_6.2e9_2.70363e+29_10.dat
        96       0.423796        3.09469        161.327        2.40919        4.92874        3.78206       -881.602     /gpfs/hpu/EHT2/IHARM/SANE/SANE_a0_288x128x128_IHARM/m_1_1_10/image_a0_1960_163_0_230.e9_6.2e9_2.70363e+29_10.dat
        97       0.468722        2.94868         145.79        5.82127        3.37898        4.39183       -983.847     /gpfs/hpu/EHT2/IHARM/SANE/SANE_a0_288x128x128_IHARM/m_1_1_10/image_a0_1970_163_0_230.e9_6.2e9_2.70363e+29_10.dat
        98       0.611794        3.06157        185.974        8.34571        6.40398        7.16427        -1409.2     /gpfs/hpu/EHT2/IHARM/SANE/SANE_a0_288x128x128_IHARM/m_1_1_10/image_a0_1980_163_0_230.e9_6.2e9_2.70363e+29_10.dat
        99       0.425449          2.982        174.831        3.50961        5.57896        4.61865        -980.79     /gpfs/hpu/EHT2/IHARM/SANE/SANE_a0_288x128x128_IHARM/m_1_1_10/image_a0_1990_163_0_230.e9_6.2e9_2.70363e+29_10.dat
