   # Index         I (Jy)      M/D (uas)       PA (deg)  VA red. chisq  CP red. chisq     red. chisq     log-liklhd     FileName
         0       0.498711        4.13299        175.079        4.19993        6.85708         5.6277       -1085.77     /gpfs/hpu/EHT2020/sc_4/Ma+0.5/m_1_1_160/image_Ma+0.5_1000_163_0_230.e9_6.2e9_2.74726e+25_160_4.dat
         1       0.636002        3.85792        187.458        10.0454        5.62022        7.46148       -1454.55     /gpfs/hpu/EHT2020/sc_4/Ma+0.5/m_1_1_160/image_Ma+0.5_1010_163_0_230.e9_6.2e9_2.74726e+25_160_4.dat
         2       0.425887        3.92773        130.551        5.56757        4.22056        4.75067        -978.68     /gpfs/hpu/EHT2020/sc_4/Ma+0.5/m_1_1_160/image_Ma+0.5_1020_163_0_230.e9_6.2e9_2.74726e+25_160_4.dat
         3       0.602993        4.00181        196.602        10.6126        11.3594        10.8998        -1870.4     /gpfs/hpu/EHT2020/sc_4/Ma+0.5/m_1_1_160/image_Ma+0.5_1030_163_0_230.e9_6.2e9_2.74726e+25_160_4.dat
         4       0.493137        3.87797          174.1        10.8582        7.06657        8.61701       -1505.25     /gpfs/hpu/EHT2020/sc_4/Ma+0.5/m_1_1_160/image_Ma+0.5_1040_163_0_230.e9_6.2e9_2.74726e+25_160_4.dat
         5       0.394533        3.72042        155.897        8.31735        8.01881        8.05061        -1403.6     /gpfs/hpu/EHT2020/sc_4/Ma+0.5/m_1_1_160/image_Ma+0.5_1050_163_0_230.e9_6.2e9_2.74726e+25_160_4.dat
         6       0.537768        4.05926        181.478        6.64494        8.48384        7.58782       -1445.25     /gpfs/hpu/EHT2020/sc_4/Ma+0.5/m_1_1_160/image_Ma+0.5_1060_163_0_230.e9_6.2e9_2.74726e+25_160_4.dat
         7       0.412562        3.97433        161.449        12.9825        7.37612        9.70577       -1614.79     /gpfs/hpu/EHT2020/sc_4/Ma+0.5/m_1_1_160/image_Ma+0.5_1070_163_0_230.e9_6.2e9_2.74726e+25_160_4.dat
         8       0.391978        4.03974        173.161        13.0669        6.02807        8.99206       -1530.99     /gpfs/hpu/EHT2020/sc_4/Ma+0.5/m_1_1_160/image_Ma+0.5_1080_163_0_230.e9_6.2e9_2.74726e+25_160_4.dat
         9         0.5071        4.30086        81.9273        2.79055        11.9097        7.83118       -1355.39     /gpfs/hpu/EHT2020/sc_4/Ma+0.5/m_1_1_160/image_Ma+0.5_1090_163_0_230.e9_6.2e9_2.74726e+25_160_4.dat
        10       0.651939        4.40953         42.563        8.47824        65.7324        40.2349       -5551.76     /gpfs/hpu/EHT2020/sc_4/Ma+0.5/m_1_1_160/image_Ma+0.5_1100_163_0_230.e9_6.2e9_2.74726e+25_160_4.dat
        11       0.427232         3.9178        114.057        2.35174        4.71487        3.63826       -838.454     /gpfs/hpu/EHT2020/sc_4/Ma+0.5/m_1_1_160/image_Ma+0.5_1110_163_0_230.e9_6.2e9_2.74726e+25_160_4.dat
        12       0.465687        4.26737        119.732        4.79758        9.21711         7.1988       -1316.03     /gpfs/hpu/EHT2020/sc_4/Ma+0.5/m_1_1_160/image_Ma+0.5_1120_163_0_230.e9_6.2e9_2.74726e+25_160_4.dat
        13        0.34714        4.15157        134.999         6.4916        7.20432        6.80967       -1226.53     /gpfs/hpu/EHT2020/sc_4/Ma+0.5/m_1_1_160/image_Ma+0.5_1130_163_0_230.e9_6.2e9_2.74726e+25_160_4.dat
        14        0.52197        4.26003        177.188        5.17927        16.5576        11.4481       -1905.66     /gpfs/hpu/EHT2020/sc_4/Ma+0.5/m_1_1_160/image_Ma+0.5_1140_163_0_230.e9_6.2e9_2.74726e+25_160_4.dat
        15        0.39974        3.66332        231.781        5.79711        9.26675        7.65767       -1420.46     /gpfs/hpu/EHT2020/sc_4/Ma+0.5/m_1_1_160/image_Ma+0.5_1150_163_0_230.e9_6.2e9_2.74726e+25_160_4.dat
        16       0.454513        3.59421        184.593        7.77514        6.28088         6.8496       -1322.24     /gpfs/hpu/EHT2020/sc_4/Ma+0.5/m_1_1_160/image_Ma+0.5_1160_163_0_230.e9_6.2e9_2.74726e+25_160_4.dat
        17       0.418642        3.80588          145.8        2.47507        2.87702         2.6688       -737.846     /gpfs/hpu/EHT2020/sc_4/Ma+0.5/m_1_1_160/image_Ma+0.5_1170_163_0_230.e9_6.2e9_2.74726e+25_160_4.dat
        18       0.514466        3.70006        201.762        4.86579        6.55742        5.74824       -1197.41     /gpfs/hpu/EHT2020/sc_4/Ma+0.5/m_1_1_160/image_Ma+0.5_1180_163_0_230.e9_6.2e9_2.74726e+25_160_4.dat
        19       0.666988        3.80634        169.316        4.02547        6.58249        5.39963       -1197.53     /gpfs/hpu/EHT2020/sc_4/Ma+0.5/m_1_1_160/image_Ma+0.5_1190_163_0_230.e9_6.2e9_2.74726e+25_160_4.dat
        20       0.523164        3.86929        108.322        9.18008        38.0994        25.1612       -3520.81     /gpfs/hpu/EHT2020/sc_4/Ma+0.5/m_1_1_160/image_Ma+0.5_1200_163_0_230.e9_6.2e9_2.74726e+25_160_4.dat
        21       0.744222        3.99896        85.5582        5.46831        21.9377        14.5666       -2270.68     /gpfs/hpu/EHT2020/sc_4/Ma+0.5/m_1_1_160/image_Ma+0.5_1210_163_0_230.e9_6.2e9_2.74726e+25_160_4.dat
        22       0.844251        4.22742         190.15        18.4928        8.86234        12.9102       -2143.01     /gpfs/hpu/EHT2020/sc_4/Ma+0.5/m_1_1_160/image_Ma+0.5_1220_163_0_230.e9_6.2e9_2.74726e+25_160_4.dat
        23        0.68974        3.87825        113.407        3.12881        7.43989        5.48987       -1195.59     /gpfs/hpu/EHT2020/sc_4/Ma+0.5/m_1_1_160/image_Ma+0.5_1230_163_0_230.e9_6.2e9_2.74726e+25_160_4.dat
        24       0.661186        4.01488        176.565        6.97179         5.0676        5.82786       -1134.84     /gpfs/hpu/EHT2020/sc_4/Ma+0.5/m_1_1_160/image_Ma+0.5_1240_163_0_230.e9_6.2e9_2.74726e+25_160_4.dat
        25       0.483149        3.30155        210.061        7.38039        12.7139        10.2589       -1767.82     /gpfs/hpu/EHT2020/sc_4/Ma+0.5/m_1_1_160/image_Ma+0.5_1250_163_0_230.e9_6.2e9_2.74726e+25_160_4.dat
        26       0.514632        3.68287        122.286        6.80769        7.01812        6.84243        -1248.3     /gpfs/hpu/EHT2020/sc_4/Ma+0.5/m_1_1_160/image_Ma+0.5_1260_163_0_230.e9_6.2e9_2.74726e+25_160_4.dat
        27       0.661399        3.44629        195.315        4.13147        5.44227        4.81089       -1124.48     /gpfs/hpu/EHT2020/sc_4/Ma+0.5/m_1_1_160/image_Ma+0.5_1270_163_0_230.e9_6.2e9_2.74726e+25_160_4.dat
        28        0.72451        3.25027        187.158        5.53324        7.61335        6.62379       -1340.94     /gpfs/hpu/EHT2020/sc_4/Ma+0.5/m_1_1_160/image_Ma+0.5_1280_163_0_230.e9_6.2e9_2.74726e+25_160_4.dat
        29       0.649008        3.80564        85.3332        12.5352        17.5268        15.1611       -2331.31     /gpfs/hpu/EHT2020/sc_4/Ma+0.5/m_1_1_160/image_Ma+0.5_1290_163_0_230.e9_6.2e9_2.74726e+25_160_4.dat
        30        0.56461        3.53635        169.267        11.5157        8.38485        9.63425       -1709.35     /gpfs/hpu/EHT2020/sc_4/Ma+0.5/m_1_1_160/image_Ma+0.5_1300_163_0_230.e9_6.2e9_2.74726e+25_160_4.dat
        31       0.428628          3.459        150.688        4.82135        8.35027         6.7267       -1257.05     /gpfs/hpu/EHT2020/sc_4/Ma+0.5/m_1_1_160/image_Ma+0.5_1310_163_0_230.e9_6.2e9_2.74726e+25_160_4.dat
        32        0.43145        3.90986         138.22        7.94044        13.9527        11.1899       -1825.87     /gpfs/hpu/EHT2020/sc_4/Ma+0.5/m_1_1_160/image_Ma+0.5_1320_163_0_230.e9_6.2e9_2.74726e+25_160_4.dat
        33       0.396854        3.38669        110.194        2.02742        7.63457          5.123       -1028.05     /gpfs/hpu/EHT2020/sc_4/Ma+0.5/m_1_1_160/image_Ma+0.5_1330_163_0_230.e9_6.2e9_2.74726e+25_160_4.dat
        34          0.858        4.15174        120.343        9.89019        13.9389        12.0235       -2064.22     /gpfs/hpu/EHT2020/sc_4/Ma+0.5/m_1_1_160/image_Ma+0.5_1340_163_0_230.e9_6.2e9_2.74726e+25_160_4.dat
        35       0.712775        3.57649        172.633         7.1064        9.25952        8.21854       -1626.85     /gpfs/hpu/EHT2020/sc_4/Ma+0.5/m_1_1_160/image_Ma+0.5_1350_163_0_230.e9_6.2e9_2.74726e+25_160_4.dat
        36       0.510352        3.98455        41.7552         11.777        50.8833        33.3953       -4566.97     /gpfs/hpu/EHT2020/sc_4/Ma+0.5/m_1_1_160/image_Ma+0.5_1360_163_0_230.e9_6.2e9_2.74726e+25_160_4.dat
        37       0.531104        3.93597        179.076        5.50854        7.76613        6.69814       -1243.35     /gpfs/hpu/EHT2020/sc_4/Ma+0.5/m_1_1_160/image_Ma+0.5_1370_163_0_230.e9_6.2e9_2.74726e+25_160_4.dat
        38       0.521934        3.74171        141.425        2.31423        10.0982        6.61766       -1310.26     /gpfs/hpu/EHT2020/sc_4/Ma+0.5/m_1_1_160/image_Ma+0.5_1380_163_0_230.e9_6.2e9_2.74726e+25_160_4.dat
        39       0.478276         3.5588        200.632        6.32234        6.54029        6.36714       -1264.99     /gpfs/hpu/EHT2020/sc_4/Ma+0.5/m_1_1_160/image_Ma+0.5_1390_163_0_230.e9_6.2e9_2.74726e+25_160_4.dat
        40       0.418107        3.91967         98.334        5.02478        8.97109        7.15993       -1258.97     /gpfs/hpu/EHT2020/sc_4/Ma+0.5/m_1_1_160/image_Ma+0.5_1400_163_0_230.e9_6.2e9_2.74726e+25_160_4.dat
        41       0.451664        4.00384         115.32        9.20203        9.77297        9.40841       -1573.59     /gpfs/hpu/EHT2020/sc_4/Ma+0.5/m_1_1_160/image_Ma+0.5_1410_163_0_230.e9_6.2e9_2.74726e+25_160_4.dat
        42       0.381153         3.8054        109.045        3.99007        5.24669        4.64105       -956.948     /gpfs/hpu/EHT2020/sc_4/Ma+0.5/m_1_1_160/image_Ma+0.5_1420_163_0_230.e9_6.2e9_2.74726e+25_160_4.dat
        43       0.489986         3.8021        178.482        8.30757        6.11345        6.98615       -1348.74     /gpfs/hpu/EHT2020/sc_4/Ma+0.5/m_1_1_160/image_Ma+0.5_1430_163_0_230.e9_6.2e9_2.74726e+25_160_4.dat
        44       0.415082        3.77676        132.025        3.29786        3.60425        3.42846       -812.696     /gpfs/hpu/EHT2020/sc_4/Ma+0.5/m_1_1_160/image_Ma+0.5_1440_163_0_230.e9_6.2e9_2.74726e+25_160_4.dat
        45       0.408554        3.92115        175.337          5.352        3.51311        4.26401       -928.358     /gpfs/hpu/EHT2020/sc_4/Ma+0.5/m_1_1_160/image_Ma+0.5_1450_163_0_230.e9_6.2e9_2.74726e+25_160_4.dat
        46       0.418573        3.82266        123.069        5.50516        3.95161        4.57409       -960.241     /gpfs/hpu/EHT2020/sc_4/Ma+0.5/m_1_1_160/image_Ma+0.5_1460_163_0_230.e9_6.2e9_2.74726e+25_160_4.dat
        47       0.382619         3.9119        115.054        2.94415        6.52042        4.89855       -1002.41     /gpfs/hpu/EHT2020/sc_4/Ma+0.5/m_1_1_160/image_Ma+0.5_1470_163_0_230.e9_6.2e9_2.74726e+25_160_4.dat
        48        0.52406        3.82607        178.423        7.14752        4.94408        5.83495       -1200.28     /gpfs/hpu/EHT2020/sc_4/Ma+0.5/m_1_1_160/image_Ma+0.5_1480_163_0_230.e9_6.2e9_2.74726e+25_160_4.dat
        49        0.45576        3.88701        181.792        3.17129        6.81209        5.15886       -1101.36     /gpfs/hpu/EHT2020/sc_4/Ma+0.5/m_1_1_160/image_Ma+0.5_1490_163_0_230.e9_6.2e9_2.74726e+25_160_4.dat
        50       0.494382        3.70535        195.156        11.1294        5.53829        7.88359       -1434.83     /gpfs/hpu/EHT2020/sc_4/Ma+0.5/m_1_1_160/image_Ma+0.5_1500_163_0_230.e9_6.2e9_2.74726e+25_160_4.dat
        51       0.459461        3.60676        156.304        5.00882        5.14295        5.02286       -1069.88     /gpfs/hpu/EHT2020/sc_4/Ma+0.5/m_1_1_160/image_Ma+0.5_1510_163_0_230.e9_6.2e9_2.74726e+25_160_4.dat
        52       0.430049        3.57349        134.443        4.73656        3.30511        3.88273       -867.168     /gpfs/hpu/EHT2020/sc_4/Ma+0.5/m_1_1_160/image_Ma+0.5_1520_163_0_230.e9_6.2e9_2.74726e+25_160_4.dat
        53       0.451663        3.83041        95.4484        7.24617          9.452        8.38595       -1424.66     /gpfs/hpu/EHT2020/sc_4/Ma+0.5/m_1_1_160/image_Ma+0.5_1530_163_0_230.e9_6.2e9_2.74726e+25_160_4.dat
        54       0.449988        3.70905        145.093        4.26579        4.00685         4.0701       -913.871     /gpfs/hpu/EHT2020/sc_4/Ma+0.5/m_1_1_160/image_Ma+0.5_1540_163_0_230.e9_6.2e9_2.74726e+25_160_4.dat
        55        0.39572        3.56105        91.8834        4.80804        4.71886        4.70025       -987.934     /gpfs/hpu/EHT2020/sc_4/Ma+0.5/m_1_1_160/image_Ma+0.5_1550_163_0_230.e9_6.2e9_2.74726e+25_160_4.dat
        56       0.445627        3.80815        145.852        2.05039        3.45536        2.80739       -758.368     /gpfs/hpu/EHT2020/sc_4/Ma+0.5/m_1_1_160/image_Ma+0.5_1560_163_0_230.e9_6.2e9_2.74726e+25_160_4.dat
        57       0.423327        3.66752        126.219        5.77759        5.03265        5.29318       -1051.41     /gpfs/hpu/EHT2020/sc_4/Ma+0.5/m_1_1_160/image_Ma+0.5_1570_163_0_230.e9_6.2e9_2.74726e+25_160_4.dat
        58       0.439393        3.61662        92.7575        4.05069        9.16561         6.8479       -1326.78     /gpfs/hpu/EHT2020/sc_4/Ma+0.5/m_1_1_160/image_Ma+0.5_1580_163_0_230.e9_6.2e9_2.74726e+25_160_4.dat
        59       0.418151        3.80262        131.565        1.90152        3.37094        2.69618       -751.286     /gpfs/hpu/EHT2020/sc_4/Ma+0.5/m_1_1_160/image_Ma+0.5_1590_163_0_230.e9_6.2e9_2.74726e+25_160_4.dat
        60       0.534081         3.7301        85.1451        7.11902        16.8749        12.4616       -2055.22     /gpfs/hpu/EHT2020/sc_4/Ma+0.5/m_1_1_160/image_Ma+0.5_1600_163_0_230.e9_6.2e9_2.74726e+25_160_4.dat
        61       0.858288        3.21411         31.413        9.91025        31.3156        21.7014       -3215.77     /gpfs/hpu/EHT2020/sc_4/Ma+0.5/m_1_1_160/image_Ma+0.5_1610_163_0_230.e9_6.2e9_2.74726e+25_160_4.dat
        62        0.76172        3.75072        107.327        13.5477        39.1682        27.6404       -4035.76     /gpfs/hpu/EHT2020/sc_4/Ma+0.5/m_1_1_160/image_Ma+0.5_1620_163_0_230.e9_6.2e9_2.74726e+25_160_4.dat
        63       0.936148        3.91911        153.998        6.77723        13.4558        10.4115       -1833.45     /gpfs/hpu/EHT2020/sc_4/Ma+0.5/m_1_1_160/image_Ma+0.5_1630_163_0_230.e9_6.2e9_2.74726e+25_160_4.dat
        64       0.620029        3.85477        137.685        4.94033        4.77445        4.78827       -1079.46     /gpfs/hpu/EHT2020/sc_4/Ma+0.5/m_1_1_160/image_Ma+0.5_1640_163_0_230.e9_6.2e9_2.74726e+25_160_4.dat
        65       0.747529        3.57042        110.094        5.74856        6.21445        5.93827       -1261.92     /gpfs/hpu/EHT2020/sc_4/Ma+0.5/m_1_1_160/image_Ma+0.5_1650_163_0_230.e9_6.2e9_2.74726e+25_160_4.dat
        66       0.658809        3.69069        156.007        2.63972        5.90112         4.4226       -991.099     /gpfs/hpu/EHT2020/sc_4/Ma+0.5/m_1_1_160/image_Ma+0.5_1660_163_0_230.e9_6.2e9_2.74726e+25_160_4.dat
        67       0.364103        3.50635        143.091         6.3206        6.98081        6.61151       -1196.39     /gpfs/hpu/EHT2020/sc_4/Ma+0.5/m_1_1_160/image_Ma+0.5_1670_163_0_230.e9_6.2e9_2.74726e+25_160_4.dat
        68       0.368211        3.43914        94.7136          6.721        8.22954        7.47913       -1329.08     /gpfs/hpu/EHT2020/sc_4/Ma+0.5/m_1_1_160/image_Ma+0.5_1680_163_0_230.e9_6.2e9_2.74726e+25_160_4.dat
        69       0.561221         3.8516        118.368        3.94077        6.76687        5.46569       -1130.73     /gpfs/hpu/EHT2020/sc_4/Ma+0.5/m_1_1_160/image_Ma+0.5_1690_163_0_230.e9_6.2e9_2.74726e+25_160_4.dat
        70       0.573376        4.07856        121.413        9.62027        16.8836        13.5456       -2089.54     /gpfs/hpu/EHT2020/sc_4/Ma+0.5/m_1_1_160/image_Ma+0.5_1700_163_0_230.e9_6.2e9_2.74726e+25_160_4.dat
        71       0.413902        3.60342        88.6636        4.73347        10.2323        7.73607       -1371.41     /gpfs/hpu/EHT2020/sc_4/Ma+0.5/m_1_1_160/image_Ma+0.5_1710_163_0_230.e9_6.2e9_2.74726e+25_160_4.dat
        72       0.391225        3.73532        74.3876        6.20554        8.76222        7.55315       -1335.15     /gpfs/hpu/EHT2020/sc_4/Ma+0.5/m_1_1_160/image_Ma+0.5_1720_163_0_230.e9_6.2e9_2.74726e+25_160_4.dat
        73       0.723687        3.79024        135.683        5.30961        15.6835         11.018       -2036.49     /gpfs/hpu/EHT2020/sc_4/Ma+0.5/m_1_1_160/image_Ma+0.5_1730_163_0_230.e9_6.2e9_2.74726e+25_160_4.dat
        74       0.443866        4.08194        144.936        8.50855        7.84695        8.03747       -1393.73     /gpfs/hpu/EHT2020/sc_4/Ma+0.5/m_1_1_160/image_Ma+0.5_1740_163_0_230.e9_6.2e9_2.74726e+25_160_4.dat
        75       0.388514        3.82786        166.596        4.10804        4.28906        4.15907       -918.262     /gpfs/hpu/EHT2020/sc_4/Ma+0.5/m_1_1_160/image_Ma+0.5_1750_163_0_230.e9_6.2e9_2.74726e+25_160_4.dat
        76       0.530231        4.15222        107.146        4.89816        4.15065        4.42296       -935.139     /gpfs/hpu/EHT2020/sc_4/Ma+0.5/m_1_1_160/image_Ma+0.5_1760_163_0_230.e9_6.2e9_2.74726e+25_160_4.dat
        77       0.422778        3.96166        106.846        5.04469        4.56567        4.71711       -976.166     /gpfs/hpu/EHT2020/sc_4/Ma+0.5/m_1_1_160/image_Ma+0.5_1770_163_0_230.e9_6.2e9_2.74726e+25_160_4.dat
        78       0.537898        4.04245        93.9381        5.90293        15.9351         11.414       -1815.89     /gpfs/hpu/EHT2020/sc_4/Ma+0.5/m_1_1_160/image_Ma+0.5_1780_163_0_230.e9_6.2e9_2.74726e+25_160_4.dat
        79       0.483845        3.90793         168.61        9.50309        6.41771        7.67127       -1421.26     /gpfs/hpu/EHT2020/sc_4/Ma+0.5/m_1_1_160/image_Ma+0.5_1790_163_0_230.e9_6.2e9_2.74726e+25_160_4.dat
        80       0.405411        3.78939        135.157        8.17382        5.90541        6.81268       -1227.79     /gpfs/hpu/EHT2020/sc_4/Ma+0.5/m_1_1_160/image_Ma+0.5_1800_163_0_230.e9_6.2e9_2.74726e+25_160_4.dat
        81       0.513021        3.92661        144.765        5.88677        7.69694        6.82283        -1334.2     /gpfs/hpu/EHT2020/sc_4/Ma+0.5/m_1_1_160/image_Ma+0.5_1810_163_0_230.e9_6.2e9_2.74726e+25_160_4.dat
        82        0.46394        4.03143        129.565        3.05644        5.99171         4.6528       -1017.22     /gpfs/hpu/EHT2020/sc_4/Ma+0.5/m_1_1_160/image_Ma+0.5_1820_163_0_230.e9_6.2e9_2.74726e+25_160_4.dat
        83       0.417833        3.96028        145.115        2.74279         4.4203        3.64306       -842.671     /gpfs/hpu/EHT2020/sc_4/Ma+0.5/m_1_1_160/image_Ma+0.5_1830_163_0_230.e9_6.2e9_2.74726e+25_160_4.dat
        84       0.422238        3.96179         142.55        2.77839        4.18928        3.52987       -812.792     /gpfs/hpu/EHT2020/sc_4/Ma+0.5/m_1_1_160/image_Ma+0.5_1840_163_0_230.e9_6.2e9_2.74726e+25_160_4.dat
        85       0.862963        3.98941        181.019        11.4032        49.9977        32.7412       -4750.46     /gpfs/hpu/EHT2020/sc_4/Ma+0.5/m_1_1_160/image_Ma+0.5_1850_163_0_230.e9_6.2e9_2.74726e+25_160_4.dat
        86       0.619258        3.91375        151.427        8.99769        8.54038        8.63438       -1496.32     /gpfs/hpu/EHT2020/sc_4/Ma+0.5/m_1_1_160/image_Ma+0.5_1860_163_0_230.e9_6.2e9_2.74726e+25_160_4.dat
        87       0.391927        3.76512        187.241        4.64653        4.32544        4.41165        -955.14     /gpfs/hpu/EHT2020/sc_4/Ma+0.5/m_1_1_160/image_Ma+0.5_1870_163_0_230.e9_6.2e9_2.74726e+25_160_4.dat
        88       0.425709        3.63079        119.831        5.99538           5.84        5.83639       -1139.68     /gpfs/hpu/EHT2020/sc_4/Ma+0.5/m_1_1_160/image_Ma+0.5_1880_163_0_230.e9_6.2e9_2.74726e+25_160_4.dat
        89       0.613211        3.50081        104.441        8.96394         18.414         14.114       -2270.31     /gpfs/hpu/EHT2020/sc_4/Ma+0.5/m_1_1_160/image_Ma+0.5_1890_163_0_230.e9_6.2e9_2.74726e+25_160_4.dat
        90       0.454193        3.69625        143.803        3.63709        7.36958        5.67004       -1170.85     /gpfs/hpu/EHT2020/sc_4/Ma+0.5/m_1_1_160/image_Ma+0.5_1900_163_0_230.e9_6.2e9_2.74726e+25_160_4.dat
        91       0.469235        3.77638        77.6359        3.00541        8.53459        6.04577        -1185.4     /gpfs/hpu/EHT2020/sc_4/Ma+0.5/m_1_1_160/image_Ma+0.5_1910_163_0_230.e9_6.2e9_2.74726e+25_160_4.dat
        92       0.406209        3.51456         148.97        5.13177        10.7614        8.20231       -1454.71     /gpfs/hpu/EHT2020/sc_4/Ma+0.5/m_1_1_160/image_Ma+0.5_1920_163_0_230.e9_6.2e9_2.74726e+25_160_4.dat
        93       0.465721        3.83915        120.167        6.07078        6.95517        6.48946       -1202.11     /gpfs/hpu/EHT2020/sc_4/Ma+0.5/m_1_1_160/image_Ma+0.5_1930_163_0_230.e9_6.2e9_2.74726e+25_160_4.dat
        94       0.559571        4.06844        155.899        7.68597        4.22495         5.6671       -1117.53     /gpfs/hpu/EHT2020/sc_4/Ma+0.5/m_1_1_160/image_Ma+0.5_1940_163_0_230.e9_6.2e9_2.74726e+25_160_4.dat
        95       0.363603        3.78356        104.592        8.12186        13.3591        10.9379       -1744.78     /gpfs/hpu/EHT2020/sc_4/Ma+0.5/m_1_1_160/image_Ma+0.5_1950_163_0_230.e9_6.2e9_2.74726e+25_160_4.dat
        96       0.640863        3.93816        104.841        19.5896        20.6262        19.9295        -2968.1     /gpfs/hpu/EHT2020/sc_4/Ma+0.5/m_1_1_160/image_Ma+0.5_1960_163_0_230.e9_6.2e9_2.74726e+25_160_4.dat
        97       0.518954        3.70861        140.211        9.79228        5.37318        7.21481       -1359.57     /gpfs/hpu/EHT2020/sc_4/Ma+0.5/m_1_1_160/image_Ma+0.5_1970_163_0_230.e9_6.2e9_2.74726e+25_160_4.dat
        98       0.522992        3.99509        70.2937        3.38607        7.33157        5.54059       -1148.44     /gpfs/hpu/EHT2020/sc_4/Ma+0.5/m_1_1_160/image_Ma+0.5_1980_163_0_230.e9_6.2e9_2.74726e+25_160_4.dat
        99       0.446122        3.71434        98.7339        5.95127        12.0777        9.28836       -1548.98     /gpfs/hpu/EHT2020/sc_4/Ma+0.5/m_1_1_160/image_Ma+0.5_1990_163_0_230.e9_6.2e9_2.74726e+25_160_4.dat
