   # Index         I (Jy)      M/D (uas)       PA (deg)  VA red. chisq  CP red. chisq     red. chisq     log-liklhd     FileName
         0       0.318721        4.04957       -235.234        3.06907        14.1888        9.21955       -1562.51     /gpfs/hpu/EHT2/IHARM/MAD/MAD_a0_384x192x192_IHARM/m_1_1_1/image_a0_0000_163_0_230.e9_6.2e9_7.45201e+24_1.dat
         1        0.40428        3.94649        -125.13        13.4786        42.5876        29.5133       -4152.92     /gpfs/hpu/EHT2/IHARM/MAD/MAD_a0_384x192x192_IHARM/m_1_1_1/image_a0_0001_163_0_230.e9_6.2e9_7.45201e+24_1.dat
         2       0.518267         3.5436       -190.079        10.3487         21.498        16.4275       -2551.87     /gpfs/hpu/EHT2/IHARM/MAD/MAD_a0_384x192x192_IHARM/m_1_1_1/image_a0_0002_163_0_230.e9_6.2e9_7.45201e+24_1.dat
         3       0.357203        2.65725       -307.629        22.2252        130.284         82.086       -11482.9     /gpfs/hpu/EHT2/IHARM/MAD/MAD_a0_384x192x192_IHARM/m_1_1_1/image_a0_0003_163_0_230.e9_6.2e9_7.45201e+24_1.dat
         4       0.493673        3.56293       -174.353        8.30475        8.05121        8.06321       -1412.79     /gpfs/hpu/EHT2/IHARM/MAD/MAD_a0_384x192x192_IHARM/m_1_1_1/image_a0_0004_163_0_230.e9_6.2e9_7.45201e+24_1.dat
         5       0.606733        3.39274       -173.082        4.01655         19.281        12.4619       -2244.58     /gpfs/hpu/EHT2/IHARM/MAD/MAD_a0_384x192x192_IHARM/m_1_1_1/image_a0_0005_163_0_230.e9_6.2e9_7.45201e+24_1.dat
         6       0.587497        3.03885       -285.734        12.2866         26.214        19.8879       -2970.98     /gpfs/hpu/EHT2/IHARM/MAD/MAD_a0_384x192x192_IHARM/m_1_1_1/image_a0_0006_163_0_230.e9_6.2e9_7.45201e+24_1.dat
         7       0.722956        3.29823       -152.466        18.4975        28.5648        23.8757       -3465.16     /gpfs/hpu/EHT2/IHARM/MAD/MAD_a0_384x192x192_IHARM/m_1_1_1/image_a0_0007_163_0_230.e9_6.2e9_7.45201e+24_1.dat
         8       0.729927        3.49536       -226.152         2.9247        25.8158        15.6271       -2394.46     /gpfs/hpu/EHT2/IHARM/MAD/MAD_a0_384x192x192_IHARM/m_1_1_1/image_a0_0008_163_0_230.e9_6.2e9_7.45201e+24_1.dat
         9       0.635366        3.50655       -257.023        20.4961        85.6341        56.4943       -8160.08     /gpfs/hpu/EHT2/IHARM/MAD/MAD_a0_384x192x192_IHARM/m_1_1_1/image_a0_0009_163_0_230.e9_6.2e9_7.45201e+24_1.dat
        10       0.497785        2.92432       -136.736        11.6947        11.9103        11.6732       -1858.44     /gpfs/hpu/EHT2/IHARM/MAD/MAD_a0_384x192x192_IHARM/m_1_1_1/image_a0_0010_163_0_230.e9_6.2e9_7.45201e+24_1.dat
        11        0.61402        3.89782        -186.93        3.25241        6.55978        5.05345       -1021.08     /gpfs/hpu/EHT2/IHARM/MAD/MAD_a0_384x192x192_IHARM/m_1_1_1/image_a0_0011_163_0_230.e9_6.2e9_7.45201e+24_1.dat
        12        1.32973        3.89048       -215.482        8.89211        27.8114        19.3122       -2971.41     /gpfs/hpu/EHT2/IHARM/MAD/MAD_a0_384x192x192_IHARM/m_1_1_1/image_a0_0012_163_0_230.e9_6.2e9_7.45201e+24_1.dat
        13       0.776908        3.96422       -280.241        31.9367        61.0463        47.7485       -6448.24     /gpfs/hpu/EHT2/IHARM/MAD/MAD_a0_384x192x192_IHARM/m_1_1_1/image_a0_0013_163_0_230.e9_6.2e9_7.45201e+24_1.dat
        14        1.11732        3.75007       -248.767        11.7712        102.228        61.9634       -8797.49     /gpfs/hpu/EHT2/IHARM/MAD/MAD_a0_384x192x192_IHARM/m_1_1_1/image_a0_0014_163_0_230.e9_6.2e9_7.45201e+24_1.dat
        15         1.5976        5.67785       -128.451        17.3747        122.151        75.4677       -10120.9     /gpfs/hpu/EHT2/IHARM/MAD/MAD_a0_384x192x192_IHARM/m_1_1_1/image_a0_0015_163_0_230.e9_6.2e9_7.45201e+24_1.dat
        16        1.23852        3.09492       -72.0843        21.7267        71.4087        49.1095          -8616     /gpfs/hpu/EHT2/IHARM/MAD/MAD_a0_384x192x192_IHARM/m_1_1_1/image_a0_0016_163_0_230.e9_6.2e9_7.45201e+24_1.dat
        17       0.706758        3.69529        9.93717        9.35865        77.2531        47.0254       -6345.95     /gpfs/hpu/EHT2/IHARM/MAD/MAD_a0_384x192x192_IHARM/m_1_1_1/image_a0_0017_163_0_230.e9_6.2e9_7.45201e+24_1.dat
        18        1.10985        3.90587       -218.325        12.7273        40.5656         28.064       -3971.98     /gpfs/hpu/EHT2/IHARM/MAD/MAD_a0_384x192x192_IHARM/m_1_1_1/image_a0_0018_163_0_230.e9_6.2e9_7.45201e+24_1.dat
        19        0.80487         3.3577       -324.278        9.12761        28.7057        19.9115       -3097.09     /gpfs/hpu/EHT2/IHARM/MAD/MAD_a0_384x192x192_IHARM/m_1_1_1/image_a0_0019_163_0_230.e9_6.2e9_7.45201e+24_1.dat
        20        1.77277        4.18669       -296.454        14.2341        82.9177         52.281       -7793.66     /gpfs/hpu/EHT2/IHARM/MAD/MAD_a0_384x192x192_IHARM/m_1_1_1/image_a0_0020_163_0_230.e9_6.2e9_7.45201e+24_1.dat
        21       0.670768        3.23199       -195.901         11.795        29.0997        21.2816       -3177.73     /gpfs/hpu/EHT2/IHARM/MAD/MAD_a0_384x192x192_IHARM/m_1_1_1/image_a0_0021_163_0_230.e9_6.2e9_7.45201e+24_1.dat
        22       0.883024        3.43551       -184.406        22.3065        22.8415        22.3344       -4445.97     /gpfs/hpu/EHT2/IHARM/MAD/MAD_a0_384x192x192_IHARM/m_1_1_1/image_a0_0022_163_0_230.e9_6.2e9_7.45201e+24_1.dat
        23       0.801913        3.72731       -208.037        28.5119        33.3341        30.8503       -5103.21     /gpfs/hpu/EHT2/IHARM/MAD/MAD_a0_384x192x192_IHARM/m_1_1_1/image_a0_0023_163_0_230.e9_6.2e9_7.45201e+24_1.dat
        24        0.60274        4.18068       -172.576        12.6017        15.5297        14.0785       -2353.54     /gpfs/hpu/EHT2/IHARM/MAD/MAD_a0_384x192x192_IHARM/m_1_1_1/image_a0_0024_163_0_230.e9_6.2e9_7.45201e+24_1.dat
        25       0.430925        3.53046       -165.692        11.1365        5.63339        7.93959       -1381.31     /gpfs/hpu/EHT2/IHARM/MAD/MAD_a0_384x192x192_IHARM/m_1_1_1/image_a0_0025_163_0_230.e9_6.2e9_7.45201e+24_1.dat
        26       0.752279        3.99821       -173.803        40.8439        15.9602        26.5033        -3739.3     /gpfs/hpu/EHT2/IHARM/MAD/MAD_a0_384x192x192_IHARM/m_1_1_1/image_a0_0026_163_0_230.e9_6.2e9_7.45201e+24_1.dat
        27       0.684319        3.58885       -184.962        39.7818        64.6771        53.1536       -7524.82     /gpfs/hpu/EHT2/IHARM/MAD/MAD_a0_384x192x192_IHARM/m_1_1_1/image_a0_0027_163_0_230.e9_6.2e9_7.45201e+24_1.dat
        28       0.685116        3.89047       -206.527        35.1756         89.417        64.9328       -8607.74     /gpfs/hpu/EHT2/IHARM/MAD/MAD_a0_384x192x192_IHARM/m_1_1_1/image_a0_0028_163_0_230.e9_6.2e9_7.45201e+24_1.dat
        29       0.734354        3.75499       -245.157        39.8353        41.2426        40.1365       -5660.59     /gpfs/hpu/EHT2/IHARM/MAD/MAD_a0_384x192x192_IHARM/m_1_1_1/image_a0_0029_163_0_230.e9_6.2e9_7.45201e+24_1.dat
        30       0.625878        3.30964       -296.883        13.3692        25.1647        19.7711       -2971.19     /gpfs/hpu/EHT2/IHARM/MAD/MAD_a0_384x192x192_IHARM/m_1_1_1/image_a0_0030_163_0_230.e9_6.2e9_7.45201e+24_1.dat
        31       0.755976        3.62048       -275.754        6.49801        23.7629        16.0265       -2469.97     /gpfs/hpu/EHT2/IHARM/MAD/MAD_a0_384x192x192_IHARM/m_1_1_1/image_a0_0031_163_0_230.e9_6.2e9_7.45201e+24_1.dat
        32       0.897182        3.62144       -197.575        6.27626        23.8547        15.9819       -2866.06     /gpfs/hpu/EHT2/IHARM/MAD/MAD_a0_384x192x192_IHARM/m_1_1_1/image_a0_0032_163_0_230.e9_6.2e9_7.45201e+24_1.dat
        33       0.408526         3.4863        14.9567        12.4184        40.2373        27.7481       -3879.74     /gpfs/hpu/EHT2/IHARM/MAD/MAD_a0_384x192x192_IHARM/m_1_1_1/image_a0_0033_163_0_230.e9_6.2e9_7.45201e+24_1.dat
        34        0.50002        3.46286        236.916        4.95731        28.0912        17.7702       -2667.49     /gpfs/hpu/EHT2/IHARM/MAD/MAD_a0_384x192x192_IHARM/m_1_1_1/image_a0_0034_163_0_230.e9_6.2e9_7.45201e+24_1.dat
        35       0.517634        3.72951        227.291        3.99579        31.6881        19.3569       -2809.71     /gpfs/hpu/EHT2/IHARM/MAD/MAD_a0_384x192x192_IHARM/m_1_1_1/image_a0_0035_163_0_230.e9_6.2e9_7.45201e+24_1.dat
        36       0.631966        3.98658        192.033        7.26476        37.6362        24.0771       -3402.85     /gpfs/hpu/EHT2/IHARM/MAD/MAD_a0_384x192x192_IHARM/m_1_1_1/image_a0_0036_163_0_230.e9_6.2e9_7.45201e+24_1.dat
        37       0.544668        3.40613        144.148        13.4925        42.2826        29.3496       -4160.89     /gpfs/hpu/EHT2/IHARM/MAD/MAD_a0_384x192x192_IHARM/m_1_1_1/image_a0_0037_163_0_230.e9_6.2e9_7.45201e+24_1.dat
        38       0.533727         3.1659        295.604         11.564        24.5084         18.627       -2796.39     /gpfs/hpu/EHT2/IHARM/MAD/MAD_a0_384x192x192_IHARM/m_1_1_1/image_a0_0038_163_0_230.e9_6.2e9_7.45201e+24_1.dat
        39       0.830611        3.28806        184.556        11.4067        20.1572        16.1379       -2608.24     /gpfs/hpu/EHT2/IHARM/MAD/MAD_a0_384x192x192_IHARM/m_1_1_1/image_a0_0039_163_0_230.e9_6.2e9_7.45201e+24_1.dat
        40       0.349682        3.68444        244.646        6.04075        27.9371        18.1519       -2661.11     /gpfs/hpu/EHT2/IHARM/MAD/MAD_a0_384x192x192_IHARM/m_1_1_1/image_a0_0040_163_0_230.e9_6.2e9_7.45201e+24_1.dat
        41        0.73668        3.84641          195.8         12.784        25.4903        19.6998       -3046.18     /gpfs/hpu/EHT2/IHARM/MAD/MAD_a0_384x192x192_IHARM/m_1_1_1/image_a0_0041_163_0_230.e9_6.2e9_7.45201e+24_1.dat
        42       0.452247        3.56595         155.74        11.9537        13.3005        12.5585       -1955.87     /gpfs/hpu/EHT2/IHARM/MAD/MAD_a0_384x192x192_IHARM/m_1_1_1/image_a0_0042_163_0_230.e9_6.2e9_7.45201e+24_1.dat
        43       0.408091         3.6095        192.467        3.00621        7.99237         5.7444       -1145.94     /gpfs/hpu/EHT2/IHARM/MAD/MAD_a0_384x192x192_IHARM/m_1_1_1/image_a0_0043_163_0_230.e9_6.2e9_7.45201e+24_1.dat
        44       0.399361        3.62937        183.874        8.53007         7.8771        8.06354       -1420.55     /gpfs/hpu/EHT2/IHARM/MAD/MAD_a0_384x192x192_IHARM/m_1_1_1/image_a0_0044_163_0_230.e9_6.2e9_7.45201e+24_1.dat
        45       0.435003        3.91484        90.5039         2.9535        11.8395        7.86238       -1367.61     /gpfs/hpu/EHT2/IHARM/MAD/MAD_a0_384x192x192_IHARM/m_1_1_1/image_a0_0045_163_0_230.e9_6.2e9_7.45201e+24_1.dat
        46       0.428864        3.54482        135.963        14.5978         17.438        16.0017       -2427.55     /gpfs/hpu/EHT2/IHARM/MAD/MAD_a0_384x192x192_IHARM/m_1_1_1/image_a0_0046_163_0_230.e9_6.2e9_7.45201e+24_1.dat
        47       0.515041        3.95876        96.3314        5.80137         29.427        18.8777       -2822.47     /gpfs/hpu/EHT2/IHARM/MAD/MAD_a0_384x192x192_IHARM/m_1_1_1/image_a0_0047_163_0_230.e9_6.2e9_7.45201e+24_1.dat
        48       0.509152        3.83721        187.718        5.30941        8.99526        7.29618       -1371.33     /gpfs/hpu/EHT2/IHARM/MAD/MAD_a0_384x192x192_IHARM/m_1_1_1/image_a0_0048_163_0_230.e9_6.2e9_7.45201e+24_1.dat
        49       0.388563         3.6335        128.615        3.99222         3.8737        3.87798       -880.479     /gpfs/hpu/EHT2/IHARM/MAD/MAD_a0_384x192x192_IHARM/m_1_1_1/image_a0_0049_163_0_230.e9_6.2e9_7.45201e+24_1.dat
        50       0.345975        3.59532        111.409        5.79153        7.28691        6.55357        -1209.1     /gpfs/hpu/EHT2/IHARM/MAD/MAD_a0_384x192x192_IHARM/m_1_1_1/image_a0_0050_163_0_230.e9_6.2e9_7.45201e+24_1.dat
        51       0.471408        3.51834        131.282        9.61127        7.18053        8.14241       -1450.95     /gpfs/hpu/EHT2/IHARM/MAD/MAD_a0_384x192x192_IHARM/m_1_1_1/image_a0_0051_163_0_230.e9_6.2e9_7.45201e+24_1.dat
        52       0.341782        3.55473         133.23        6.16813        8.82236        7.57046        -1321.8     /gpfs/hpu/EHT2/IHARM/MAD/MAD_a0_384x192x192_IHARM/m_1_1_1/image_a0_0052_163_0_230.e9_6.2e9_7.45201e+24_1.dat
        53       0.355818        3.61664        147.897        4.44532        5.59144        5.02931       -1059.81     /gpfs/hpu/EHT2/IHARM/MAD/MAD_a0_384x192x192_IHARM/m_1_1_1/image_a0_0053_163_0_230.e9_6.2e9_7.45201e+24_1.dat
        54       0.617015        3.58509        91.7641        8.49407        14.7776        11.8878       -2084.29     /gpfs/hpu/EHT2/IHARM/MAD/MAD_a0_384x192x192_IHARM/m_1_1_1/image_a0_0054_163_0_230.e9_6.2e9_7.45201e+24_1.dat
        55       0.419361        3.77668        32.5177        7.19955        15.1936        11.5607       -1877.63     /gpfs/hpu/EHT2/IHARM/MAD/MAD_a0_384x192x192_IHARM/m_1_1_1/image_a0_0055_163_0_230.e9_6.2e9_7.45201e+24_1.dat
        56       0.505282        3.76938       -22.4875        13.0015        22.9226        18.3648       -2812.82     /gpfs/hpu/EHT2/IHARM/MAD/MAD_a0_384x192x192_IHARM/m_1_1_1/image_a0_0056_163_0_230.e9_6.2e9_7.45201e+24_1.dat
        57       0.687952        3.57845        57.7217         18.036        21.2184        19.5887        -3455.5     /gpfs/hpu/EHT2/IHARM/MAD/MAD_a0_384x192x192_IHARM/m_1_1_1/image_a0_0057_163_0_230.e9_6.2e9_7.45201e+24_1.dat
        58       0.707108        3.73908         101.85        4.63179        36.0393        22.0525        -3394.4     /gpfs/hpu/EHT2/IHARM/MAD/MAD_a0_384x192x192_IHARM/m_1_1_1/image_a0_0058_163_0_230.e9_6.2e9_7.45201e+24_1.dat
        59       0.400965        3.36947        142.177        3.89758        5.13568        4.53937       -986.745     /gpfs/hpu/EHT2/IHARM/MAD/MAD_a0_384x192x192_IHARM/m_1_1_1/image_a0_0059_163_0_230.e9_6.2e9_7.45201e+24_1.dat
        60       0.601323        3.92207        212.549        6.58912        19.6931        13.8012       -2159.14     /gpfs/hpu/EHT2/IHARM/MAD/MAD_a0_384x192x192_IHARM/m_1_1_1/image_a0_0060_163_0_230.e9_6.2e9_7.45201e+24_1.dat
        61       0.488616        3.39911        161.479          4.836        48.1584        28.8843        -4105.9     /gpfs/hpu/EHT2/IHARM/MAD/MAD_a0_384x192x192_IHARM/m_1_1_1/image_a0_0061_163_0_230.e9_6.2e9_7.45201e+24_1.dat
        62       0.662584        3.84316        201.337        6.65118        15.6811        11.5954       -1868.82     /gpfs/hpu/EHT2/IHARM/MAD/MAD_a0_384x192x192_IHARM/m_1_1_1/image_a0_0062_163_0_230.e9_6.2e9_7.45201e+24_1.dat
        63       0.701858        3.36665         275.29        9.38866        29.2396        20.3212       -3228.42     /gpfs/hpu/EHT2/IHARM/MAD/MAD_a0_384x192x192_IHARM/m_1_1_1/image_a0_0063_163_0_230.e9_6.2e9_7.45201e+24_1.dat
        64       0.607283        3.72652        346.877        4.71906        81.2198        47.2309       -6977.35     /gpfs/hpu/EHT2/IHARM/MAD/MAD_a0_384x192x192_IHARM/m_1_1_1/image_a0_0064_163_0_230.e9_6.2e9_7.45201e+24_1.dat
        65       0.486543        3.25401        264.249        5.12868        16.1327        11.1899        -1907.2     /gpfs/hpu/EHT2/IHARM/MAD/MAD_a0_384x192x192_IHARM/m_1_1_1/image_a0_0065_163_0_230.e9_6.2e9_7.45201e+24_1.dat
        66       0.340102        3.57452        160.729        11.7604        15.1157        13.4852        -2060.3     /gpfs/hpu/EHT2/IHARM/MAD/MAD_a0_384x192x192_IHARM/m_1_1_1/image_a0_0066_163_0_230.e9_6.2e9_7.45201e+24_1.dat
        67       0.404815        3.47152        198.993        4.86191         7.6814        6.37201        -1235.9     /gpfs/hpu/EHT2/IHARM/MAD/MAD_a0_384x192x192_IHARM/m_1_1_1/image_a0_0067_163_0_230.e9_6.2e9_7.45201e+24_1.dat
        68       0.505146        3.61022        179.618         5.3923        4.19843        4.66274       -1054.12     /gpfs/hpu/EHT2/IHARM/MAD/MAD_a0_384x192x192_IHARM/m_1_1_1/image_a0_0068_163_0_230.e9_6.2e9_7.45201e+24_1.dat
        69       0.361883        3.30775        132.969        7.73944        9.93934        8.86996       -1512.04     /gpfs/hpu/EHT2/IHARM/MAD/MAD_a0_384x192x192_IHARM/m_1_1_1/image_a0_0069_163_0_230.e9_6.2e9_7.45201e+24_1.dat
        70       0.425119        3.67263        166.449        2.97754        5.16435        4.15838       -906.742     /gpfs/hpu/EHT2/IHARM/MAD/MAD_a0_384x192x192_IHARM/m_1_1_1/image_a0_0070_163_0_230.e9_6.2e9_7.45201e+24_1.dat
        71       0.465094        3.52551        171.794        1.88461         5.3526        3.79158       -935.967     /gpfs/hpu/EHT2/IHARM/MAD/MAD_a0_384x192x192_IHARM/m_1_1_1/image_a0_0071_163_0_230.e9_6.2e9_7.45201e+24_1.dat
        72       0.425786        3.51466        182.688        2.77843        3.45217        3.11973       -829.555     /gpfs/hpu/EHT2/IHARM/MAD/MAD_a0_384x192x192_IHARM/m_1_1_1/image_a0_0072_163_0_230.e9_6.2e9_7.45201e+24_1.dat
        73       0.561882        3.60211        131.009        8.81165        10.3531         9.5628       -1695.88     /gpfs/hpu/EHT2/IHARM/MAD/MAD_a0_384x192x192_IHARM/m_1_1_1/image_a0_0073_163_0_230.e9_6.2e9_7.45201e+24_1.dat
        74       0.435419        3.55661        158.033        2.61102        3.85675        3.27262       -833.747     /gpfs/hpu/EHT2/IHARM/MAD/MAD_a0_384x192x192_IHARM/m_1_1_1/image_a0_0074_163_0_230.e9_6.2e9_7.45201e+24_1.dat
        75       0.495542        3.71025        78.8755        5.84863        15.7747        11.3012       -1817.98     /gpfs/hpu/EHT2/IHARM/MAD/MAD_a0_384x192x192_IHARM/m_1_1_1/image_a0_0075_163_0_230.e9_6.2e9_7.45201e+24_1.dat
        76       0.560922        3.45946        117.082        1.59761        7.31033        4.75714       -1119.78     /gpfs/hpu/EHT2/IHARM/MAD/MAD_a0_384x192x192_IHARM/m_1_1_1/image_a0_0076_163_0_230.e9_6.2e9_7.45201e+24_1.dat
        77       0.461742         3.6082        123.922        2.20429        5.13006        3.80567       -875.381     /gpfs/hpu/EHT2/IHARM/MAD/MAD_a0_384x192x192_IHARM/m_1_1_1/image_a0_0077_163_0_230.e9_6.2e9_7.45201e+24_1.dat
        78        0.51674        3.75983        141.834        2.44143        4.44914        3.52909        -852.65     /gpfs/hpu/EHT2/IHARM/MAD/MAD_a0_384x192x192_IHARM/m_1_1_1/image_a0_0078_163_0_230.e9_6.2e9_7.45201e+24_1.dat
        79       0.639186        3.45907        187.292        9.31428        8.01575        8.47904        -1624.9     /gpfs/hpu/EHT2/IHARM/MAD/MAD_a0_384x192x192_IHARM/m_1_1_1/image_a0_0079_163_0_230.e9_6.2e9_7.45201e+24_1.dat
        80       0.444545        3.46925        156.661        3.39555         4.6698        4.06353       -964.888     /gpfs/hpu/EHT2/IHARM/MAD/MAD_a0_384x192x192_IHARM/m_1_1_1/image_a0_0080_163_0_230.e9_6.2e9_7.45201e+24_1.dat
        81       0.629417        3.89768        152.468        2.80803        4.94107        3.96099       -983.865     /gpfs/hpu/EHT2/IHARM/MAD/MAD_a0_384x192x192_IHARM/m_1_1_1/image_a0_0081_163_0_230.e9_6.2e9_7.45201e+24_1.dat
        82        0.44835        3.74118        105.963        5.29126        11.3829        8.61698       -1464.66     /gpfs/hpu/EHT2/IHARM/MAD/MAD_a0_384x192x192_IHARM/m_1_1_1/image_a0_0082_163_0_230.e9_6.2e9_7.45201e+24_1.dat
        83       0.497438        3.32507        159.959        8.30478        5.67935        6.74339       -1311.03     /gpfs/hpu/EHT2/IHARM/MAD/MAD_a0_384x192x192_IHARM/m_1_1_1/image_a0_0083_163_0_230.e9_6.2e9_7.45201e+24_1.dat
        84       0.625262        3.31835        115.501        3.40984        5.25959        4.39789       -1073.09     /gpfs/hpu/EHT2/IHARM/MAD/MAD_a0_384x192x192_IHARM/m_1_1_1/image_a0_0084_163_0_230.e9_6.2e9_7.45201e+24_1.dat
        85       0.486357        3.16484        88.3766        2.27264         3.6875        3.03245       -795.463     /gpfs/hpu/EHT2/IHARM/MAD/MAD_a0_384x192x192_IHARM/m_1_1_1/image_a0_0085_163_0_230.e9_6.2e9_7.45201e+24_1.dat
        86        0.53427        3.42529        63.4008        2.81622        8.67487        6.04221       -1205.71     /gpfs/hpu/EHT2/IHARM/MAD/MAD_a0_384x192x192_IHARM/m_1_1_1/image_a0_0086_163_0_230.e9_6.2e9_7.45201e+24_1.dat
        87       0.924435        3.73504        103.448        28.2449         31.674        29.8113       -4671.26     /gpfs/hpu/EHT2/IHARM/MAD/MAD_a0_384x192x192_IHARM/m_1_1_1/image_a0_0087_163_0_230.e9_6.2e9_7.45201e+24_1.dat
        88        0.79964        4.23503        24.7888        23.3456        35.2686        29.6977        -4389.2     /gpfs/hpu/EHT2/IHARM/MAD/MAD_a0_384x192x192_IHARM/m_1_1_1/image_a0_0088_163_0_230.e9_6.2e9_7.45201e+24_1.dat
        89       0.663905        3.15809        129.058        8.03405        13.7203         11.101       -1935.95     /gpfs/hpu/EHT2/IHARM/MAD/MAD_a0_384x192x192_IHARM/m_1_1_1/image_a0_0089_163_0_230.e9_6.2e9_7.45201e+24_1.dat
        90       0.449807        3.67057        17.0906        3.71868        7.64585        5.85898       -1123.09     /gpfs/hpu/EHT2/IHARM/MAD/MAD_a0_384x192x192_IHARM/m_1_1_1/image_a0_0090_163_0_230.e9_6.2e9_7.45201e+24_1.dat
        91       0.455241        3.57685        6.29727        2.94961        4.65379        3.86222       -894.964     /gpfs/hpu/EHT2/IHARM/MAD/MAD_a0_384x192x192_IHARM/m_1_1_1/image_a0_0091_163_0_230.e9_6.2e9_7.45201e+24_1.dat
        92       0.791079         3.3753       -28.6498        9.47328        45.8463        29.5985       -4255.01     /gpfs/hpu/EHT2/IHARM/MAD/MAD_a0_384x192x192_IHARM/m_1_1_1/image_a0_0092_163_0_230.e9_6.2e9_7.45201e+24_1.dat
        93       0.728357        4.16609        26.5632        11.3697        75.6709        47.0127       -6249.52     /gpfs/hpu/EHT2/IHARM/MAD/MAD_a0_384x192x192_IHARM/m_1_1_1/image_a0_0093_163_0_230.e9_6.2e9_7.45201e+24_1.dat
        94       0.935818        3.30806        -59.785        5.33644         61.095        36.2988       -6598.96     /gpfs/hpu/EHT2/IHARM/MAD/MAD_a0_384x192x192_IHARM/m_1_1_1/image_a0_0094_163_0_230.e9_6.2e9_7.45201e+24_1.dat
        95       0.513137        3.34084       -106.813        9.06826        23.7063        17.1039       -2633.26     /gpfs/hpu/EHT2/IHARM/MAD/MAD_a0_384x192x192_IHARM/m_1_1_1/image_a0_0095_163_0_230.e9_6.2e9_7.45201e+24_1.dat
        96       0.750849        3.73934       -168.433        11.7125         28.117        20.6992       -4393.31     /gpfs/hpu/EHT2/IHARM/MAD/MAD_a0_384x192x192_IHARM/m_1_1_1/image_a0_0096_163_0_230.e9_6.2e9_7.45201e+24_1.dat
        97       0.378683        3.61992       -51.5334        10.0197        43.1177        28.3159       -3966.14     /gpfs/hpu/EHT2/IHARM/MAD/MAD_a0_384x192x192_IHARM/m_1_1_1/image_a0_0097_163_0_230.e9_6.2e9_7.45201e+24_1.dat
        98       0.508879        3.34685       -93.1142        5.03593        11.6527        8.65692       -1575.25     /gpfs/hpu/EHT2/IHARM/MAD/MAD_a0_384x192x192_IHARM/m_1_1_1/image_a0_0098_163_0_230.e9_6.2e9_7.45201e+24_1.dat
        99       0.969242        3.17897       -111.094        14.5441        22.5738        18.8363       -3182.15     /gpfs/hpu/EHT2/IHARM/MAD/MAD_a0_384x192x192_IHARM/m_1_1_1/image_a0_0099_163_0_230.e9_6.2e9_7.45201e+24_1.dat
