   # Index         I (Jy)      M/D (uas)       PA (deg)  VA red. chisq  CP red. chisq     red. chisq     log-liklhd     FileName
         0       0.560619        2.81326        82.8077        4.54967        13.2729        9.34868       -1561.09     /gpfs/hpu/EHT2/IHARM/SANE/SANE_a-0.5_288x128x128_IHARM/m_1_1_10/image_a-0.5_1000_17_0_230.e9_6.2e9_8.99534e+28_10.dat
         1       0.534198        2.75413        116.876          7.215        9.24747         8.2587       -1434.86     /gpfs/hpu/EHT2/IHARM/SANE/SANE_a-0.5_288x128x128_IHARM/m_1_1_10/image_a-0.5_1006_17_0_230.e9_6.2e9_8.99534e+28_10.dat
         2       0.841156        2.86798        57.3243        6.07024        55.9602        33.7582       -4844.09     /gpfs/hpu/EHT2/IHARM/SANE/SANE_a-0.5_288x128x128_IHARM/m_1_1_10/image_a-0.5_1012_17_0_230.e9_6.2e9_8.99534e+28_10.dat
         3       0.681483        3.09966         45.649        7.47634        22.9003        15.9686       -2505.21     /gpfs/hpu/EHT2/IHARM/SANE/SANE_a-0.5_288x128x128_IHARM/m_1_1_10/image_a-0.5_1018_17_0_230.e9_6.2e9_8.99534e+28_10.dat
         4       0.478989        2.90377        33.6423        6.93646        14.7699        11.2115       -1816.66     /gpfs/hpu/EHT2/IHARM/SANE/SANE_a-0.5_288x128x128_IHARM/m_1_1_10/image_a-0.5_1024_17_0_230.e9_6.2e9_8.99534e+28_10.dat
         5       0.639827        3.04294        52.8469        5.28363        36.6726        22.6861       -3290.75     /gpfs/hpu/EHT2/IHARM/SANE/SANE_a-0.5_288x128x128_IHARM/m_1_1_10/image_a-0.5_1030_17_0_230.e9_6.2e9_8.99534e+28_10.dat
         6       0.797735        3.08029        169.559        6.59698        53.3324        32.5232       -4913.67     /gpfs/hpu/EHT2/IHARM/SANE/SANE_a-0.5_288x128x128_IHARM/m_1_1_10/image_a-0.5_1036_17_0_230.e9_6.2e9_8.99534e+28_10.dat
         7       0.624941        2.82963        158.785        6.34297        18.3548        12.9503       -2075.08     /gpfs/hpu/EHT2/IHARM/SANE/SANE_a-0.5_288x128x128_IHARM/m_1_1_10/image_a-0.5_1042_17_0_230.e9_6.2e9_8.99534e+28_10.dat
         8       0.591608        2.86028        85.8717        6.62709        10.5514         8.7306       -1581.49     /gpfs/hpu/EHT2/IHARM/SANE/SANE_a-0.5_288x128x128_IHARM/m_1_1_10/image_a-0.5_1048_17_0_230.e9_6.2e9_8.99534e+28_10.dat
         9       0.643512        2.81862        176.461        6.42564        15.2497        11.2581       -1914.12     /gpfs/hpu/EHT2/IHARM/SANE/SANE_a-0.5_288x128x128_IHARM/m_1_1_10/image_a-0.5_1054_17_0_230.e9_6.2e9_8.99534e+28_10.dat
        10       0.440738        2.76515        129.426        3.36055        11.1667        7.66366       -1414.32     /gpfs/hpu/EHT2/IHARM/SANE/SANE_a-0.5_288x128x128_IHARM/m_1_1_10/image_a-0.5_1060_17_0_230.e9_6.2e9_8.99534e+28_10.dat
        11       0.591886        2.76967        131.119        7.19174        30.5437         20.099       -3026.07     /gpfs/hpu/EHT2/IHARM/SANE/SANE_a-0.5_288x128x128_IHARM/m_1_1_10/image_a-0.5_1066_17_0_230.e9_6.2e9_8.99534e+28_10.dat
        12       0.785412        3.11243        37.1225        4.19545        58.5645        34.3984       -5128.72     /gpfs/hpu/EHT2/IHARM/SANE/SANE_a-0.5_288x128x128_IHARM/m_1_1_10/image_a-0.5_1072_17_0_230.e9_6.2e9_8.99534e+28_10.dat
        13       0.745089        3.12891         22.662        5.43945        39.4721        24.3112       -3688.97     /gpfs/hpu/EHT2/IHARM/SANE/SANE_a-0.5_288x128x128_IHARM/m_1_1_10/image_a-0.5_1078_17_0_230.e9_6.2e9_8.99534e+28_10.dat
        14       0.597244        2.98979        30.5031        5.56686        58.8097        35.1266       -5221.95     /gpfs/hpu/EHT2/IHARM/SANE/SANE_a-0.5_288x128x128_IHARM/m_1_1_10/image_a-0.5_1084_17_0_230.e9_6.2e9_8.99534e+28_10.dat
        15       0.692251        3.20443       -2.48433        5.14379        64.6893        38.2158       -5820.48     /gpfs/hpu/EHT2/IHARM/SANE/SANE_a-0.5_288x128x128_IHARM/m_1_1_10/image_a-0.5_1090_17_0_230.e9_6.2e9_8.99534e+28_10.dat
        16       0.788957        3.16617        17.3276        8.66147        31.9942        21.5402       -3222.27     /gpfs/hpu/EHT2/IHARM/SANE/SANE_a-0.5_288x128x128_IHARM/m_1_1_10/image_a-0.5_1096_17_0_230.e9_6.2e9_8.99534e+28_10.dat
        17       0.738531        3.25097        55.8619        3.73041        30.3213        18.4818       -2808.22     /gpfs/hpu/EHT2/IHARM/SANE/SANE_a-0.5_288x128x128_IHARM/m_1_1_10/image_a-0.5_1102_17_0_230.e9_6.2e9_8.99534e+28_10.dat
        18       0.484755        2.82183        111.123        6.20901        21.2499        14.5034       -2222.34     /gpfs/hpu/EHT2/IHARM/SANE/SANE_a-0.5_288x128x128_IHARM/m_1_1_10/image_a-0.5_1108_17_0_230.e9_6.2e9_8.99534e+28_10.dat
        19       0.538954        2.94389        97.1924        4.18141        22.4615        14.3028       -2286.97     /gpfs/hpu/EHT2/IHARM/SANE/SANE_a-0.5_288x128x128_IHARM/m_1_1_10/image_a-0.5_1114_17_0_230.e9_6.2e9_8.99534e+28_10.dat
        20       0.565156        3.02435         109.25        5.08875        43.2095        26.2395       -3738.76     /gpfs/hpu/EHT2/IHARM/SANE/SANE_a-0.5_288x128x128_IHARM/m_1_1_10/image_a-0.5_1120_17_0_230.e9_6.2e9_8.99534e+28_10.dat
        21       0.528878        3.07877        57.5211        3.25998         11.003        7.52918       -1409.28     /gpfs/hpu/EHT2/IHARM/SANE/SANE_a-0.5_288x128x128_IHARM/m_1_1_10/image_a-0.5_1126_17_0_230.e9_6.2e9_8.99534e+28_10.dat
        22       0.516444        2.93139        75.8531        6.61265        9.42864        8.09962       -1440.27     /gpfs/hpu/EHT2/IHARM/SANE/SANE_a-0.5_288x128x128_IHARM/m_1_1_10/image_a-0.5_1132_17_0_230.e9_6.2e9_8.99534e+28_10.dat
        23       0.484274        3.06412        70.7045        5.28304        9.44191        7.53334       -1333.97     /gpfs/hpu/EHT2/IHARM/SANE/SANE_a-0.5_288x128x128_IHARM/m_1_1_10/image_a-0.5_1138_17_0_230.e9_6.2e9_8.99534e+28_10.dat
        24       0.703982        2.81842        169.626        11.6695        14.4737        13.0887       -2168.54     /gpfs/hpu/EHT2/IHARM/SANE/SANE_a-0.5_288x128x128_IHARM/m_1_1_10/image_a-0.5_1144_17_0_230.e9_6.2e9_8.99534e+28_10.dat
        25       0.585702        3.11083        88.8678        3.79356        16.4252        10.7766       -1805.03     /gpfs/hpu/EHT2/IHARM/SANE/SANE_a-0.5_288x128x128_IHARM/m_1_1_10/image_a-0.5_1150_17_0_230.e9_6.2e9_8.99534e+28_10.dat
        26       0.460061        2.80084        147.204        7.62543        10.5053        9.13567       -1543.13     /gpfs/hpu/EHT2/IHARM/SANE/SANE_a-0.5_288x128x128_IHARM/m_1_1_10/image_a-0.5_1156_17_0_230.e9_6.2e9_8.99534e+28_10.dat
        27       0.772043        3.32805        123.758        5.17286        14.6116        10.3625       -1856.52     /gpfs/hpu/EHT2/IHARM/SANE/SANE_a-0.5_288x128x128_IHARM/m_1_1_10/image_a-0.5_1162_17_0_230.e9_6.2e9_8.99534e+28_10.dat
        28       0.441055        2.87952        49.9606        7.57469        30.7059        20.3545       -2992.79     /gpfs/hpu/EHT2/IHARM/SANE/SANE_a-0.5_288x128x128_IHARM/m_1_1_10/image_a-0.5_1168_17_0_230.e9_6.2e9_8.99534e+28_10.dat
        29        0.89145        3.13633        136.864        6.05899        11.6032        9.07081       -1729.84     /gpfs/hpu/EHT2/IHARM/SANE/SANE_a-0.5_288x128x128_IHARM/m_1_1_10/image_a-0.5_1174_17_0_230.e9_6.2e9_8.99534e+28_10.dat
        30        0.93403        3.24618        193.214        6.16192        37.1407        23.3256       -3669.87     /gpfs/hpu/EHT2/IHARM/SANE/SANE_a-0.5_288x128x128_IHARM/m_1_1_10/image_a-0.5_1180_17_0_230.e9_6.2e9_8.99534e+28_10.dat
        31       0.730326          3.026        287.612        8.39709        110.219        64.9545       -8889.71     /gpfs/hpu/EHT2/IHARM/SANE/SANE_a-0.5_288x128x128_IHARM/m_1_1_10/image_a-0.5_1186_17_0_230.e9_6.2e9_8.99534e+28_10.dat
        32       0.914129        3.50943        355.517        5.36093        56.7655        33.9003       -5387.76     /gpfs/hpu/EHT2/IHARM/SANE/SANE_a-0.5_288x128x128_IHARM/m_1_1_10/image_a-0.5_1192_17_0_230.e9_6.2e9_8.99534e+28_10.dat
        33       0.814514        3.41304        359.974        6.57685        66.3714        39.7701       -5798.52     /gpfs/hpu/EHT2/IHARM/SANE/SANE_a-0.5_288x128x128_IHARM/m_1_1_10/image_a-0.5_1198_17_0_230.e9_6.2e9_8.99534e+28_10.dat
        34       0.981436        3.76327        321.505        40.0748        142.717        96.7057       -12565.8     /gpfs/hpu/EHT2/IHARM/SANE/SANE_a-0.5_288x128x128_IHARM/m_1_1_10/image_a-0.5_1204_17_0_230.e9_6.2e9_8.99534e+28_10.dat
        35        1.46512         3.9569        358.833        36.9607        126.459        86.3149       -11777.3     /gpfs/hpu/EHT2/IHARM/SANE/SANE_a-0.5_288x128x128_IHARM/m_1_1_10/image_a-0.5_1210_17_0_230.e9_6.2e9_8.99534e+28_10.dat
        36       0.736284        3.08876        349.781        4.55376         27.467        17.2488       -2701.54     /gpfs/hpu/EHT2/IHARM/SANE/SANE_a-0.5_288x128x128_IHARM/m_1_1_10/image_a-0.5_1216_17_0_230.e9_6.2e9_8.99534e+28_10.dat
        37        1.09084        3.42684         359.98        9.81408         53.027        33.7413       -4886.44     /gpfs/hpu/EHT2/IHARM/SANE/SANE_a-0.5_288x128x128_IHARM/m_1_1_10/image_a-0.5_1222_17_0_230.e9_6.2e9_8.99534e+28_10.dat
        38       0.847709        3.14349        359.974          4.682        46.8567        28.0936       -4320.09     /gpfs/hpu/EHT2/IHARM/SANE/SANE_a-0.5_288x128x128_IHARM/m_1_1_10/image_a-0.5_1228_17_0_230.e9_6.2e9_8.99534e+28_10.dat
        39       0.990485        3.33292        351.504         4.5074        45.9068        27.4896       -4400.94     /gpfs/hpu/EHT2/IHARM/SANE/SANE_a-0.5_288x128x128_IHARM/m_1_1_10/image_a-0.5_1234_17_0_230.e9_6.2e9_8.99534e+28_10.dat
        40       0.883615        3.23221        350.923         7.2404        37.1115        23.7746       -3574.67     /gpfs/hpu/EHT2/IHARM/SANE/SANE_a-0.5_288x128x128_IHARM/m_1_1_10/image_a-0.5_1240_17_0_230.e9_6.2e9_8.99534e+28_10.dat
        41       0.690411        3.02245        359.976        9.65434         56.243        35.4619       -5277.78     /gpfs/hpu/EHT2/IHARM/SANE/SANE_a-0.5_288x128x128_IHARM/m_1_1_10/image_a-0.5_1246_17_0_230.e9_6.2e9_8.99534e+28_10.dat
        42       0.817867        2.96662        359.982        4.77893         65.746        38.6463       -5549.81     /gpfs/hpu/EHT2/IHARM/SANE/SANE_a-0.5_288x128x128_IHARM/m_1_1_10/image_a-0.5_1252_17_0_230.e9_6.2e9_8.99534e+28_10.dat
        43       0.682504        3.26094        309.206        15.9054        211.218        124.395       -15897.4     /gpfs/hpu/EHT2/IHARM/SANE/SANE_a-0.5_288x128x128_IHARM/m_1_1_10/image_a-0.5_1258_17_0_230.e9_6.2e9_8.99534e+28_10.dat
        44       0.736472        3.17333        101.523        5.45561        55.5711        33.2765       -5289.89     /gpfs/hpu/EHT2/IHARM/SANE/SANE_a-0.5_288x128x128_IHARM/m_1_1_10/image_a-0.5_1264_17_0_230.e9_6.2e9_8.99534e+28_10.dat
        45       0.462538        2.98257        9.35357        4.95522        15.5028        10.7645       -1760.57     /gpfs/hpu/EHT2/IHARM/SANE/SANE_a-0.5_288x128x128_IHARM/m_1_1_10/image_a-0.5_1270_17_0_230.e9_6.2e9_8.99534e+28_10.dat
        46       0.529933        2.80816        107.615        3.22173        12.5199        8.35676       -1516.27     /gpfs/hpu/EHT2/IHARM/SANE/SANE_a-0.5_288x128x128_IHARM/m_1_1_10/image_a-0.5_1276_17_0_230.e9_6.2e9_8.99534e+28_10.dat
        47       0.861863        2.76193        118.981        3.99378        15.2936        10.2333       -1896.68     /gpfs/hpu/EHT2/IHARM/SANE/SANE_a-0.5_288x128x128_IHARM/m_1_1_10/image_a-0.5_1282_17_0_230.e9_6.2e9_8.99534e+28_10.dat
        48       0.609226        3.01581        150.932         12.385        19.4071        16.1427       -2525.05     /gpfs/hpu/EHT2/IHARM/SANE/SANE_a-0.5_288x128x128_IHARM/m_1_1_10/image_a-0.5_1288_17_0_230.e9_6.2e9_8.99534e+28_10.dat
        49       0.445108        2.89849        155.672         5.0195        28.6406        18.1028       -2708.27     /gpfs/hpu/EHT2/IHARM/SANE/SANE_a-0.5_288x128x128_IHARM/m_1_1_10/image_a-0.5_1294_17_0_230.e9_6.2e9_8.99534e+28_10.dat
        50       0.714511        3.44753        359.898        6.15434         23.923        15.9673       -2516.22     /gpfs/hpu/EHT2/IHARM/SANE/SANE_a-0.5_288x128x128_IHARM/m_1_1_10/image_a-0.5_1300_17_0_230.e9_6.2e9_8.99534e+28_10.dat
        51        0.80947        3.48946        359.991        6.66722        39.5703        24.8955       -3697.35     /gpfs/hpu/EHT2/IHARM/SANE/SANE_a-0.5_288x128x128_IHARM/m_1_1_10/image_a-0.5_1306_17_0_230.e9_6.2e9_8.99534e+28_10.dat
        52       0.769717        3.29393        351.832        5.96218        73.5467        43.4976       -6273.56     /gpfs/hpu/EHT2/IHARM/SANE/SANE_a-0.5_288x128x128_IHARM/m_1_1_10/image_a-0.5_1312_17_0_230.e9_6.2e9_8.99534e+28_10.dat
        53       0.382214           3.06        51.8497        6.08802        12.8042        9.75159       -1631.79     /gpfs/hpu/EHT2/IHARM/SANE/SANE_a-0.5_288x128x128_IHARM/m_1_1_10/image_a-0.5_1318_17_0_230.e9_6.2e9_8.99534e+28_10.dat
        54       0.475784        2.83171        124.033        3.09799          16.24        10.3734       -1747.63     /gpfs/hpu/EHT2/IHARM/SANE/SANE_a-0.5_288x128x128_IHARM/m_1_1_10/image_a-0.5_1324_17_0_230.e9_6.2e9_8.99534e+28_10.dat
        55        0.58401        2.92061        133.874        1.98298        5.77607        4.06967       -1062.37     /gpfs/hpu/EHT2/IHARM/SANE/SANE_a-0.5_288x128x128_IHARM/m_1_1_10/image_a-0.5_1330_17_0_230.e9_6.2e9_8.99534e+28_10.dat
        56        0.74996        3.01148        145.098        5.26955        48.3033         29.152       -4508.34     /gpfs/hpu/EHT2/IHARM/SANE/SANE_a-0.5_288x128x128_IHARM/m_1_1_10/image_a-0.5_1336_17_0_230.e9_6.2e9_8.99534e+28_10.dat
        57       0.751194        3.02731        257.104        6.74574        93.7424        55.0736       -7886.34     /gpfs/hpu/EHT2/IHARM/SANE/SANE_a-0.5_288x128x128_IHARM/m_1_1_10/image_a-0.5_1342_17_0_230.e9_6.2e9_8.99534e+28_10.dat
        58        1.07023        3.20824        10.2267        4.98391        29.0907        18.3379       -2899.02     /gpfs/hpu/EHT2/IHARM/SANE/SANE_a-0.5_288x128x128_IHARM/m_1_1_10/image_a-0.5_1348_17_0_230.e9_6.2e9_8.99534e+28_10.dat
        59        0.66226        3.27173        29.0677        3.68118        23.1375        14.4631       -2334.79     /gpfs/hpu/EHT2/IHARM/SANE/SANE_a-0.5_288x128x128_IHARM/m_1_1_10/image_a-0.5_1354_17_0_230.e9_6.2e9_8.99534e+28_10.dat
        60       0.467024        2.91507        62.7719        6.56364          24.92        16.6987       -2548.95     /gpfs/hpu/EHT2/IHARM/SANE/SANE_a-0.5_288x128x128_IHARM/m_1_1_10/image_a-0.5_1360_17_0_230.e9_6.2e9_8.99534e+28_10.dat
        61       0.616785        3.11343         49.427        8.24474        37.4728         24.409       -3543.67     /gpfs/hpu/EHT2/IHARM/SANE/SANE_a-0.5_288x128x128_IHARM/m_1_1_10/image_a-0.5_1366_17_0_230.e9_6.2e9_8.99534e+28_10.dat
        62       0.679499        3.23308         31.685        5.16487        54.0532        32.3064       -4815.83     /gpfs/hpu/EHT2/IHARM/SANE/SANE_a-0.5_288x128x128_IHARM/m_1_1_10/image_a-0.5_1372_17_0_230.e9_6.2e9_8.99534e+28_10.dat
        63       0.819399        3.34363        36.0581        4.28904        33.1704        20.3082       -3162.83     /gpfs/hpu/EHT2/IHARM/SANE/SANE_a-0.5_288x128x128_IHARM/m_1_1_10/image_a-0.5_1378_17_0_230.e9_6.2e9_8.99534e+28_10.dat
        64       0.593229        3.05345         -45.23        7.03908        59.4949         36.143       -5040.24     /gpfs/hpu/EHT2/IHARM/SANE/SANE_a-0.5_288x128x128_IHARM/m_1_1_10/image_a-0.5_1384_17_0_230.e9_6.2e9_8.99534e+28_10.dat
        65       0.726513        3.45644        57.0589        8.63215        39.6729        25.8004       -3897.44     /gpfs/hpu/EHT2/IHARM/SANE/SANE_a-0.5_288x128x128_IHARM/m_1_1_10/image_a-0.5_1390_17_0_230.e9_6.2e9_8.99534e+28_10.dat
        66       0.520552        3.03047       -38.9326        5.02574        19.1763        12.8391       -2026.23     /gpfs/hpu/EHT2/IHARM/SANE/SANE_a-0.5_288x128x128_IHARM/m_1_1_10/image_a-0.5_1396_17_0_230.e9_6.2e9_8.99534e+28_10.dat
        67       0.502832        2.94807       -37.9485        7.33414        46.2086        28.8772       -4106.53     /gpfs/hpu/EHT2/IHARM/SANE/SANE_a-0.5_288x128x128_IHARM/m_1_1_10/image_a-0.5_1402_17_0_230.e9_6.2e9_8.99534e+28_10.dat
        68       0.835302        3.21377        110.693        6.75774        70.8039        42.3146       -6181.94     /gpfs/hpu/EHT2/IHARM/SANE/SANE_a-0.5_288x128x128_IHARM/m_1_1_10/image_a-0.5_1408_17_0_230.e9_6.2e9_8.99534e+28_10.dat
        69       0.851844        3.17645         151.53        6.63211        16.9881        12.3145        -2112.4     /gpfs/hpu/EHT2/IHARM/SANE/SANE_a-0.5_288x128x128_IHARM/m_1_1_10/image_a-0.5_1414_17_0_230.e9_6.2e9_8.99534e+28_10.dat
        70       0.414919        3.07655        125.175        4.53696         19.657        12.8957       -2059.02     /gpfs/hpu/EHT2/IHARM/SANE/SANE_a-0.5_288x128x128_IHARM/m_1_1_10/image_a-0.5_1420_17_0_230.e9_6.2e9_8.99534e+28_10.dat
        71       0.623618        3.15549        122.565        5.03255         15.536        10.8164       -1882.33     /gpfs/hpu/EHT2/IHARM/SANE/SANE_a-0.5_288x128x128_IHARM/m_1_1_10/image_a-0.5_1426_17_0_230.e9_6.2e9_8.99534e+28_10.dat
        72       0.683429        3.04971        96.3922        5.65967        42.0573        25.8447       -3791.28     /gpfs/hpu/EHT2/IHARM/SANE/SANE_a-0.5_288x128x128_IHARM/m_1_1_10/image_a-0.5_1432_17_0_230.e9_6.2e9_8.99534e+28_10.dat
        73       0.914715        3.36284        26.1275        5.56722        37.6827        23.3706       -3610.45     /gpfs/hpu/EHT2/IHARM/SANE/SANE_a-0.5_288x128x128_IHARM/m_1_1_10/image_a-0.5_1438_17_0_230.e9_6.2e9_8.99534e+28_10.dat
        74       0.885135        3.31884        28.4938        6.10253         27.064        17.6928       -2825.34     /gpfs/hpu/EHT2/IHARM/SANE/SANE_a-0.5_288x128x128_IHARM/m_1_1_10/image_a-0.5_1444_17_0_230.e9_6.2e9_8.99534e+28_10.dat
        75       0.856356        2.97396        35.4426        4.96211        36.4939         22.448       -3393.26     /gpfs/hpu/EHT2/IHARM/SANE/SANE_a-0.5_288x128x128_IHARM/m_1_1_10/image_a-0.5_1450_17_0_230.e9_6.2e9_8.99534e+28_10.dat
        76       0.469071        2.87139        45.8239        4.43683        6.78595        5.69033       -1127.96     /gpfs/hpu/EHT2/IHARM/SANE/SANE_a-0.5_288x128x128_IHARM/m_1_1_10/image_a-0.5_1456_17_0_230.e9_6.2e9_8.99534e+28_10.dat
        77       0.821602        3.12546        69.1646        4.25609        47.9108        28.4964       -4251.18     /gpfs/hpu/EHT2/IHARM/SANE/SANE_a-0.5_288x128x128_IHARM/m_1_1_10/image_a-0.5_1462_17_0_230.e9_6.2e9_8.99534e+28_10.dat
        78       0.648646        3.08882        33.1996        4.46956        24.1448        15.3638       -2400.26     /gpfs/hpu/EHT2/IHARM/SANE/SANE_a-0.5_288x128x128_IHARM/m_1_1_10/image_a-0.5_1468_17_0_230.e9_6.2e9_8.99534e+28_10.dat
        79       0.638376        2.95263       -23.5418        4.07365        115.092        65.8009       -9468.75     /gpfs/hpu/EHT2/IHARM/SANE/SANE_a-0.5_288x128x128_IHARM/m_1_1_10/image_a-0.5_1474_17_0_230.e9_6.2e9_8.99534e+28_10.dat
        80       0.530749        2.92392        143.706        8.87921        27.7943        19.2971        -2824.7     /gpfs/hpu/EHT2/IHARM/SANE/SANE_a-0.5_288x128x128_IHARM/m_1_1_10/image_a-0.5_1480_17_0_230.e9_6.2e9_8.99534e+28_10.dat
        81       0.710485        3.15219        225.197        8.13896        70.6395         42.819       -6056.62     /gpfs/hpu/EHT2/IHARM/SANE/SANE_a-0.5_288x128x128_IHARM/m_1_1_10/image_a-0.5_1486_17_0_230.e9_6.2e9_8.99534e+28_10.dat
        82       0.966793        5.62733        276.094        65.0894        66.4658        65.0679       -9903.12     /gpfs/hpu/EHT2/IHARM/SANE/SANE_a-0.5_288x128x128_IHARM/m_1_1_10/image_a-0.5_1492_17_0_230.e9_6.2e9_8.99534e+28_10.dat
        83       0.650027        3.15066        61.8616        6.58304         18.143         12.936       -2195.78     /gpfs/hpu/EHT2/IHARM/SANE/SANE_a-0.5_288x128x128_IHARM/m_1_1_10/image_a-0.5_1498_17_0_230.e9_6.2e9_8.99534e+28_10.dat
        84       0.517446        3.00194        79.6414        6.52438        35.3994         22.513        -3337.1     /gpfs/hpu/EHT2/IHARM/SANE/SANE_a-0.5_288x128x128_IHARM/m_1_1_10/image_a-0.5_1504_17_0_230.e9_6.2e9_8.99534e+28_10.dat
        85       0.762653        3.01236        90.8612        6.99817        57.2003        34.8486       -4956.76     /gpfs/hpu/EHT2/IHARM/SANE/SANE_a-0.5_288x128x128_IHARM/m_1_1_10/image_a-0.5_1510_17_0_230.e9_6.2e9_8.99534e+28_10.dat
        86        0.55964        2.95816        101.399        9.81314        42.7991        28.0495       -3994.62     /gpfs/hpu/EHT2/IHARM/SANE/SANE_a-0.5_288x128x128_IHARM/m_1_1_10/image_a-0.5_1516_17_0_230.e9_6.2e9_8.99534e+28_10.dat
        87       0.425599        2.92548        133.813        10.3287        7.60101        8.68592       -1453.12     /gpfs/hpu/EHT2/IHARM/SANE/SANE_a-0.5_288x128x128_IHARM/m_1_1_10/image_a-0.5_1522_17_0_230.e9_6.2e9_8.99534e+28_10.dat
        88       0.502935        2.79318        157.416        4.37876        8.09589        6.39419       -1261.92     /gpfs/hpu/EHT2/IHARM/SANE/SANE_a-0.5_288x128x128_IHARM/m_1_1_10/image_a-0.5_1528_17_0_230.e9_6.2e9_8.99534e+28_10.dat
        89       0.884232        2.87696        149.993         9.0122        14.6726        12.0529       -2065.77     /gpfs/hpu/EHT2/IHARM/SANE/SANE_a-0.5_288x128x128_IHARM/m_1_1_10/image_a-0.5_1534_17_0_230.e9_6.2e9_8.99534e+28_10.dat
        90       0.435453        2.95972        153.303        6.85039        12.3845        9.84698        -1655.9     /gpfs/hpu/EHT2/IHARM/SANE/SANE_a-0.5_288x128x128_IHARM/m_1_1_10/image_a-0.5_1540_17_0_230.e9_6.2e9_8.99534e+28_10.dat
        91       0.645998        2.80664        160.007        13.7099        60.9103        39.8088       -5507.51     /gpfs/hpu/EHT2/IHARM/SANE/SANE_a-0.5_288x128x128_IHARM/m_1_1_10/image_a-0.5_1546_17_0_230.e9_6.2e9_8.99534e+28_10.dat
        92        0.89392        2.76593        181.449        5.41408        70.7889        41.7265        -6202.7     /gpfs/hpu/EHT2/IHARM/SANE/SANE_a-0.5_288x128x128_IHARM/m_1_1_10/image_a-0.5_1552_17_0_230.e9_6.2e9_8.99534e+28_10.dat
        93        1.01485        5.18102       0.942165        24.1129        29.6705        26.9138       -3896.51     /gpfs/hpu/EHT2/IHARM/SANE/SANE_a-0.5_288x128x128_IHARM/m_1_1_10/image_a-0.5_1558_17_0_230.e9_6.2e9_8.99534e+28_10.dat
        94        1.40891        5.02813        33.4004        27.7862        14.4807        20.0462       -3059.22     /gpfs/hpu/EHT2/IHARM/SANE/SANE_a-0.5_288x128x128_IHARM/m_1_1_10/image_a-0.5_1564_17_0_230.e9_6.2e9_8.99534e+28_10.dat
        95        0.89804        3.39807        3.73595        9.83298        72.4401        44.5519       -6095.19     /gpfs/hpu/EHT2/IHARM/SANE/SANE_a-0.5_288x128x128_IHARM/m_1_1_10/image_a-0.5_1570_17_0_230.e9_6.2e9_8.99534e+28_10.dat
        96       0.755121        3.06672        39.0434        11.9719        33.0249        23.5421       -3539.45     /gpfs/hpu/EHT2/IHARM/SANE/SANE_a-0.5_288x128x128_IHARM/m_1_1_10/image_a-0.5_1576_17_0_230.e9_6.2e9_8.99534e+28_10.dat
        97       0.864181         3.2928       -18.6101        8.98175        33.3675        22.4426       -3386.79     /gpfs/hpu/EHT2/IHARM/SANE/SANE_a-0.5_288x128x128_IHARM/m_1_1_10/image_a-0.5_1582_17_0_230.e9_6.2e9_8.99534e+28_10.dat
        98       0.798593         3.2278        11.3745        3.59228        21.9594        13.7692       -2202.74     /gpfs/hpu/EHT2/IHARM/SANE/SANE_a-0.5_288x128x128_IHARM/m_1_1_10/image_a-0.5_1588_17_0_230.e9_6.2e9_8.99534e+28_10.dat
        99       0.545386        2.90002        111.251        5.15799        21.4407        14.1562       -2200.43     /gpfs/hpu/EHT2/IHARM/SANE/SANE_a-0.5_288x128x128_IHARM/m_1_1_10/image_a-0.5_1594_17_0_230.e9_6.2e9_8.99534e+28_10.dat
