   # Index         I (Jy)      M/D (uas)       PA (deg)  VA red. chisq  CP red. chisq     red. chisq     log-liklhd     FileName
         0       0.546992          3.617        173.499        3.70745        9.95956         7.1416       -1348.06     /gpfs/hpu/EHT2/IHARM/MAD/MAD_a+0.75_384x192x192_IHARM/m_1_1_160/image_a+0.75_0000_163_0_230.e9_6.2e9_2.07539e+25_160.dat
         1       0.643902        4.19593         109.45        7.58918        25.3134        17.3601       -2551.72     /gpfs/hpu/EHT2/IHARM/MAD/MAD_a+0.75_384x192x192_IHARM/m_1_1_160/image_a+0.75_0001_163_0_230.e9_6.2e9_2.07539e+25_160.dat
         2       0.542996        4.00647        71.6898        5.38042        35.0359        21.8172       -3108.98     /gpfs/hpu/EHT2/IHARM/MAD/MAD_a+0.75_384x192x192_IHARM/m_1_1_160/image_a+0.75_0002_163_0_230.e9_6.2e9_2.07539e+25_160.dat
         3       0.433593        3.74676        165.824        2.64759        5.86593        4.40642        -935.63     /gpfs/hpu/EHT2/IHARM/MAD/MAD_a+0.75_384x192x192_IHARM/m_1_1_160/image_a+0.75_0003_163_0_230.e9_6.2e9_2.07539e+25_160.dat
         4       0.642011        3.54532        86.5396         9.9682        23.9345        17.6192       -2680.29     /gpfs/hpu/EHT2/IHARM/MAD/MAD_a+0.75_384x192x192_IHARM/m_1_1_160/image_a+0.75_0004_163_0_230.e9_6.2e9_2.07539e+25_160.dat
         5       0.951115        4.19408        101.267        17.1325        18.2594        17.5523       -2656.06     /gpfs/hpu/EHT2/IHARM/MAD/MAD_a+0.75_384x192x192_IHARM/m_1_1_160/image_a+0.75_0005_163_0_230.e9_6.2e9_2.07539e+25_160.dat
         6       0.534883        3.69943        160.809        3.49374        8.00401        5.96123       -1192.84     /gpfs/hpu/EHT2/IHARM/MAD/MAD_a+0.75_384x192x192_IHARM/m_1_1_160/image_a+0.75_0006_163_0_230.e9_6.2e9_2.07539e+25_160.dat
         7       0.459329        3.86572        96.3364        17.1199        13.9099        15.1266       -2293.34     /gpfs/hpu/EHT2/IHARM/MAD/MAD_a+0.75_384x192x192_IHARM/m_1_1_160/image_a+0.75_0007_163_0_230.e9_6.2e9_2.07539e+25_160.dat
         8       0.841937         3.3377         148.14        13.8234        12.6936        13.0275       -2223.87     /gpfs/hpu/EHT2/IHARM/MAD/MAD_a+0.75_384x192x192_IHARM/m_1_1_160/image_a+0.75_0008_163_0_230.e9_6.2e9_2.07539e+25_160.dat
         9       0.398263        3.54983        119.261        3.84053        15.3638        10.2062       -1737.31     /gpfs/hpu/EHT2/IHARM/MAD/MAD_a+0.75_384x192x192_IHARM/m_1_1_160/image_a+0.75_0009_163_0_230.e9_6.2e9_2.07539e+25_160.dat
        10       0.738145        3.66583        228.176        16.3048        13.3704        14.4747       -2408.34     /gpfs/hpu/EHT2/IHARM/MAD/MAD_a+0.75_384x192x192_IHARM/m_1_1_160/image_a+0.75_0010_163_0_230.e9_6.2e9_2.07539e+25_160.dat
        11       0.455429        3.75058        201.688        5.72465        4.69907        5.08471       -1070.46     /gpfs/hpu/EHT2/IHARM/MAD/MAD_a+0.75_384x192x192_IHARM/m_1_1_160/image_a+0.75_0011_163_0_230.e9_6.2e9_2.07539e+25_160.dat
        12       0.540804        3.83417        185.305        7.29683         6.3097        6.65927       -1296.68     /gpfs/hpu/EHT2/IHARM/MAD/MAD_a+0.75_384x192x192_IHARM/m_1_1_160/image_a+0.75_0012_163_0_230.e9_6.2e9_2.07539e+25_160.dat
        13       0.721073        3.97042        180.192         26.292        13.2703         18.728       -2871.42     /gpfs/hpu/EHT2/IHARM/MAD/MAD_a+0.75_384x192x192_IHARM/m_1_1_160/image_a+0.75_0013_163_0_230.e9_6.2e9_2.07539e+25_160.dat
        14       0.575499        3.43774        82.2856        11.2993        14.5349        12.9631       -2083.13     /gpfs/hpu/EHT2/IHARM/MAD/MAD_a+0.75_384x192x192_IHARM/m_1_1_160/image_a+0.75_0014_163_0_230.e9_6.2e9_2.07539e+25_160.dat
        15       0.458106        3.58713        140.641          7.226        9.52143        8.41588       -1449.53     /gpfs/hpu/EHT2/IHARM/MAD/MAD_a+0.75_384x192x192_IHARM/m_1_1_160/image_a+0.75_0015_163_0_230.e9_6.2e9_2.07539e+25_160.dat
        16       0.788467        3.75412        216.352        14.5337          15.11        14.6786       -2608.19     /gpfs/hpu/EHT2/IHARM/MAD/MAD_a+0.75_384x192x192_IHARM/m_1_1_160/image_a+0.75_0016_163_0_230.e9_6.2e9_2.07539e+25_160.dat
        17       0.506036        3.35359        186.873         18.197        8.43933        12.5472       -1986.64     /gpfs/hpu/EHT2/IHARM/MAD/MAD_a+0.75_384x192x192_IHARM/m_1_1_160/image_a+0.75_0017_163_0_230.e9_6.2e9_2.07539e+25_160.dat
        18       0.546358        3.89238        138.397        4.77861        6.86593        5.88229       -1268.72     /gpfs/hpu/EHT2/IHARM/MAD/MAD_a+0.75_384x192x192_IHARM/m_1_1_160/image_a+0.75_0018_163_0_230.e9_6.2e9_2.07539e+25_160.dat
        19       0.476835          3.941        76.2879         6.3709        15.8358        11.5606       -1839.72     /gpfs/hpu/EHT2/IHARM/MAD/MAD_a+0.75_384x192x192_IHARM/m_1_1_160/image_a+0.75_0019_163_0_230.e9_6.2e9_2.07539e+25_160.dat
        20       0.445773        3.78627        145.325         3.9722        8.03464         6.1847       -1172.21     /gpfs/hpu/EHT2/IHARM/MAD/MAD_a+0.75_384x192x192_IHARM/m_1_1_160/image_a+0.75_0020_163_0_230.e9_6.2e9_2.07539e+25_160.dat
        21       0.511187        4.03897         172.76        7.23633        5.35991        6.10466       -1188.96     /gpfs/hpu/EHT2/IHARM/MAD/MAD_a+0.75_384x192x192_IHARM/m_1_1_160/image_a+0.75_0021_163_0_230.e9_6.2e9_2.07539e+25_160.dat
        22       0.440629        4.29779        164.173        19.2443        34.2704        27.3728        -3797.5     /gpfs/hpu/EHT2/IHARM/MAD/MAD_a+0.75_384x192x192_IHARM/m_1_1_160/image_a+0.75_0022_163_0_230.e9_6.2e9_2.07539e+25_160.dat
        23       0.448474        3.80174        133.687        8.50109        12.2549        10.4871       -1728.52     /gpfs/hpu/EHT2/IHARM/MAD/MAD_a+0.75_384x192x192_IHARM/m_1_1_160/image_a+0.75_0023_163_0_230.e9_6.2e9_2.07539e+25_160.dat
        24       0.387301        3.65563        143.303        9.92411         7.9506        8.70589       -1480.78     /gpfs/hpu/EHT2/IHARM/MAD/MAD_a+0.75_384x192x192_IHARM/m_1_1_160/image_a+0.75_0024_163_0_230.e9_6.2e9_2.07539e+25_160.dat
        25       0.952454        3.95271        158.019         15.021        13.5348        14.0123       -2309.06     /gpfs/hpu/EHT2/IHARM/MAD/MAD_a+0.75_384x192x192_IHARM/m_1_1_160/image_a+0.75_0025_163_0_230.e9_6.2e9_2.07539e+25_160.dat
        26        1.23795        4.33095        135.506        12.6585         27.146        20.5669       -3168.66     /gpfs/hpu/EHT2/IHARM/MAD/MAD_a+0.75_384x192x192_IHARM/m_1_1_160/image_a+0.75_0026_163_0_230.e9_6.2e9_2.07539e+25_160.dat
        27       0.583598        3.65852        145.027        9.15915         63.623        39.3549        -5383.2     /gpfs/hpu/EHT2/IHARM/MAD/MAD_a+0.75_384x192x192_IHARM/m_1_1_160/image_a+0.75_0027_163_0_230.e9_6.2e9_2.07539e+25_160.dat
        28       0.861249        3.16562          199.2        24.4956        10.3524        16.3293       -2583.13     /gpfs/hpu/EHT2/IHARM/MAD/MAD_a+0.75_384x192x192_IHARM/m_1_1_160/image_a+0.75_0028_163_0_230.e9_6.2e9_2.07539e+25_160.dat
        29       0.911513        3.86577        87.5015        11.7485        19.5561         15.951       -2502.12     /gpfs/hpu/EHT2/IHARM/MAD/MAD_a+0.75_384x192x192_IHARM/m_1_1_160/image_a+0.75_0029_163_0_230.e9_6.2e9_2.07539e+25_160.dat
        30       0.493155        3.90302        157.474        9.46259        13.3959        11.5368       -1835.32     /gpfs/hpu/EHT2/IHARM/MAD/MAD_a+0.75_384x192x192_IHARM/m_1_1_160/image_a+0.75_0030_163_0_230.e9_6.2e9_2.07539e+25_160.dat
        31       0.866894        3.85756        106.768        11.0701        24.5338        18.4281       -2904.01     /gpfs/hpu/EHT2/IHARM/MAD/MAD_a+0.75_384x192x192_IHARM/m_1_1_160/image_a+0.75_0031_163_0_230.e9_6.2e9_2.07539e+25_160.dat
        32        0.61743        3.72972        191.759        5.31712        10.5412        8.15977       -1543.98     /gpfs/hpu/EHT2/IHARM/MAD/MAD_a+0.75_384x192x192_IHARM/m_1_1_160/image_a+0.75_0032_163_0_230.e9_6.2e9_2.07539e+25_160.dat
        33       0.946752        3.59098        183.753        6.73908         11.854        9.50377       -1824.28     /gpfs/hpu/EHT2/IHARM/MAD/MAD_a+0.75_384x192x192_IHARM/m_1_1_160/image_a+0.75_0033_163_0_230.e9_6.2e9_2.07539e+25_160.dat
        34        1.26883        4.24175        187.916        9.23181        14.0684        11.8115       -2116.04     /gpfs/hpu/EHT2/IHARM/MAD/MAD_a+0.75_384x192x192_IHARM/m_1_1_160/image_a+0.75_0034_163_0_230.e9_6.2e9_2.07539e+25_160.dat
        35       0.956203        4.48907        180.181        10.3756        10.2938        10.2045       -1879.82     /gpfs/hpu/EHT2/IHARM/MAD/MAD_a+0.75_384x192x192_IHARM/m_1_1_160/image_a+0.75_0035_163_0_230.e9_6.2e9_2.07539e+25_160.dat
        36       0.477673        3.95355        153.701        4.91181        5.78276        5.33703       -1051.22     /gpfs/hpu/EHT2/IHARM/MAD/MAD_a+0.75_384x192x192_IHARM/m_1_1_160/image_a+0.75_0036_163_0_230.e9_6.2e9_2.07539e+25_160.dat
        37       0.464727        3.81593        118.204        3.71142        9.04388        6.63378       -1203.36     /gpfs/hpu/EHT2/IHARM/MAD/MAD_a+0.75_384x192x192_IHARM/m_1_1_160/image_a+0.75_0037_163_0_230.e9_6.2e9_2.07539e+25_160.dat
        38       0.522587        3.73816        177.639        4.78001        11.4962        8.45943       -1562.51     /gpfs/hpu/EHT2/IHARM/MAD/MAD_a+0.75_384x192x192_IHARM/m_1_1_160/image_a+0.75_0038_163_0_230.e9_6.2e9_2.07539e+25_160.dat
        39       0.409658        3.71341        144.541        4.53245        4.78815         4.6199       -978.275     /gpfs/hpu/EHT2/IHARM/MAD/MAD_a+0.75_384x192x192_IHARM/m_1_1_160/image_a+0.75_0039_163_0_230.e9_6.2e9_2.07539e+25_160.dat
        40       0.366697        3.60662        114.724        5.21099        6.47037        5.84874       -1112.62     /gpfs/hpu/EHT2/IHARM/MAD/MAD_a+0.75_384x192x192_IHARM/m_1_1_160/image_a+0.75_0040_163_0_230.e9_6.2e9_2.07539e+25_160.dat
        41       0.399076        3.83701          178.4        4.49903        5.18123        4.82421       -986.817     /gpfs/hpu/EHT2/IHARM/MAD/MAD_a+0.75_384x192x192_IHARM/m_1_1_160/image_a+0.75_0041_163_0_230.e9_6.2e9_2.07539e+25_160.dat
        42       0.449342        3.81659        163.392        12.3569        6.03472        8.68942        -1514.7     /gpfs/hpu/EHT2/IHARM/MAD/MAD_a+0.75_384x192x192_IHARM/m_1_1_160/image_a+0.75_0042_163_0_230.e9_6.2e9_2.07539e+25_160.dat
        43       0.611137        3.85886        152.672        13.7489        8.27254        10.5353        -1784.4     /gpfs/hpu/EHT2/IHARM/MAD/MAD_a+0.75_384x192x192_IHARM/m_1_1_160/image_a+0.75_0043_163_0_230.e9_6.2e9_2.07539e+25_160.dat
        44       0.609855        3.72597        142.255        6.13838        6.92466        6.50165        -1273.4     /gpfs/hpu/EHT2/IHARM/MAD/MAD_a+0.75_384x192x192_IHARM/m_1_1_160/image_a+0.75_0044_163_0_230.e9_6.2e9_2.07539e+25_160.dat
        45        0.48812        3.92716        175.354        4.12678        3.93308        3.96907       -936.179     /gpfs/hpu/EHT2/IHARM/MAD/MAD_a+0.75_384x192x192_IHARM/m_1_1_160/image_a+0.75_0045_163_0_230.e9_6.2e9_2.07539e+25_160.dat
        46       0.406957        3.96701        185.001        6.08591        4.96915        5.39087       -1072.84     /gpfs/hpu/EHT2/IHARM/MAD/MAD_a+0.75_384x192x192_IHARM/m_1_1_160/image_a+0.75_0046_163_0_230.e9_6.2e9_2.07539e+25_160.dat
        47       0.589268        3.70552        192.897         7.8902        8.01239        7.86275       -1510.27     /gpfs/hpu/EHT2/IHARM/MAD/MAD_a+0.75_384x192x192_IHARM/m_1_1_160/image_a+0.75_0047_163_0_230.e9_6.2e9_2.07539e+25_160.dat
        48       0.556319        3.81024        186.323        9.25646        7.40868        8.11629        -1530.4     /gpfs/hpu/EHT2/IHARM/MAD/MAD_a+0.75_384x192x192_IHARM/m_1_1_160/image_a+0.75_0048_163_0_230.e9_6.2e9_2.07539e+25_160.dat
        49       0.401944        3.73039        130.228        3.89875        8.83071        6.59598       -1226.64     /gpfs/hpu/EHT2/IHARM/MAD/MAD_a+0.75_384x192x192_IHARM/m_1_1_160/image_a+0.75_0049_163_0_230.e9_6.2e9_2.07539e+25_160.dat
        50       0.585785        4.11564        193.357        6.00294        3.67343        4.63407       -983.558     /gpfs/hpu/EHT2/IHARM/MAD/MAD_a+0.75_384x192x192_IHARM/m_1_1_160/image_a+0.75_0050_163_0_230.e9_6.2e9_2.07539e+25_160.dat
        51       0.488979        4.02197        144.726        7.77213        13.0417        10.6104       -1763.04     /gpfs/hpu/EHT2/IHARM/MAD/MAD_a+0.75_384x192x192_IHARM/m_1_1_160/image_a+0.75_0051_163_0_230.e9_6.2e9_2.07539e+25_160.dat
        52       0.562403         3.8465        182.191        7.12764        5.62229        6.20377       -1265.19     /gpfs/hpu/EHT2/IHARM/MAD/MAD_a+0.75_384x192x192_IHARM/m_1_1_160/image_a+0.75_0052_163_0_230.e9_6.2e9_2.07539e+25_160.dat
        53       0.435786        3.72544        170.774        6.99232        9.37733        8.23488       -1498.45     /gpfs/hpu/EHT2/IHARM/MAD/MAD_a+0.75_384x192x192_IHARM/m_1_1_160/image_a+0.75_0053_163_0_230.e9_6.2e9_2.07539e+25_160.dat
        54       0.580032        3.87112         175.53        14.7621        6.13589        9.78345        -1683.7     /gpfs/hpu/EHT2/IHARM/MAD/MAD_a+0.75_384x192x192_IHARM/m_1_1_160/image_a+0.75_0054_163_0_230.e9_6.2e9_2.07539e+25_160.dat
        55       0.469823        3.88681        78.2115        3.78605        10.8701         7.6822       -1341.33     /gpfs/hpu/EHT2/IHARM/MAD/MAD_a+0.75_384x192x192_IHARM/m_1_1_160/image_a+0.75_0055_163_0_230.e9_6.2e9_2.07539e+25_160.dat
        56       0.509451        3.86378        175.283        6.70359        7.73773        7.19795        -1375.7     /gpfs/hpu/EHT2/IHARM/MAD/MAD_a+0.75_384x192x192_IHARM/m_1_1_160/image_a+0.75_0056_163_0_230.e9_6.2e9_2.07539e+25_160.dat
        57       0.390587        3.61703         170.71        5.14291        7.68415        6.49477       -1242.98     /gpfs/hpu/EHT2/IHARM/MAD/MAD_a+0.75_384x192x192_IHARM/m_1_1_160/image_a+0.75_0057_163_0_230.e9_6.2e9_2.07539e+25_160.dat
        58        0.46354        3.45844        171.898        3.75974        6.62497        5.30862       -1106.96     /gpfs/hpu/EHT2/IHARM/MAD/MAD_a+0.75_384x192x192_IHARM/m_1_1_160/image_a+0.75_0058_163_0_230.e9_6.2e9_2.07539e+25_160.dat
        59       0.482143        3.55684        175.582        7.91494        4.28579        5.79975       -1161.64     /gpfs/hpu/EHT2/IHARM/MAD/MAD_a+0.75_384x192x192_IHARM/m_1_1_160/image_a+0.75_0059_163_0_230.e9_6.2e9_2.07539e+25_160.dat
        60       0.441727        3.75903         125.91         2.8834         7.8366        5.60474       -1078.52     /gpfs/hpu/EHT2/IHARM/MAD/MAD_a+0.75_384x192x192_IHARM/m_1_1_160/image_a+0.75_0060_163_0_230.e9_6.2e9_2.07539e+25_160.dat
        61        0.44534        3.80951        116.814        5.99862         19.977        13.7043       -2086.81     /gpfs/hpu/EHT2/IHARM/MAD/MAD_a+0.75_384x192x192_IHARM/m_1_1_160/image_a+0.75_0061_163_0_230.e9_6.2e9_2.07539e+25_160.dat
        62       0.470961        3.78397        105.671        2.18354        7.98207        5.38373        -1056.7     /gpfs/hpu/EHT2/IHARM/MAD/MAD_a+0.75_384x192x192_IHARM/m_1_1_160/image_a+0.75_0062_163_0_230.e9_6.2e9_2.07539e+25_160.dat
        63       0.481853        3.94948        85.4997        3.04796        21.5029        13.2804       -2052.79     /gpfs/hpu/EHT2/IHARM/MAD/MAD_a+0.75_384x192x192_IHARM/m_1_1_160/image_a+0.75_0063_163_0_230.e9_6.2e9_2.07539e+25_160.dat
        64       0.564163         3.4222        179.195        6.89077        27.3667        18.2013       -2765.53     /gpfs/hpu/EHT2/IHARM/MAD/MAD_a+0.75_384x192x192_IHARM/m_1_1_160/image_a+0.75_0064_163_0_230.e9_6.2e9_2.07539e+25_160.dat
        65       0.774901        3.98918        88.7524        11.4769        13.3937        12.4047       -2001.11     /gpfs/hpu/EHT2/IHARM/MAD/MAD_a+0.75_384x192x192_IHARM/m_1_1_160/image_a+0.75_0065_163_0_230.e9_6.2e9_2.07539e+25_160.dat
        66       0.492102         3.9743        55.0364        13.0973        16.3795        14.7652       -2264.28     /gpfs/hpu/EHT2/IHARM/MAD/MAD_a+0.75_384x192x192_IHARM/m_1_1_160/image_a+0.75_0066_163_0_230.e9_6.2e9_2.07539e+25_160.dat
        67       0.747019        3.51074        182.863        15.6723        11.0446        12.9076       -2192.42     /gpfs/hpu/EHT2/IHARM/MAD/MAD_a+0.75_384x192x192_IHARM/m_1_1_160/image_a+0.75_0067_163_0_230.e9_6.2e9_2.07539e+25_160.dat
        68       0.855484        3.48541        170.629        19.6189        17.0528        17.9536       -2842.14     /gpfs/hpu/EHT2/IHARM/MAD/MAD_a+0.75_384x192x192_IHARM/m_1_1_160/image_a+0.75_0068_163_0_230.e9_6.2e9_2.07539e+25_160.dat
        69       0.465761        3.73544        157.407        3.16446        6.63651        5.05821       -1013.51     /gpfs/hpu/EHT2/IHARM/MAD/MAD_a+0.75_384x192x192_IHARM/m_1_1_160/image_a+0.75_0069_163_0_230.e9_6.2e9_2.07539e+25_160.dat
        70       0.804125        3.96371        202.833         8.4657          6.402        7.21494       -1454.45     /gpfs/hpu/EHT2/IHARM/MAD/MAD_a+0.75_384x192x192_IHARM/m_1_1_160/image_a+0.75_0070_163_0_230.e9_6.2e9_2.07539e+25_160.dat
        71       0.488927        3.82048        200.861        10.0076         7.1201         8.2798       -1482.02     /gpfs/hpu/EHT2/IHARM/MAD/MAD_a+0.75_384x192x192_IHARM/m_1_1_160/image_a+0.75_0071_163_0_230.e9_6.2e9_2.07539e+25_160.dat
        72       0.519185        4.00232        191.337        16.6879        7.11978        11.1618       -1834.59     /gpfs/hpu/EHT2/IHARM/MAD/MAD_a+0.75_384x192x192_IHARM/m_1_1_160/image_a+0.75_0072_163_0_230.e9_6.2e9_2.07539e+25_160.dat
        73       0.408749        3.90919        135.259        3.67659        9.29756        6.75991       -1236.05     /gpfs/hpu/EHT2/IHARM/MAD/MAD_a+0.75_384x192x192_IHARM/m_1_1_160/image_a+0.75_0073_163_0_230.e9_6.2e9_2.07539e+25_160.dat
        74       0.377613        3.69384        106.396        8.50705        14.2218        11.5841       -1828.68     /gpfs/hpu/EHT2/IHARM/MAD/MAD_a+0.75_384x192x192_IHARM/m_1_1_160/image_a+0.75_0074_163_0_230.e9_6.2e9_2.07539e+25_160.dat
        75       0.412327         3.9255         133.28        12.2293        18.1648        15.3842       -2366.48     /gpfs/hpu/EHT2/IHARM/MAD/MAD_a+0.75_384x192x192_IHARM/m_1_1_160/image_a+0.75_0075_163_0_230.e9_6.2e9_2.07539e+25_160.dat
        76       0.393719        4.02929        170.737        25.5642        8.70102        15.8714       -2414.87     /gpfs/hpu/EHT2/IHARM/MAD/MAD_a+0.75_384x192x192_IHARM/m_1_1_160/image_a+0.75_0076_163_0_230.e9_6.2e9_2.07539e+25_160.dat
        77       0.567109        3.90806        168.598        15.8769         17.173        16.4061       -2551.27     /gpfs/hpu/EHT2/IHARM/MAD/MAD_a+0.75_384x192x192_IHARM/m_1_1_160/image_a+0.75_0077_163_0_230.e9_6.2e9_2.07539e+25_160.dat
        78       0.404883        3.76654        126.339         6.6784        6.71879        6.62008        -1224.6     /gpfs/hpu/EHT2/IHARM/MAD/MAD_a+0.75_384x192x192_IHARM/m_1_1_160/image_a+0.75_0078_163_0_230.e9_6.2e9_2.07539e+25_160.dat
        79       0.428655        3.75373        118.617        2.14173        5.81417        4.15936       -906.915     /gpfs/hpu/EHT2/IHARM/MAD/MAD_a+0.75_384x192x192_IHARM/m_1_1_160/image_a+0.75_0079_163_0_230.e9_6.2e9_2.07539e+25_160.dat
        80       0.439146        3.36627          145.3        11.6479        7.00795        8.92508       -1517.08     /gpfs/hpu/EHT2/IHARM/MAD/MAD_a+0.75_384x192x192_IHARM/m_1_1_160/image_a+0.75_0080_163_0_230.e9_6.2e9_2.07539e+25_160.dat
        81       0.468147        3.35009        156.198        6.85071        7.43154        7.09105       -1260.32     /gpfs/hpu/EHT2/IHARM/MAD/MAD_a+0.75_384x192x192_IHARM/m_1_1_160/image_a+0.75_0081_163_0_230.e9_6.2e9_2.07539e+25_160.dat
        82       0.664505        3.39278        142.646        5.89328        3.60272        4.54741        -1046.4     /gpfs/hpu/EHT2/IHARM/MAD/MAD_a+0.75_384x192x192_IHARM/m_1_1_160/image_a+0.75_0082_163_0_230.e9_6.2e9_2.07539e+25_160.dat
        83       0.620682        3.73327        110.341        3.77633        3.06857        3.33681       -838.712     /gpfs/hpu/EHT2/IHARM/MAD/MAD_a+0.75_384x192x192_IHARM/m_1_1_160/image_a+0.75_0083_163_0_230.e9_6.2e9_2.07539e+25_160.dat
        84        1.02193        4.04272        169.697        6.81509        8.50367        7.67226       -1553.23     /gpfs/hpu/EHT2/IHARM/MAD/MAD_a+0.75_384x192x192_IHARM/m_1_1_160/image_a+0.75_0084_163_0_230.e9_6.2e9_2.07539e+25_160.dat
        85       0.700752        3.92449        142.608         6.3737        7.67112        7.01855       -1353.46     /gpfs/hpu/EHT2/IHARM/MAD/MAD_a+0.75_384x192x192_IHARM/m_1_1_160/image_a+0.75_0085_163_0_230.e9_6.2e9_2.07539e+25_160.dat
        86       0.614587        3.39395        126.894        5.94637        8.92041        7.52935       -1442.52     /gpfs/hpu/EHT2/IHARM/MAD/MAD_a+0.75_384x192x192_IHARM/m_1_1_160/image_a+0.75_0086_163_0_230.e9_6.2e9_2.07539e+25_160.dat
        87       0.453108        3.53294        163.278        10.2137         14.657        12.5626       -1971.03     /gpfs/hpu/EHT2/IHARM/MAD/MAD_a+0.75_384x192x192_IHARM/m_1_1_160/image_a+0.75_0087_163_0_230.e9_6.2e9_2.07539e+25_160.dat
        88       0.472373         3.6868        174.901        6.65969        5.04661        5.68153       -1132.09     /gpfs/hpu/EHT2/IHARM/MAD/MAD_a+0.75_384x192x192_IHARM/m_1_1_160/image_a+0.75_0088_163_0_230.e9_6.2e9_2.07539e+25_160.dat
        89       0.494428        3.77599        93.9165        3.06814        13.2847        8.71603        -1485.8     /gpfs/hpu/EHT2/IHARM/MAD/MAD_a+0.75_384x192x192_IHARM/m_1_1_160/image_a+0.75_0089_163_0_230.e9_6.2e9_2.07539e+25_160.dat
        90       0.469466        4.11539        75.3417        11.4372        34.3212        24.0327       -3366.24     /gpfs/hpu/EHT2/IHARM/MAD/MAD_a+0.75_384x192x192_IHARM/m_1_1_160/image_a+0.75_0090_163_0_230.e9_6.2e9_2.07539e+25_160.dat
        91       0.396135         3.9281        129.467        9.84845         7.2478        8.28218       -1425.68     /gpfs/hpu/EHT2/IHARM/MAD/MAD_a+0.75_384x192x192_IHARM/m_1_1_160/image_a+0.75_0091_163_0_230.e9_6.2e9_2.07539e+25_160.dat
        92       0.485234        3.92694        113.574        2.74465        2.59856        2.63016       -761.242     /gpfs/hpu/EHT2/IHARM/MAD/MAD_a+0.75_384x192x192_IHARM/m_1_1_160/image_a+0.75_0092_163_0_230.e9_6.2e9_2.07539e+25_160.dat
        93       0.492148        3.83756        111.852        3.24154        3.62606         3.4163       -803.497     /gpfs/hpu/EHT2/IHARM/MAD/MAD_a+0.75_384x192x192_IHARM/m_1_1_160/image_a+0.75_0093_163_0_230.e9_6.2e9_2.07539e+25_160.dat
        94        0.51427        3.71521        167.501        6.23841        5.27922         5.6292       -1155.78     /gpfs/hpu/EHT2/IHARM/MAD/MAD_a+0.75_384x192x192_IHARM/m_1_1_160/image_a+0.75_0094_163_0_230.e9_6.2e9_2.07539e+25_160.dat
        95       0.456461        3.86283        163.464        8.47622        7.52555        7.84468       -1392.97     /gpfs/hpu/EHT2/IHARM/MAD/MAD_a+0.75_384x192x192_IHARM/m_1_1_160/image_a+0.75_0095_163_0_230.e9_6.2e9_2.07539e+25_160.dat
        96       0.402144        3.70908        144.269        3.58796        4.81944        4.22981        -917.83     /gpfs/hpu/EHT2/IHARM/MAD/MAD_a+0.75_384x192x192_IHARM/m_1_1_160/image_a+0.75_0096_163_0_230.e9_6.2e9_2.07539e+25_160.dat
        97       0.571531        4.14188        202.338        11.3263        7.97337        9.32355       -1608.63     /gpfs/hpu/EHT2/IHARM/MAD/MAD_a+0.75_384x192x192_IHARM/m_1_1_160/image_a+0.75_0097_163_0_230.e9_6.2e9_2.07539e+25_160.dat
        98       0.580641        3.89333        177.151        18.6813        7.62465        12.3028       -1955.11     /gpfs/hpu/EHT2/IHARM/MAD/MAD_a+0.75_384x192x192_IHARM/m_1_1_160/image_a+0.75_0098_163_0_230.e9_6.2e9_2.07539e+25_160.dat
        99       0.824754        3.57797        86.8957        7.02738          6.618        6.71457       -1317.56     /gpfs/hpu/EHT2/IHARM/MAD/MAD_a+0.75_384x192x192_IHARM/m_1_1_160/image_a+0.75_0099_163_0_230.e9_6.2e9_2.07539e+25_160.dat
