   # Index         I (Jy)      M/D (uas)       PA (deg)  VA red. chisq  CP red. chisq     red. chisq     log-liklhd     FileName
         0        1.01462        3.42588        297.822        13.8422        17.4479        15.6811       -2587.29     /gpfs/hpu/EHT2020/sc_4/Ma-0.94/m_1_1_10/image_Ma-0.94_1400_17_0_230.e9_6.2e9_2.25796e+25_10_4.dat
         1       0.634826        4.23196        320.711        13.7677        26.9202        20.9199       -3048.98     /gpfs/hpu/EHT2020/sc_4/Ma-0.94/m_1_1_10/image_Ma-0.94_1406_17_0_230.e9_6.2e9_2.25796e+25_10_4.dat
         2       0.700494         3.8302        308.509        3.50371        4.18365        3.83968       -897.563     /gpfs/hpu/EHT2020/sc_4/Ma-0.94/m_1_1_10/image_Ma-0.94_1412_17_0_230.e9_6.2e9_2.25796e+25_10_4.dat
         3       0.734726        4.03382        313.145        4.60551        7.27122        6.03314       -1155.82     /gpfs/hpu/EHT2020/sc_4/Ma-0.94/m_1_1_10/image_Ma-0.94_1418_17_0_230.e9_6.2e9_2.25796e+25_10_4.dat
         4        1.80501        3.86102        321.584        25.4653        13.6496        18.5824        -2876.8     /gpfs/hpu/EHT2020/sc_4/Ma-0.94/m_1_1_10/image_Ma-0.94_1424_17_0_230.e9_6.2e9_2.25796e+25_10_4.dat
         5       0.762279        3.85761        329.928         7.1958          4.307        5.50127        -1100.5     /gpfs/hpu/EHT2020/sc_4/Ma-0.94/m_1_1_10/image_Ma-0.94_1430_17_0_230.e9_6.2e9_2.25796e+25_10_4.dat
         6       0.793607        3.56154        274.604         5.4856        15.9068        11.2181       -1909.38     /gpfs/hpu/EHT2020/sc_4/Ma-0.94/m_1_1_10/image_Ma-0.94_1436_17_0_230.e9_6.2e9_2.25796e+25_10_4.dat
         7       0.477698        3.70305        359.912        14.5506         34.155        25.2835       -4213.98     /gpfs/hpu/EHT2020/sc_4/Ma-0.94/m_1_1_10/image_Ma-0.94_1442_17_0_230.e9_6.2e9_2.25796e+25_10_4.dat
         8        1.22956        4.51883        340.184        32.2518        22.4661        26.4164       -3984.69     /gpfs/hpu/EHT2020/sc_4/Ma-0.94/m_1_1_10/image_Ma-0.94_1448_17_0_230.e9_6.2e9_2.25796e+25_10_4.dat
         9       0.842438        3.23607        303.133        6.51077        15.5241        11.4475       -2026.14     /gpfs/hpu/EHT2020/sc_4/Ma-0.94/m_1_1_10/image_Ma-0.94_1454_17_0_230.e9_6.2e9_2.25796e+25_10_4.dat
        10        1.07264        3.47011        319.599        5.92294        18.2976        12.7372       -2183.27     /gpfs/hpu/EHT2020/sc_4/Ma-0.94/m_1_1_10/image_Ma-0.94_1460_17_0_230.e9_6.2e9_2.25796e+25_10_4.dat
        11        1.63506        4.30382         320.15        21.8352        106.247         68.542       -9399.32     /gpfs/hpu/EHT2020/sc_4/Ma-0.94/m_1_1_10/image_Ma-0.94_1466_17_0_230.e9_6.2e9_2.25796e+25_10_4.dat
        12        2.24781        5.99514         323.86         70.573        38.3915        51.8118       -7040.85     /gpfs/hpu/EHT2020/sc_4/Ma-0.94/m_1_1_10/image_Ma-0.94_1472_17_0_230.e9_6.2e9_2.25796e+25_10_4.dat
        13         1.1491        4.20257        331.248        10.2141        92.6501        55.9622       -7770.02     /gpfs/hpu/EHT2020/sc_4/Ma-0.94/m_1_1_10/image_Ma-0.94_1478_17_0_230.e9_6.2e9_2.25796e+25_10_4.dat
        14        1.11779          4.475         248.27        34.6132        27.6718        30.3319       -4340.42     /gpfs/hpu/EHT2020/sc_4/Ma-0.94/m_1_1_10/image_Ma-0.94_1484_17_0_230.e9_6.2e9_2.25796e+25_10_4.dat
        15       0.999998         4.5505        337.565        9.41655        24.1708        17.5127       -2836.74     /gpfs/hpu/EHT2020/sc_4/Ma-0.94/m_1_1_10/image_Ma-0.94_1490_17_0_230.e9_6.2e9_2.25796e+25_10_4.dat
        16        1.19426         4.8971        347.712        6.24606        37.7694        23.7117       -4191.74     /gpfs/hpu/EHT2020/sc_4/Ma-0.94/m_1_1_10/image_Ma-0.94_1496_17_0_230.e9_6.2e9_2.25796e+25_10_4.dat
        17        1.12519        4.78712        322.082        11.2323        9.45015        10.1047       -1697.56     /gpfs/hpu/EHT2020/sc_4/Ma-0.94/m_1_1_10/image_Ma-0.94_1502_17_0_230.e9_6.2e9_2.25796e+25_10_4.dat
        18       0.959579        5.36736        313.776        6.00631         10.853        8.63061       -1510.74     /gpfs/hpu/EHT2020/sc_4/Ma-0.94/m_1_1_10/image_Ma-0.94_1508_17_0_230.e9_6.2e9_2.25796e+25_10_4.dat
        19       0.846848        3.70314        298.254        14.6345        25.5902        20.5538       -3157.71     /gpfs/hpu/EHT2020/sc_4/Ma-0.94/m_1_1_10/image_Ma-0.94_1514_17_0_230.e9_6.2e9_2.25796e+25_10_4.dat
        20        1.28342        4.12354        283.221        9.10919         21.849        16.0881        -2569.2     /gpfs/hpu/EHT2020/sc_4/Ma-0.94/m_1_1_10/image_Ma-0.94_1520_17_0_230.e9_6.2e9_2.25796e+25_10_4.dat
        21       0.905671        3.44348        311.213        8.99459        29.4454        20.2657        -3030.2     /gpfs/hpu/EHT2020/sc_4/Ma-0.94/m_1_1_10/image_Ma-0.94_1526_17_0_230.e9_6.2e9_2.25796e+25_10_4.dat
        22       0.910422        3.72608        300.891        8.42379        12.5341        10.6091       -1798.79     /gpfs/hpu/EHT2020/sc_4/Ma-0.94/m_1_1_10/image_Ma-0.94_1532_17_0_230.e9_6.2e9_2.25796e+25_10_4.dat
        23       0.705171        3.70469        310.339        8.14724         20.368        14.8489       -2349.28     /gpfs/hpu/EHT2020/sc_4/Ma-0.94/m_1_1_10/image_Ma-0.94_1538_17_0_230.e9_6.2e9_2.25796e+25_10_4.dat
        24       0.528741        4.01106        314.464        2.01912        10.9639        6.97202       -1283.07     /gpfs/hpu/EHT2020/sc_4/Ma-0.94/m_1_1_10/image_Ma-0.94_1544_17_0_230.e9_6.2e9_2.25796e+25_10_4.dat
        25       0.744481        4.04542        278.487        4.72356        20.1413        13.2456       -2115.26     /gpfs/hpu/EHT2020/sc_4/Ma-0.94/m_1_1_10/image_Ma-0.94_1550_17_0_230.e9_6.2e9_2.25796e+25_10_4.dat
        26        0.49411         3.8844         312.89        6.54067        6.93069        6.67857       -1271.54     /gpfs/hpu/EHT2020/sc_4/Ma-0.94/m_1_1_10/image_Ma-0.94_1556_17_0_230.e9_6.2e9_2.25796e+25_10_4.dat
        27       0.689056        4.31305        291.407         4.8945        18.5909        12.4567       -2008.94     /gpfs/hpu/EHT2020/sc_4/Ma-0.94/m_1_1_10/image_Ma-0.94_1562_17_0_230.e9_6.2e9_2.25796e+25_10_4.dat
        28       0.601807        4.13165        301.345        2.74867        6.04703         4.5508       -980.712     /gpfs/hpu/EHT2020/sc_4/Ma-0.94/m_1_1_10/image_Ma-0.94_1568_17_0_230.e9_6.2e9_2.25796e+25_10_4.dat
        29       0.593773        4.07936        281.804         2.4904        6.59486        4.74421       -1014.03     /gpfs/hpu/EHT2020/sc_4/Ma-0.94/m_1_1_10/image_Ma-0.94_1574_17_0_230.e9_6.2e9_2.25796e+25_10_4.dat
        30       0.663625        3.50055        265.836        2.51766        9.55299        6.40202       -1260.71     /gpfs/hpu/EHT2020/sc_4/Ma-0.94/m_1_1_10/image_Ma-0.94_1580_17_0_230.e9_6.2e9_2.25796e+25_10_4.dat
        31        0.94392        3.59958        290.208         4.5507        8.38391        6.62865       -1349.12     /gpfs/hpu/EHT2020/sc_4/Ma-0.94/m_1_1_10/image_Ma-0.94_1586_17_0_230.e9_6.2e9_2.25796e+25_10_4.dat
        32        0.82023        3.73517        303.243        3.08697        5.45739        4.36865       -1046.23     /gpfs/hpu/EHT2020/sc_4/Ma-0.94/m_1_1_10/image_Ma-0.94_1592_17_0_230.e9_6.2e9_2.25796e+25_10_4.dat
        33       0.932601        4.37563        237.586        6.43597        6.40685        6.34191       -1206.73     /gpfs/hpu/EHT2020/sc_4/Ma-0.94/m_1_1_10/image_Ma-0.94_1598_17_0_230.e9_6.2e9_2.25796e+25_10_4.dat
        34       0.712988        3.65432        279.101        10.0717          8.527         9.0903       -1568.02     /gpfs/hpu/EHT2020/sc_4/Ma-0.94/m_1_1_10/image_Ma-0.94_1604_17_0_230.e9_6.2e9_2.25796e+25_10_4.dat
        35        0.58268        4.25705         229.19        4.27259        12.5784        8.84271       -1486.37     /gpfs/hpu/EHT2020/sc_4/Ma-0.94/m_1_1_10/image_Ma-0.94_1610_17_0_230.e9_6.2e9_2.25796e+25_10_4.dat
        36        0.52515        4.28623        234.412        4.10643        19.9577        12.8772       -1994.76     /gpfs/hpu/EHT2020/sc_4/Ma-0.94/m_1_1_10/image_Ma-0.94_1616_17_0_230.e9_6.2e9_2.25796e+25_10_4.dat
        37       0.558583        4.23478        249.518        3.41789        10.1624        7.12956       -1271.06     /gpfs/hpu/EHT2020/sc_4/Ma-0.94/m_1_1_10/image_Ma-0.94_1622_17_0_230.e9_6.2e9_2.25796e+25_10_4.dat
        38       0.777198         4.1693        311.555        6.26591        15.3027        11.2186       -1878.27     /gpfs/hpu/EHT2020/sc_4/Ma-0.94/m_1_1_10/image_Ma-0.94_1628_17_0_230.e9_6.2e9_2.25796e+25_10_4.dat
        39       0.638812        4.29038        359.971        15.5932        7.88401        11.1148        -1824.6     /gpfs/hpu/EHT2020/sc_4/Ma-0.94/m_1_1_10/image_Ma-0.94_1634_17_0_230.e9_6.2e9_2.25796e+25_10_4.dat
        40       0.606804        3.97162        346.187        14.0016        13.9746        13.8172       -2213.19     /gpfs/hpu/EHT2020/sc_4/Ma-0.94/m_1_1_10/image_Ma-0.94_1640_17_0_230.e9_6.2e9_2.25796e+25_10_4.dat
        41       0.688421        3.98834        359.911        14.0698        11.3611        12.3923       -2036.65     /gpfs/hpu/EHT2020/sc_4/Ma-0.94/m_1_1_10/image_Ma-0.94_1646_17_0_230.e9_6.2e9_2.25796e+25_10_4.dat
        42       0.891728        3.56507        321.307        14.1044          16.45         15.239       -2453.06     /gpfs/hpu/EHT2020/sc_4/Ma-0.94/m_1_1_10/image_Ma-0.94_1652_17_0_230.e9_6.2e9_2.25796e+25_10_4.dat
        43       0.982029        3.31011        235.432        7.50741        13.3048        10.6425       -1868.23     /gpfs/hpu/EHT2020/sc_4/Ma-0.94/m_1_1_10/image_Ma-0.94_1658_17_0_230.e9_6.2e9_2.25796e+25_10_4.dat
        44       0.883405        3.30461        347.147        7.15798        14.0685        10.9168       -1953.72     /gpfs/hpu/EHT2020/sc_4/Ma-0.94/m_1_1_10/image_Ma-0.94_1664_17_0_230.e9_6.2e9_2.25796e+25_10_4.dat
        45       0.935749        3.33745        353.618        8.71315        18.8624        14.2553       -2481.47     /gpfs/hpu/EHT2020/sc_4/Ma-0.94/m_1_1_10/image_Ma-0.94_1670_17_0_230.e9_6.2e9_2.25796e+25_10_4.dat
        46       0.770227          3.817        275.969         3.4566        17.7434        11.3647       -1846.18     /gpfs/hpu/EHT2020/sc_4/Ma-0.94/m_1_1_10/image_Ma-0.94_1676_17_0_230.e9_6.2e9_2.25796e+25_10_4.dat
        47       0.928751        3.81773        296.909        9.09366        15.7552        12.6905       -2074.84     /gpfs/hpu/EHT2020/sc_4/Ma-0.94/m_1_1_10/image_Ma-0.94_1682_17_0_230.e9_6.2e9_2.25796e+25_10_4.dat
        48       0.715774        3.91747        290.065        5.10316        7.03358        6.11561       -1169.21     /gpfs/hpu/EHT2020/sc_4/Ma-0.94/m_1_1_10/image_Ma-0.94_1688_17_0_230.e9_6.2e9_2.25796e+25_10_4.dat
        49       0.714244        4.06053        299.519        6.79886        14.4458        10.9718       -2023.03     /gpfs/hpu/EHT2020/sc_4/Ma-0.94/m_1_1_10/image_Ma-0.94_1694_17_0_230.e9_6.2e9_2.25796e+25_10_4.dat
        50       0.582749        4.29316        344.795        6.86727        9.13112        8.04392       -1401.51     /gpfs/hpu/EHT2020/sc_4/Ma-0.94/m_1_1_10/image_Ma-0.94_1700_17_0_230.e9_6.2e9_2.25796e+25_10_4.dat
        51       0.576627        4.21026        359.975        7.16444        40.7754        25.7806       -3681.67     /gpfs/hpu/EHT2020/sc_4/Ma-0.94/m_1_1_10/image_Ma-0.94_1706_17_0_230.e9_6.2e9_2.25796e+25_10_4.dat
        52       0.772069        3.64009        358.126        11.8129        30.3649        21.9933       -3376.81     /gpfs/hpu/EHT2020/sc_4/Ma-0.94/m_1_1_10/image_Ma-0.94_1712_17_0_230.e9_6.2e9_2.25796e+25_10_4.dat
        53       0.913798        4.14853        193.048        4.31521        24.7837        15.6527       -2474.75     /gpfs/hpu/EHT2020/sc_4/Ma-0.94/m_1_1_10/image_Ma-0.94_1718_17_0_230.e9_6.2e9_2.25796e+25_10_4.dat
        54        0.91115        3.39759        153.883        5.58329         26.664        17.2461       -2713.24     /gpfs/hpu/EHT2020/sc_4/Ma-0.94/m_1_1_10/image_Ma-0.94_1724_17_0_230.e9_6.2e9_2.25796e+25_10_4.dat
        55       0.653197        4.20408        245.705        4.00268        5.89219        5.00569       -1003.25     /gpfs/hpu/EHT2020/sc_4/Ma-0.94/m_1_1_10/image_Ma-0.94_1730_17_0_230.e9_6.2e9_2.25796e+25_10_4.dat
        56       0.643891        4.26127        246.603        2.81324        9.64687        6.58179       -1221.69     /gpfs/hpu/EHT2020/sc_4/Ma-0.94/m_1_1_10/image_Ma-0.94_1736_17_0_230.e9_6.2e9_2.25796e+25_10_4.dat
        57       0.518176        3.87698        181.092        3.36918        7.08316        5.39508       -1106.83     /gpfs/hpu/EHT2020/sc_4/Ma-0.94/m_1_1_10/image_Ma-0.94_1742_17_0_230.e9_6.2e9_2.25796e+25_10_4.dat
        58       0.530192        4.24726        222.333        2.50264         5.6275         4.2112       -909.899     /gpfs/hpu/EHT2020/sc_4/Ma-0.94/m_1_1_10/image_Ma-0.94_1748_17_0_230.e9_6.2e9_2.25796e+25_10_4.dat
        59       0.565378        4.17061        190.266        2.48275         6.2127        4.52825       -981.941     /gpfs/hpu/EHT2020/sc_4/Ma-0.94/m_1_1_10/image_Ma-0.94_1754_17_0_230.e9_6.2e9_2.25796e+25_10_4.dat
        60       0.568268        3.90756        264.631        4.18676        5.81098        5.03991       -1054.45     /gpfs/hpu/EHT2020/sc_4/Ma-0.94/m_1_1_10/image_Ma-0.94_1760_17_0_230.e9_6.2e9_2.25796e+25_10_4.dat
        61       0.683172        4.13947        248.837        5.27207        9.06097        7.31663       -1358.39     /gpfs/hpu/EHT2020/sc_4/Ma-0.94/m_1_1_10/image_Ma-0.94_1766_17_0_230.e9_6.2e9_2.25796e+25_10_4.dat
        62       0.626982        3.80905        258.957        2.86614        4.90902        3.96823       -902.317     /gpfs/hpu/EHT2020/sc_4/Ma-0.94/m_1_1_10/image_Ma-0.94_1772_17_0_230.e9_6.2e9_2.25796e+25_10_4.dat
        63       0.616699        4.40691        324.758        9.25947        7.76376        8.31517       -1451.36     /gpfs/hpu/EHT2020/sc_4/Ma-0.94/m_1_1_10/image_Ma-0.94_1778_17_0_230.e9_6.2e9_2.25796e+25_10_4.dat
        64       0.892072          4.594        342.464        34.7361        11.2322        21.2371       -3204.79     /gpfs/hpu/EHT2020/sc_4/Ma-0.94/m_1_1_10/image_Ma-0.94_1784_17_0_230.e9_6.2e9_2.25796e+25_10_4.dat
        65       0.601054        3.80156        315.654        14.8689        13.0243        13.6626       -2153.05     /gpfs/hpu/EHT2020/sc_4/Ma-0.94/m_1_1_10/image_Ma-0.94_1790_17_0_230.e9_6.2e9_2.25796e+25_10_4.dat
        66        1.05958        3.88916        335.609         42.614        13.2347        25.7504        -3755.2     /gpfs/hpu/EHT2020/sc_4/Ma-0.94/m_1_1_10/image_Ma-0.94_1796_17_0_230.e9_6.2e9_2.25796e+25_10_4.dat
        67       0.569716        3.53732        316.562        8.60655        9.48214        8.98966       -1564.01     /gpfs/hpu/EHT2020/sc_4/Ma-0.94/m_1_1_10/image_Ma-0.94_1802_17_0_230.e9_6.2e9_2.25796e+25_10_4.dat
        68       0.658998        3.72024        258.269        4.40514        6.86085        5.71834       -1155.64     /gpfs/hpu/EHT2020/sc_4/Ma-0.94/m_1_1_10/image_Ma-0.94_1808_17_0_230.e9_6.2e9_2.25796e+25_10_4.dat
        69       0.598217        3.30949        341.148        9.81587        10.6488        10.1606       -1773.76     /gpfs/hpu/EHT2020/sc_4/Ma-0.94/m_1_1_10/image_Ma-0.94_1814_17_0_230.e9_6.2e9_2.25796e+25_10_4.dat
        70       0.666061        3.60737        272.036        11.6219        19.0938        15.6391        -2372.9     /gpfs/hpu/EHT2020/sc_4/Ma-0.94/m_1_1_10/image_Ma-0.94_1820_17_0_230.e9_6.2e9_2.25796e+25_10_4.dat
        71       0.775514        4.04681        285.572        4.91925         25.727        16.4382       -2443.85     /gpfs/hpu/EHT2020/sc_4/Ma-0.94/m_1_1_10/image_Ma-0.94_1826_17_0_230.e9_6.2e9_2.25796e+25_10_4.dat
        72       0.943922        3.65223        285.729        8.04485         16.329        12.5573       -2207.94     /gpfs/hpu/EHT2020/sc_4/Ma-0.94/m_1_1_10/image_Ma-0.94_1832_17_0_230.e9_6.2e9_2.25796e+25_10_4.dat
        73       0.981662        3.54724        333.565        6.30224         7.4066        6.84053       -1449.09     /gpfs/hpu/EHT2020/sc_4/Ma-0.94/m_1_1_10/image_Ma-0.94_1838_17_0_230.e9_6.2e9_2.25796e+25_10_4.dat
        74       0.816728        3.70087        305.666        13.1971        20.3995        17.0453       -2567.25     /gpfs/hpu/EHT2020/sc_4/Ma-0.94/m_1_1_10/image_Ma-0.94_1844_17_0_230.e9_6.2e9_2.25796e+25_10_4.dat
        75       0.543629         3.5408        324.126        7.55104        11.6988        9.76771       -1636.68     /gpfs/hpu/EHT2020/sc_4/Ma-0.94/m_1_1_10/image_Ma-0.94_1850_17_0_230.e9_6.2e9_2.25796e+25_10_4.dat
        76       0.679044        3.48056        298.114         6.3864        8.44158        7.45275       -1403.12     /gpfs/hpu/EHT2020/sc_4/Ma-0.94/m_1_1_10/image_Ma-0.94_1856_17_0_230.e9_6.2e9_2.25796e+25_10_4.dat
        77       0.519122        3.64974         337.75        4.67782        7.82304         6.3714       -1193.66     /gpfs/hpu/EHT2020/sc_4/Ma-0.94/m_1_1_10/image_Ma-0.94_1862_17_0_230.e9_6.2e9_2.25796e+25_10_4.dat
        78       0.696258        3.82881        300.767        7.26968        9.66777        8.51616       -1477.63     /gpfs/hpu/EHT2020/sc_4/Ma-0.94/m_1_1_10/image_Ma-0.94_1868_17_0_230.e9_6.2e9_2.25796e+25_10_4.dat
        79       0.712307        3.36755        357.114        9.70526        10.3474        9.94517        -1663.9     /gpfs/hpu/EHT2020/sc_4/Ma-0.94/m_1_1_10/image_Ma-0.94_1874_17_0_230.e9_6.2e9_2.25796e+25_10_4.dat
        80        1.07737        4.03564        355.791        4.04778        20.9092        13.3814       -2201.09     /gpfs/hpu/EHT2020/sc_4/Ma-0.94/m_1_1_10/image_Ma-0.94_1880_17_0_230.e9_6.2e9_2.25796e+25_10_4.dat
        81       0.838478        4.47991        283.163        4.36514        44.7639        26.7923       -3832.54     /gpfs/hpu/EHT2020/sc_4/Ma-0.94/m_1_1_10/image_Ma-0.94_1886_17_0_230.e9_6.2e9_2.25796e+25_10_4.dat
        82       0.830599        3.99308        329.773        5.65516        10.0423        8.02798       -1525.97     /gpfs/hpu/EHT2020/sc_4/Ma-0.94/m_1_1_10/image_Ma-0.94_1892_17_0_230.e9_6.2e9_2.25796e+25_10_4.dat
        83        1.01047        3.64573        354.924        5.35236        15.4698        10.9175       -1858.81     /gpfs/hpu/EHT2020/sc_4/Ma-0.94/m_1_1_10/image_Ma-0.94_1898_17_0_230.e9_6.2e9_2.25796e+25_10_4.dat
        84       0.740478        3.33058        310.031        13.6288        12.8406        13.0253       -2122.83     /gpfs/hpu/EHT2020/sc_4/Ma-0.94/m_1_1_10/image_Ma-0.94_1904_17_0_230.e9_6.2e9_2.25796e+25_10_4.dat
        85       0.862397        3.55376        318.347        9.71888          16.37        13.3023       -2051.49     /gpfs/hpu/EHT2020/sc_4/Ma-0.94/m_1_1_10/image_Ma-0.94_1910_17_0_230.e9_6.2e9_2.25796e+25_10_4.dat
        86       0.680266        3.69632        352.411        11.8751         29.288        21.4209       -3066.41     /gpfs/hpu/EHT2020/sc_4/Ma-0.94/m_1_1_10/image_Ma-0.94_1916_17_0_230.e9_6.2e9_2.25796e+25_10_4.dat
        87       0.988636          3.956        342.114         11.292        28.4256        20.6894       -3298.54     /gpfs/hpu/EHT2020/sc_4/Ma-0.94/m_1_1_10/image_Ma-0.94_1922_17_0_230.e9_6.2e9_2.25796e+25_10_4.dat
        88        1.63456        5.79967         179.55        38.8236        56.7659         48.338       -7077.09     /gpfs/hpu/EHT2020/sc_4/Ma-0.94/m_1_1_10/image_Ma-0.94_1928_17_0_230.e9_6.2e9_2.25796e+25_10_4.dat
        89       0.828047        4.18775         236.46         12.974        37.4892        26.4586       -4180.03     /gpfs/hpu/EHT2020/sc_4/Ma-0.94/m_1_1_10/image_Ma-0.94_1934_17_0_230.e9_6.2e9_2.25796e+25_10_4.dat
        90       0.736132        3.96255        245.263        17.3201        15.5525         16.127       -2472.07     /gpfs/hpu/EHT2020/sc_4/Ma-0.94/m_1_1_10/image_Ma-0.94_1940_17_0_230.e9_6.2e9_2.25796e+25_10_4.dat
        91       0.787706        3.87461        329.024        7.27034        48.0884        29.8957       -4610.29     /gpfs/hpu/EHT2020/sc_4/Ma-0.94/m_1_1_10/image_Ma-0.94_1946_17_0_230.e9_6.2e9_2.25796e+25_10_4.dat
        92        1.28325        4.03195        267.264        5.11447        14.1638        10.0881       -1814.65     /gpfs/hpu/EHT2020/sc_4/Ma-0.94/m_1_1_10/image_Ma-0.94_1952_17_0_230.e9_6.2e9_2.25796e+25_10_4.dat
        93       0.809828        4.00803        246.876        9.18032        17.8003        13.8659       -2310.77     /gpfs/hpu/EHT2020/sc_4/Ma-0.94/m_1_1_10/image_Ma-0.94_1958_17_0_230.e9_6.2e9_2.25796e+25_10_4.dat
        94        1.17107        3.97432        237.296        6.53855        33.6628        21.5528       -3411.53     /gpfs/hpu/EHT2020/sc_4/Ma-0.94/m_1_1_10/image_Ma-0.94_1964_17_0_230.e9_6.2e9_2.25796e+25_10_4.dat
        95       0.703441        3.62756        257.741        4.96071        9.27019        7.29872       -1426.34     /gpfs/hpu/EHT2020/sc_4/Ma-0.94/m_1_1_10/image_Ma-0.94_1970_17_0_230.e9_6.2e9_2.25796e+25_10_4.dat
        96       0.753497        3.51911        286.956        7.77891        16.5108        12.5437        -2368.1     /gpfs/hpu/EHT2020/sc_4/Ma-0.94/m_1_1_10/image_Ma-0.94_1976_17_0_230.e9_6.2e9_2.25796e+25_10_4.dat
        97       0.568956        3.90586        217.154          16.19        16.7191        16.2886       -2482.21     /gpfs/hpu/EHT2020/sc_4/Ma-0.94/m_1_1_10/image_Ma-0.94_1982_17_0_230.e9_6.2e9_2.25796e+25_10_4.dat
        98       0.902212        3.56887        308.745        8.43488        6.34782         7.1715       -1424.39     /gpfs/hpu/EHT2020/sc_4/Ma-0.94/m_1_1_10/image_Ma-0.94_1988_17_0_230.e9_6.2e9_2.25796e+25_10_4.dat
        99       0.841259        3.40308        321.695        3.68432        16.9405        11.0162       -1957.35     /gpfs/hpu/EHT2020/sc_4/Ma-0.94/m_1_1_10/image_Ma-0.94_1994_17_0_230.e9_6.2e9_2.25796e+25_10_4.dat
