   # Index         I (Jy)      M/D (uas)       PA (deg)  VA red. chisq  CP red. chisq     red. chisq     log-liklhd     FileName
         0       0.404486         4.5996       -223.799        2.28479         2.9251        2.61345       -730.085     /gpfs/hpu/EHT2/IHARM/SANE/SANE_a+0.94_288x128x128_IHARM/m_1_1_20/image_a+0.94_0600_163_0_230.e9_6.2e9_1.82523e+27_20.dat
         1        0.47836        4.40958       -181.692        7.24324        7.22057        7.14301       -1366.18     /gpfs/hpu/EHT2/IHARM/SANE/SANE_a+0.94_288x128x128_IHARM/m_1_1_20/image_a+0.94_0606_163_0_230.e9_6.2e9_1.82523e+27_20.dat
         2       0.484068        4.42216        -175.19        16.4474        10.7667        13.0874        -2084.2     /gpfs/hpu/EHT2/IHARM/SANE/SANE_a+0.94_288x128x128_IHARM/m_1_1_20/image_a+0.94_0612_163_0_230.e9_6.2e9_1.82523e+27_20.dat
         3       0.445387        4.38617        -183.68        10.7925        4.17062        6.97717       -1297.28     /gpfs/hpu/EHT2/IHARM/SANE/SANE_a+0.94_288x128x128_IHARM/m_1_1_20/image_a+0.94_0618_163_0_230.e9_6.2e9_1.82523e+27_20.dat
         4       0.474211        4.66849        -160.59        15.9939         6.8847        10.7316       -1758.03     /gpfs/hpu/EHT2/IHARM/SANE/SANE_a+0.94_288x128x128_IHARM/m_1_1_20/image_a+0.94_0624_163_0_230.e9_6.2e9_1.82523e+27_20.dat
         5       0.566763        4.11715       -167.473        17.6839        6.57704        11.2895       -1874.59     /gpfs/hpu/EHT2/IHARM/SANE/SANE_a+0.94_288x128x128_IHARM/m_1_1_20/image_a+0.94_0630_163_0_230.e9_6.2e9_1.82523e+27_20.dat
         6       0.672688        4.96693       -177.796        20.7016        6.50394        12.5508       -2022.09     /gpfs/hpu/EHT2/IHARM/SANE/SANE_a+0.94_288x128x128_IHARM/m_1_1_20/image_a+0.94_0636_163_0_230.e9_6.2e9_1.82523e+27_20.dat
         7       0.451915        4.56394       -245.194        9.18638        13.7094        11.5921       -1875.58     /gpfs/hpu/EHT2/IHARM/SANE/SANE_a+0.94_288x128x128_IHARM/m_1_1_20/image_a+0.94_0642_163_0_230.e9_6.2e9_1.82523e+27_20.dat
         8       0.484924        4.53237       -264.525        10.7496        9.35982         9.8462       -1625.64     /gpfs/hpu/EHT2/IHARM/SANE/SANE_a+0.94_288x128x128_IHARM/m_1_1_20/image_a+0.94_0648_163_0_230.e9_6.2e9_1.82523e+27_20.dat
         9       0.450885        4.71582       -180.799        21.9227        10.2834        15.1808       -2294.28     /gpfs/hpu/EHT2/IHARM/SANE/SANE_a+0.94_288x128x128_IHARM/m_1_1_20/image_a+0.94_0654_163_0_230.e9_6.2e9_1.82523e+27_20.dat
        10       0.594155        5.08573       -178.978        17.4556        8.79939        12.4277       -1975.36     /gpfs/hpu/EHT2/IHARM/SANE/SANE_a+0.94_288x128x128_IHARM/m_1_1_20/image_a+0.94_0660_163_0_230.e9_6.2e9_1.82523e+27_20.dat
        11       0.530228        4.68916       -189.793         27.017        10.1244        17.2903       -2561.19     /gpfs/hpu/EHT2/IHARM/SANE/SANE_a+0.94_288x128x128_IHARM/m_1_1_20/image_a+0.94_0666_163_0_230.e9_6.2e9_1.82523e+27_20.dat
        12        0.49315        4.59071       -244.949        6.72613        5.20422         5.7979       -1104.16     /gpfs/hpu/EHT2/IHARM/SANE/SANE_a+0.94_288x128x128_IHARM/m_1_1_20/image_a+0.94_0672_163_0_230.e9_6.2e9_1.82523e+27_20.dat
        13       0.441955        4.82948       -206.335        11.5726         10.776        10.9894       -1767.61     /gpfs/hpu/EHT2/IHARM/SANE/SANE_a+0.94_288x128x128_IHARM/m_1_1_20/image_a+0.94_0678_163_0_230.e9_6.2e9_1.82523e+27_20.dat
        14       0.509189        5.10919        -263.73        7.07173        6.29629        6.55469       -1203.58     /gpfs/hpu/EHT2/IHARM/SANE/SANE_a+0.94_288x128x128_IHARM/m_1_1_20/image_a+0.94_0684_163_0_230.e9_6.2e9_1.82523e+27_20.dat
        15       0.500668        5.02359       -214.426         10.472        5.88528        7.79302       -1367.94     /gpfs/hpu/EHT2/IHARM/SANE/SANE_a+0.94_288x128x128_IHARM/m_1_1_20/image_a+0.94_0690_163_0_230.e9_6.2e9_1.82523e+27_20.dat
        16       0.472753        4.79362       -246.777        12.7015        13.1672         12.807       -1993.09     /gpfs/hpu/EHT2/IHARM/SANE/SANE_a+0.94_288x128x128_IHARM/m_1_1_20/image_a+0.94_0696_163_0_230.e9_6.2e9_1.82523e+27_20.dat
        17       0.591578        4.51013       -203.544         8.6861        5.07058        6.56917       -1277.62     /gpfs/hpu/EHT2/IHARM/SANE/SANE_a+0.94_288x128x128_IHARM/m_1_1_20/image_a+0.94_0702_163_0_230.e9_6.2e9_1.82523e+27_20.dat
        18       0.688392        4.70238       -169.566        22.9127        14.2058        17.7906        -2732.8     /gpfs/hpu/EHT2/IHARM/SANE/SANE_a+0.94_288x128x128_IHARM/m_1_1_20/image_a+0.94_0708_163_0_230.e9_6.2e9_1.82523e+27_20.dat
        19       0.531951        4.71655       -250.523        10.3449        11.2934        10.7476       -1777.24     /gpfs/hpu/EHT2/IHARM/SANE/SANE_a+0.94_288x128x128_IHARM/m_1_1_20/image_a+0.94_0714_163_0_230.e9_6.2e9_1.82523e+27_20.dat
        20       0.543424        4.38393        -218.12        14.1759        6.87139         9.9398       -1648.61     /gpfs/hpu/EHT2/IHARM/SANE/SANE_a+0.94_288x128x128_IHARM/m_1_1_20/image_a+0.94_0720_163_0_230.e9_6.2e9_1.82523e+27_20.dat
        21       0.557188        4.92913       -291.725        4.96275        13.9095        9.88113       -1628.63     /gpfs/hpu/EHT2/IHARM/SANE/SANE_a+0.94_288x128x128_IHARM/m_1_1_20/image_a+0.94_0726_163_0_230.e9_6.2e9_1.82523e+27_20.dat
        22       0.587952         4.4078        -213.48        19.3001        11.6589        14.8147       -2265.28     /gpfs/hpu/EHT2/IHARM/SANE/SANE_a+0.94_288x128x128_IHARM/m_1_1_20/image_a+0.94_0732_163_0_230.e9_6.2e9_1.82523e+27_20.dat
        23       0.644188        4.83338       -270.308        4.31315        19.5703        12.7508       -1966.98     /gpfs/hpu/EHT2/IHARM/SANE/SANE_a+0.94_288x128x128_IHARM/m_1_1_20/image_a+0.94_0738_163_0_230.e9_6.2e9_1.82523e+27_20.dat
        24       0.516644        4.89541       -227.821        6.25017        2.33712        3.99714       -879.642     /gpfs/hpu/EHT2/IHARM/SANE/SANE_a+0.94_288x128x128_IHARM/m_1_1_20/image_a+0.94_0744_163_0_230.e9_6.2e9_1.82523e+27_20.dat
        25       0.496526        4.53857       -221.233        11.6167          3.702        7.07202       -1271.58     /gpfs/hpu/EHT2/IHARM/SANE/SANE_a+0.94_288x128x128_IHARM/m_1_1_20/image_a+0.94_0750_163_0_230.e9_6.2e9_1.82523e+27_20.dat
        26       0.540785        4.86876       -267.133        5.03347        6.63078        5.86141       -1115.86     /gpfs/hpu/EHT2/IHARM/SANE/SANE_a+0.94_288x128x128_IHARM/m_1_1_20/image_a+0.94_0756_163_0_230.e9_6.2e9_1.82523e+27_20.dat
        27        0.48515         4.8112        -164.92        6.97157        4.23963        5.36704       -1098.99     /gpfs/hpu/EHT2/IHARM/SANE/SANE_a+0.94_288x128x128_IHARM/m_1_1_20/image_a+0.94_0762_163_0_230.e9_6.2e9_1.82523e+27_20.dat
        28       0.480276        5.13681       -207.545        9.24599        7.96594        8.42186       -1462.98     /gpfs/hpu/EHT2/IHARM/SANE/SANE_a+0.94_288x128x128_IHARM/m_1_1_20/image_a+0.94_0768_163_0_230.e9_6.2e9_1.82523e+27_20.dat
        29       0.512864        4.92648       -255.839        4.80379        8.49132        6.79761       -1225.89     /gpfs/hpu/EHT2/IHARM/SANE/SANE_a+0.94_288x128x128_IHARM/m_1_1_20/image_a+0.94_0774_163_0_230.e9_6.2e9_1.82523e+27_20.dat
        30       0.424769        4.77088       -184.942        9.68454        5.98433         7.5084       -1340.26     /gpfs/hpu/EHT2/IHARM/SANE/SANE_a+0.94_288x128x128_IHARM/m_1_1_20/image_a+0.94_0780_163_0_230.e9_6.2e9_1.82523e+27_20.dat
        31       0.685945        4.92944        -181.99        30.2373        7.94057        17.4645       -2653.83     /gpfs/hpu/EHT2/IHARM/SANE/SANE_a+0.94_288x128x128_IHARM/m_1_1_20/image_a+0.94_0786_163_0_230.e9_6.2e9_1.82523e+27_20.dat
        32       0.558874        4.57498       -242.375        6.51511        7.14973        6.78943       -1286.43     /gpfs/hpu/EHT2/IHARM/SANE/SANE_a+0.94_288x128x128_IHARM/m_1_1_20/image_a+0.94_0792_163_0_230.e9_6.2e9_1.82523e+27_20.dat
        33       0.727128        4.65344       -186.089        11.3645        9.60946        10.2504       -1764.18     /gpfs/hpu/EHT2/IHARM/SANE/SANE_a+0.94_288x128x128_IHARM/m_1_1_20/image_a+0.94_0798_163_0_230.e9_6.2e9_1.82523e+27_20.dat
        34       0.503656        4.84906        -193.65        15.0602        6.79153        10.2769        -1704.7     /gpfs/hpu/EHT2/IHARM/SANE/SANE_a+0.94_288x128x128_IHARM/m_1_1_20/image_a+0.94_0804_163_0_230.e9_6.2e9_1.82523e+27_20.dat
        35       0.516946        4.32389       -226.225        13.5248        13.3356        13.2559       -2104.24     /gpfs/hpu/EHT2/IHARM/SANE/SANE_a+0.94_288x128x128_IHARM/m_1_1_20/image_a+0.94_0810_163_0_230.e9_6.2e9_1.82523e+27_20.dat
        36       0.536199        4.55505       -177.577        27.0491        10.7723        17.6647       -2667.61     /gpfs/hpu/EHT2/IHARM/SANE/SANE_a+0.94_288x128x128_IHARM/m_1_1_20/image_a+0.94_0816_163_0_230.e9_6.2e9_1.82523e+27_20.dat
        37       0.540399        4.87548       -174.277        22.0808        11.9168        16.1579        -2475.6     /gpfs/hpu/EHT2/IHARM/SANE/SANE_a+0.94_288x128x128_IHARM/m_1_1_20/image_a+0.94_0822_163_0_230.e9_6.2e9_1.82523e+27_20.dat
        38       0.667252         5.1249        -158.04        31.6191        10.3143        19.3815       -2912.31     /gpfs/hpu/EHT2/IHARM/SANE/SANE_a+0.94_288x128x128_IHARM/m_1_1_20/image_a+0.94_0828_163_0_230.e9_6.2e9_1.82523e+27_20.dat
        39        0.73087        4.17866       -154.033        24.0177        13.9313        18.1146        -2849.8     /gpfs/hpu/EHT2/IHARM/SANE/SANE_a+0.94_288x128x128_IHARM/m_1_1_20/image_a+0.94_0834_163_0_230.e9_6.2e9_1.82523e+27_20.dat
        40       0.635476        4.54281         80.938        8.98314        9.58071        9.20699       -1570.61     /gpfs/hpu/EHT2/IHARM/SANE/SANE_a+0.94_288x128x128_IHARM/m_1_1_20/image_a+0.94_0840_163_0_230.e9_6.2e9_1.82523e+27_20.dat
        41       0.882749         4.6915        170.856        16.4632        18.3648        17.3222       -2712.54     /gpfs/hpu/EHT2/IHARM/SANE/SANE_a+0.94_288x128x128_IHARM/m_1_1_20/image_a+0.94_0846_163_0_230.e9_6.2e9_1.82523e+27_20.dat
        42       0.676408        3.47334        173.026        56.9388        13.8807        32.2903       -4528.02     /gpfs/hpu/EHT2/IHARM/SANE/SANE_a+0.94_288x128x128_IHARM/m_1_1_20/image_a+0.94_0852_163_0_230.e9_6.2e9_1.82523e+27_20.dat
        43       0.610135        3.55833        175.321        19.1909        11.9692        14.9402       -2319.64     /gpfs/hpu/EHT2/IHARM/SANE/SANE_a+0.94_288x128x128_IHARM/m_1_1_20/image_a+0.94_0858_163_0_230.e9_6.2e9_1.82523e+27_20.dat
        44       0.487772        3.87835        180.699        15.2916        11.5435         13.021        -2118.3     /gpfs/hpu/EHT2/IHARM/SANE/SANE_a+0.94_288x128x128_IHARM/m_1_1_20/image_a+0.94_0864_163_0_230.e9_6.2e9_1.82523e+27_20.dat
        45       0.601798         4.8304        188.015        26.0646        8.65365         16.061       -2478.42     /gpfs/hpu/EHT2/IHARM/SANE/SANE_a+0.94_288x128x128_IHARM/m_1_1_20/image_a+0.94_0870_163_0_230.e9_6.2e9_1.82523e+27_20.dat
        46       0.490834        4.64474        183.833        25.8252        9.66379        16.5198       -2519.81     /gpfs/hpu/EHT2/IHARM/SANE/SANE_a+0.94_288x128x128_IHARM/m_1_1_20/image_a+0.94_0876_163_0_230.e9_6.2e9_1.82523e+27_20.dat
        47       0.480387        4.32758        186.431        25.6918        10.5328        16.9458       -2599.48     /gpfs/hpu/EHT2/IHARM/SANE/SANE_a+0.94_288x128x128_IHARM/m_1_1_20/image_a+0.94_0882_163_0_230.e9_6.2e9_1.82523e+27_20.dat
        48       0.404784        4.35289        182.518         23.641        11.8532        16.7957       -2539.12     /gpfs/hpu/EHT2/IHARM/SANE/SANE_a+0.94_288x128x128_IHARM/m_1_1_20/image_a+0.94_0888_163_0_230.e9_6.2e9_1.82523e+27_20.dat
        49       0.847127        4.69444        186.155        24.9502        18.6777        21.1581       -3228.86     /gpfs/hpu/EHT2/IHARM/SANE/SANE_a+0.94_288x128x128_IHARM/m_1_1_20/image_a+0.94_0894_163_0_230.e9_6.2e9_1.82523e+27_20.dat
        50       0.672919        5.28514        189.136         21.887        11.3487        15.7582       -2485.86     /gpfs/hpu/EHT2/IHARM/SANE/SANE_a+0.94_288x128x128_IHARM/m_1_1_20/image_a+0.94_0900_163_0_230.e9_6.2e9_1.82523e+27_20.dat
        51        0.85951        5.09086        184.988        34.7769        9.92547        20.5276       -3157.65     /gpfs/hpu/EHT2/IHARM/SANE/SANE_a+0.94_288x128x128_IHARM/m_1_1_20/image_a+0.94_0906_163_0_230.e9_6.2e9_1.82523e+27_20.dat
        52        0.85049        5.06438        185.929         29.991        13.0692         20.212       -3057.14     /gpfs/hpu/EHT2/IHARM/SANE/SANE_a+0.94_288x128x128_IHARM/m_1_1_20/image_a+0.94_0912_163_0_230.e9_6.2e9_1.82523e+27_20.dat
        53       0.856139          5.047        190.275        23.6537        25.3377        24.3046       -3661.66     /gpfs/hpu/EHT2/IHARM/SANE/SANE_a+0.94_288x128x128_IHARM/m_1_1_20/image_a+0.94_0918_163_0_230.e9_6.2e9_1.82523e+27_20.dat
        54       0.370937         4.1476        182.669        11.7998         10.416        10.8871       -1745.89     /gpfs/hpu/EHT2/IHARM/SANE/SANE_a+0.94_288x128x128_IHARM/m_1_1_20/image_a+0.94_0924_163_0_230.e9_6.2e9_1.82523e+27_20.dat
        55       0.760989        4.06238        188.332        37.6278        11.4435        22.6023       -3383.29     /gpfs/hpu/EHT2/IHARM/SANE/SANE_a+0.94_288x128x128_IHARM/m_1_1_20/image_a+0.94_0930_163_0_230.e9_6.2e9_1.82523e+27_20.dat
        56       0.455405        4.72663        185.348        42.0527        14.6971        26.3219       -3787.95     /gpfs/hpu/EHT2/IHARM/SANE/SANE_a+0.94_288x128x128_IHARM/m_1_1_20/image_a+0.94_0936_163_0_230.e9_6.2e9_1.82523e+27_20.dat
        57       0.701483        4.76871        176.635         28.046        11.3619        18.4228       -2876.75     /gpfs/hpu/EHT2/IHARM/SANE/SANE_a+0.94_288x128x128_IHARM/m_1_1_20/image_a+0.94_0942_163_0_230.e9_6.2e9_1.82523e+27_20.dat
        58       0.769038        5.12645        170.235        25.2336        8.39547        15.5587       -2528.43     /gpfs/hpu/EHT2/IHARM/SANE/SANE_a+0.94_288x128x128_IHARM/m_1_1_20/image_a+0.94_0948_163_0_230.e9_6.2e9_1.82523e+27_20.dat
        59       0.760958        5.05838        180.647        28.3799        12.4903        19.1948       -2982.15     /gpfs/hpu/EHT2/IHARM/SANE/SANE_a+0.94_288x128x128_IHARM/m_1_1_20/image_a+0.94_0954_163_0_230.e9_6.2e9_1.82523e+27_20.dat
        60        1.03773        4.78238        189.374        32.9381        10.1886        19.8806       -3114.56     /gpfs/hpu/EHT2/IHARM/SANE/SANE_a+0.94_288x128x128_IHARM/m_1_1_20/image_a+0.94_0960_163_0_230.e9_6.2e9_1.82523e+27_20.dat
        61       0.804658        5.15649        181.851        22.1227        11.4531         15.918       -2627.44     /gpfs/hpu/EHT2/IHARM/SANE/SANE_a+0.94_288x128x128_IHARM/m_1_1_20/image_a+0.94_0966_163_0_230.e9_6.2e9_1.82523e+27_20.dat
        62       0.820517        4.96183        197.665        28.1299        9.21319        17.2634       -2820.01     /gpfs/hpu/EHT2/IHARM/SANE/SANE_a+0.94_288x128x128_IHARM/m_1_1_20/image_a+0.94_0972_163_0_230.e9_6.2e9_1.82523e+27_20.dat
        63       0.722239        4.73708        181.967        20.7092        12.0778        15.6557        -2534.5     /gpfs/hpu/EHT2/IHARM/SANE/SANE_a+0.94_288x128x128_IHARM/m_1_1_20/image_a+0.94_0978_163_0_230.e9_6.2e9_1.82523e+27_20.dat
        64       0.600862        4.78149        165.012        25.7399        12.7319        18.1902        -2821.6     /gpfs/hpu/EHT2/IHARM/SANE/SANE_a+0.94_288x128x128_IHARM/m_1_1_20/image_a+0.94_0984_163_0_230.e9_6.2e9_1.82523e+27_20.dat
        65         1.0398        5.56338         186.13        19.1703         9.3481        13.4728        -2332.7     /gpfs/hpu/EHT2/IHARM/SANE/SANE_a+0.94_288x128x128_IHARM/m_1_1_20/image_a+0.94_0990_163_0_230.e9_6.2e9_1.82523e+27_20.dat
        66       0.602105         4.9969        189.238        13.3952        7.72884        10.0801       -1776.61     /gpfs/hpu/EHT2/IHARM/SANE/SANE_a+0.94_288x128x128_IHARM/m_1_1_20/image_a+0.94_0996_163_0_230.e9_6.2e9_1.82523e+27_20.dat
        67       0.694113        4.47691        199.396        21.4596        14.8805        17.5391       -2949.04     /gpfs/hpu/EHT2/IHARM/SANE/SANE_a+0.94_288x128x128_IHARM/m_1_1_20/image_a+0.94_1002_163_0_230.e9_6.2e9_1.82523e+27_20.dat
        68       0.890926        5.25946        189.645        37.9373         11.863        22.9693       -3464.57     /gpfs/hpu/EHT2/IHARM/SANE/SANE_a+0.94_288x128x128_IHARM/m_1_1_20/image_a+0.94_1008_163_0_230.e9_6.2e9_1.82523e+27_20.dat
        69       0.630587        4.66933        202.416        16.3288        10.1719        12.7053       -2179.76     /gpfs/hpu/EHT2/IHARM/SANE/SANE_a+0.94_288x128x128_IHARM/m_1_1_20/image_a+0.94_1014_163_0_230.e9_6.2e9_1.82523e+27_20.dat
        70       0.735824        5.15441        188.762        25.2514        8.69113         15.731       -2485.18     /gpfs/hpu/EHT2/IHARM/SANE/SANE_a+0.94_288x128x128_IHARM/m_1_1_20/image_a+0.94_1020_163_0_230.e9_6.2e9_1.82523e+27_20.dat
        71       0.822294        5.03523        186.301         28.122        13.0631        19.4023       -3023.33     /gpfs/hpu/EHT2/IHARM/SANE/SANE_a+0.94_288x128x128_IHARM/m_1_1_20/image_a+0.94_1026_163_0_230.e9_6.2e9_1.82523e+27_20.dat
        72       0.520885        4.89978        195.565        15.7359        10.4663        12.6133       -2126.66     /gpfs/hpu/EHT2/IHARM/SANE/SANE_a+0.94_288x128x128_IHARM/m_1_1_20/image_a+0.94_1032_163_0_230.e9_6.2e9_1.82523e+27_20.dat
        73        0.82523        5.47019        201.894         27.063        13.3129        19.0843        -3014.9     /gpfs/hpu/EHT2/IHARM/SANE/SANE_a+0.94_288x128x128_IHARM/m_1_1_20/image_a+0.94_1038_163_0_230.e9_6.2e9_1.82523e+27_20.dat
        74       0.854119        5.41209        194.883        32.4171        13.8896        21.7153       -3401.36     /gpfs/hpu/EHT2/IHARM/SANE/SANE_a+0.94_288x128x128_IHARM/m_1_1_20/image_a+0.94_1044_163_0_230.e9_6.2e9_1.82523e+27_20.dat
        75       0.567746        5.20642        191.346        27.8897        10.6626        17.9663       -2754.57     /gpfs/hpu/EHT2/IHARM/SANE/SANE_a+0.94_288x128x128_IHARM/m_1_1_20/image_a+0.94_1050_163_0_230.e9_6.2e9_1.82523e+27_20.dat
        76        0.80428        5.03603        193.759         29.373         9.7984        18.1254       -2889.61     /gpfs/hpu/EHT2/IHARM/SANE/SANE_a+0.94_288x128x128_IHARM/m_1_1_20/image_a+0.94_1056_163_0_230.e9_6.2e9_1.82523e+27_20.dat
        77       0.848928        5.49408        200.755        32.6891        13.0726         21.378        -3361.5     /gpfs/hpu/EHT2/IHARM/SANE/SANE_a+0.94_288x128x128_IHARM/m_1_1_20/image_a+0.94_1062_163_0_230.e9_6.2e9_1.82523e+27_20.dat
        78       0.728428        5.14665        202.311         31.494        12.0457         20.291       -3191.46     /gpfs/hpu/EHT2/IHARM/SANE/SANE_a+0.94_288x128x128_IHARM/m_1_1_20/image_a+0.94_1068_163_0_230.e9_6.2e9_1.82523e+27_20.dat
        79       0.763696        4.63472        191.175        31.9657        11.9028         20.415       -3154.41     /gpfs/hpu/EHT2/IHARM/SANE/SANE_a+0.94_288x128x128_IHARM/m_1_1_20/image_a+0.94_1074_163_0_230.e9_6.2e9_1.82523e+27_20.dat
        80       0.657963        4.87998        189.947        27.5939        10.3901        17.6871       -2758.98     /gpfs/hpu/EHT2/IHARM/SANE/SANE_a+0.94_288x128x128_IHARM/m_1_1_20/image_a+0.94_1080_163_0_230.e9_6.2e9_1.82523e+27_20.dat
        81       0.727827        4.75943        197.437         35.263        12.7107        22.2872       -3437.99     /gpfs/hpu/EHT2/IHARM/SANE/SANE_a+0.94_288x128x128_IHARM/m_1_1_20/image_a+0.94_1086_163_0_230.e9_6.2e9_1.82523e+27_20.dat
        82       0.544373        4.34272        196.987        26.5903        13.5615        19.0187       -3014.55     /gpfs/hpu/EHT2/IHARM/SANE/SANE_a+0.94_288x128x128_IHARM/m_1_1_20/image_a+0.94_1092_163_0_230.e9_6.2e9_1.82523e+27_20.dat
        83       0.715802        4.98062         195.81        37.8067        12.8058        23.4376       -3571.87     /gpfs/hpu/EHT2/IHARM/SANE/SANE_a+0.94_288x128x128_IHARM/m_1_1_20/image_a+0.94_1098_163_0_230.e9_6.2e9_1.82523e+27_20.dat
        84       0.898519        5.05704        196.509        31.7155         12.781        20.7957       -3391.68     /gpfs/hpu/EHT2/IHARM/SANE/SANE_a+0.94_288x128x128_IHARM/m_1_1_20/image_a+0.94_1104_163_0_230.e9_6.2e9_1.82523e+27_20.dat
        85       0.836283        5.16085        191.874        30.6731        17.6006        23.0279       -3618.58     /gpfs/hpu/EHT2/IHARM/SANE/SANE_a+0.94_288x128x128_IHARM/m_1_1_20/image_a+0.94_1110_163_0_230.e9_6.2e9_1.82523e+27_20.dat
        86       0.872744        4.40197        194.056        25.3826        20.0458        22.1059        -3383.6     /gpfs/hpu/EHT2/IHARM/SANE/SANE_a+0.94_288x128x128_IHARM/m_1_1_20/image_a+0.94_1116_163_0_230.e9_6.2e9_1.82523e+27_20.dat
        87       0.440075        4.60071         189.89        48.8277        52.6495        50.3637       -6733.52     /gpfs/hpu/EHT2/IHARM/SANE/SANE_a+0.94_288x128x128_IHARM/m_1_1_20/image_a+0.94_1122_163_0_230.e9_6.2e9_1.82523e+27_20.dat
        88       0.810553        5.39433        191.428        53.6388        17.8453        33.0726       -4779.69     /gpfs/hpu/EHT2/IHARM/SANE/SANE_a+0.94_288x128x128_IHARM/m_1_1_20/image_a+0.94_1128_163_0_230.e9_6.2e9_1.82523e+27_20.dat
        89       0.679804          5.476        192.851        31.3283        15.4137        22.0936       -3486.99     /gpfs/hpu/EHT2/IHARM/SANE/SANE_a+0.94_288x128x128_IHARM/m_1_1_20/image_a+0.94_1134_163_0_230.e9_6.2e9_1.82523e+27_20.dat
        90       0.592539        5.04683        178.241        34.2618        13.3942        22.2355       -3342.78     /gpfs/hpu/EHT2/IHARM/SANE/SANE_a+0.94_288x128x128_IHARM/m_1_1_20/image_a+0.94_1140_163_0_230.e9_6.2e9_1.82523e+27_20.dat
        91       0.709015        5.40928        183.367        22.5356        10.0988        15.3425        -2512.3     /gpfs/hpu/EHT2/IHARM/SANE/SANE_a+0.94_288x128x128_IHARM/m_1_1_20/image_a+0.94_1146_163_0_230.e9_6.2e9_1.82523e+27_20.dat
        92       0.632004        5.88236          182.1        34.6381        13.1956        22.2874       -3479.36     /gpfs/hpu/EHT2/IHARM/SANE/SANE_a+0.94_288x128x128_IHARM/m_1_1_20/image_a+0.94_1152_163_0_230.e9_6.2e9_1.82523e+27_20.dat
        93       0.955662         5.2815        174.187        40.4977        13.3084        24.8783       -3780.37     /gpfs/hpu/EHT2/IHARM/SANE/SANE_a+0.94_288x128x128_IHARM/m_1_1_20/image_a+0.94_1158_163_0_230.e9_6.2e9_1.82523e+27_20.dat
        94       0.744706        4.97247        170.739        33.1922        8.69449        19.1589       -2954.63     /gpfs/hpu/EHT2/IHARM/SANE/SANE_a+0.94_288x128x128_IHARM/m_1_1_20/image_a+0.94_1164_163_0_230.e9_6.2e9_1.82523e+27_20.dat
        95       0.551136        4.94798        178.148        23.6802        12.0555        16.9252       -2625.91     /gpfs/hpu/EHT2/IHARM/SANE/SANE_a+0.94_288x128x128_IHARM/m_1_1_20/image_a+0.94_1170_163_0_230.e9_6.2e9_1.82523e+27_20.dat
        96       0.723266         4.9402        182.548        22.5312        8.61953        14.5175       -2389.22     /gpfs/hpu/EHT2/IHARM/SANE/SANE_a+0.94_288x128x128_IHARM/m_1_1_20/image_a+0.94_1176_163_0_230.e9_6.2e9_1.82523e+27_20.dat
        97       0.783023         5.1134        185.835        36.4074        12.2678        22.5344       -3421.45     /gpfs/hpu/EHT2/IHARM/SANE/SANE_a+0.94_288x128x128_IHARM/m_1_1_20/image_a+0.94_1182_163_0_230.e9_6.2e9_1.82523e+27_20.dat
        98        0.48721         4.4891        180.719        16.0513        13.1615        14.2491       -2327.38     /gpfs/hpu/EHT2/IHARM/SANE/SANE_a+0.94_288x128x128_IHARM/m_1_1_20/image_a+0.94_1188_163_0_230.e9_6.2e9_1.82523e+27_20.dat
        99       0.370567        4.86331        106.593        11.0369        12.3372        11.6269       -1885.17     /gpfs/hpu/EHT2/IHARM/SANE/SANE_a+0.94_288x128x128_IHARM/m_1_1_20/image_a+0.94_1194_163_0_230.e9_6.2e9_1.82523e+27_20.dat
