   # Index         I (Jy)      M/D (uas)       PA (deg)  VA red. chisq  CP red. chisq     red. chisq     log-liklhd     FileName
         0       0.423295        4.04494       -180.162        4.56008        4.33336        4.37876       -919.882     /gpfs/hpu/EHT2/IHARM/MAD/MAD_a+0.5_384x192x192_IHARM/m_1_1_40/image_a+0.5_0000_163_0_230.e9_6.2e9_1.59542e+25_40.dat
         1        0.65251        4.17181       -175.525        10.3844        5.96102        7.79737       -1515.95     /gpfs/hpu/EHT2/IHARM/MAD/MAD_a+0.5_384x192x192_IHARM/m_1_1_40/image_a+0.5_0001_163_0_230.e9_6.2e9_1.59542e+25_40.dat
         2       0.356138        3.95036        -228.03        1.54469        3.47812        2.60186       -705.577     /gpfs/hpu/EHT2/IHARM/MAD/MAD_a+0.5_384x192x192_IHARM/m_1_1_40/image_a+0.5_0002_163_0_230.e9_6.2e9_1.59542e+25_40.dat
         3       0.406244        4.00978       -166.491        24.7527        30.7079        27.7671        -3884.9     /gpfs/hpu/EHT2/IHARM/MAD/MAD_a+0.5_384x192x192_IHARM/m_1_1_40/image_a+0.5_0003_163_0_230.e9_6.2e9_1.59542e+25_40.dat
         4       0.439499        3.61811       -176.742        12.3167        8.06669        9.80278       -1667.18     /gpfs/hpu/EHT2/IHARM/MAD/MAD_a+0.5_384x192x192_IHARM/m_1_1_40/image_a+0.5_0004_163_0_230.e9_6.2e9_1.59542e+25_40.dat
         5       0.529436        3.78271       -185.069        9.53902        10.3186        9.85741       -1744.06     /gpfs/hpu/EHT2/IHARM/MAD/MAD_a+0.5_384x192x192_IHARM/m_1_1_40/image_a+0.5_0005_163_0_230.e9_6.2e9_1.59542e+25_40.dat
         6        0.48837          4.038       -176.075        8.33738        6.05542        6.96672       -1369.22     /gpfs/hpu/EHT2/IHARM/MAD/MAD_a+0.5_384x192x192_IHARM/m_1_1_40/image_a+0.5_0006_163_0_230.e9_6.2e9_1.59542e+25_40.dat
         7       0.374436        3.99698       -202.823        20.4827        8.78235        13.7242       -2105.46     /gpfs/hpu/EHT2/IHARM/MAD/MAD_a+0.5_384x192x192_IHARM/m_1_1_40/image_a+0.5_0007_163_0_230.e9_6.2e9_1.59542e+25_40.dat
         8       0.540962        4.30006       -178.942        17.0197        7.14553        11.3193       -1888.75     /gpfs/hpu/EHT2/IHARM/MAD/MAD_a+0.5_384x192x192_IHARM/m_1_1_40/image_a+0.5_0008_163_0_230.e9_6.2e9_1.59542e+25_40.dat
         9       0.414875        3.55383       -204.515        7.79996        8.52989        8.11177       -1483.18     /gpfs/hpu/EHT2/IHARM/MAD/MAD_a+0.5_384x192x192_IHARM/m_1_1_40/image_a+0.5_0009_163_0_230.e9_6.2e9_1.59542e+25_40.dat
        10       0.929503         4.4802       -311.692         10.248        17.5638        14.1949       -2306.07     /gpfs/hpu/EHT2/IHARM/MAD/MAD_a+0.5_384x192x192_IHARM/m_1_1_40/image_a+0.5_0010_163_0_230.e9_6.2e9_1.59542e+25_40.dat
        11       0.405219        4.18752       -202.958        12.9573        6.32631        9.11072       -1537.07     /gpfs/hpu/EHT2/IHARM/MAD/MAD_a+0.5_384x192x192_IHARM/m_1_1_40/image_a+0.5_0011_163_0_230.e9_6.2e9_1.59542e+25_40.dat
        12       0.377238        4.24916       -271.763        1.63949        5.52288        3.78058       -860.667     /gpfs/hpu/EHT2/IHARM/MAD/MAD_a+0.5_384x192x192_IHARM/m_1_1_40/image_a+0.5_0012_163_0_230.e9_6.2e9_1.59542e+25_40.dat
        13       0.316761        4.06453       -227.944        7.35771        14.2481        11.1029       -1755.86     /gpfs/hpu/EHT2/IHARM/MAD/MAD_a+0.5_384x192x192_IHARM/m_1_1_40/image_a+0.5_0013_163_0_230.e9_6.2e9_1.59542e+25_40.dat
        14       0.960429        4.45659       -184.788        11.4579        27.1393        20.0453       -3241.69     /gpfs/hpu/EHT2/IHARM/MAD/MAD_a+0.5_384x192x192_IHARM/m_1_1_40/image_a+0.5_0014_163_0_230.e9_6.2e9_1.59542e+25_40.dat
        15       0.561977        3.55177       -117.933        5.05174        15.9884        11.0763       -1937.04     /gpfs/hpu/EHT2/IHARM/MAD/MAD_a+0.5_384x192x192_IHARM/m_1_1_40/image_a+0.5_0015_163_0_230.e9_6.2e9_1.59542e+25_40.dat
        16        0.39622        3.85672       -259.132        5.24401        11.2797        8.53915        -1446.4     /gpfs/hpu/EHT2/IHARM/MAD/MAD_a+0.5_384x192x192_IHARM/m_1_1_40/image_a+0.5_0016_163_0_230.e9_6.2e9_1.59542e+25_40.dat
        17         0.3918        3.55012       -264.306        3.78542        7.99809        6.08377       -1182.32     /gpfs/hpu/EHT2/IHARM/MAD/MAD_a+0.5_384x192x192_IHARM/m_1_1_40/image_a+0.5_0017_163_0_230.e9_6.2e9_1.59542e+25_40.dat
        18       0.582766        3.56842       -152.911        3.30733        6.47379        5.02931       -1151.01     /gpfs/hpu/EHT2/IHARM/MAD/MAD_a+0.5_384x192x192_IHARM/m_1_1_40/image_a+0.5_0018_163_0_230.e9_6.2e9_1.59542e+25_40.dat
        19       0.630647        3.68494       -182.719        4.76008        8.11109        6.56718        -1336.7     /gpfs/hpu/EHT2/IHARM/MAD/MAD_a+0.5_384x192x192_IHARM/m_1_1_40/image_a+0.5_0019_163_0_230.e9_6.2e9_1.59542e+25_40.dat
        20       0.672356        3.62535       -250.954        24.8647        40.6739         33.361       -4598.18     /gpfs/hpu/EHT2/IHARM/MAD/MAD_a+0.5_384x192x192_IHARM/m_1_1_40/image_a+0.5_0020_163_0_230.e9_6.2e9_1.59542e+25_40.dat
        21       0.777949        3.84033       -274.141        5.75463        44.2959        27.1314       -3821.51     /gpfs/hpu/EHT2/IHARM/MAD/MAD_a+0.5_384x192x192_IHARM/m_1_1_40/image_a+0.5_0021_163_0_230.e9_6.2e9_1.59542e+25_40.dat
        22       0.865314        3.94897       -259.288        11.8362        13.5006        12.6192       -2133.85     /gpfs/hpu/EHT2/IHARM/MAD/MAD_a+0.5_384x192x192_IHARM/m_1_1_40/image_a+0.5_0022_163_0_230.e9_6.2e9_1.59542e+25_40.dat
        23        0.64374        3.73814       -305.554        5.22107        6.74211         6.0043        -1245.2     /gpfs/hpu/EHT2/IHARM/MAD/MAD_a+0.5_384x192x192_IHARM/m_1_1_40/image_a+0.5_0023_163_0_230.e9_6.2e9_1.59542e+25_40.dat
        24       0.606531        4.00592        -187.95        9.44483        9.14052        9.16124          -1524     /gpfs/hpu/EHT2/IHARM/MAD/MAD_a+0.5_384x192x192_IHARM/m_1_1_40/image_a+0.5_0024_163_0_230.e9_6.2e9_1.59542e+25_40.dat
        25       0.651967        4.09873       -219.959        11.4614        21.5743        16.9501       -2549.48     /gpfs/hpu/EHT2/IHARM/MAD/MAD_a+0.5_384x192x192_IHARM/m_1_1_40/image_a+0.5_0025_163_0_230.e9_6.2e9_1.59542e+25_40.dat
        26       0.576048        3.28972       -157.975        3.92176        5.14029        4.55237       -1023.73     /gpfs/hpu/EHT2/IHARM/MAD/MAD_a+0.5_384x192x192_IHARM/m_1_1_40/image_a+0.5_0026_163_0_230.e9_6.2e9_1.59542e+25_40.dat
        27       0.487468        3.34657       -148.131        3.83155         8.3722        6.31185       -1266.72     /gpfs/hpu/EHT2/IHARM/MAD/MAD_a+0.5_384x192x192_IHARM/m_1_1_40/image_a+0.5_0027_163_0_230.e9_6.2e9_1.59542e+25_40.dat
        28       0.965061        2.93587       -163.801        7.99492        16.9877        12.9023       -2245.64     /gpfs/hpu/EHT2/IHARM/MAD/MAD_a+0.5_384x192x192_IHARM/m_1_1_40/image_a+0.5_0028_163_0_230.e9_6.2e9_1.59542e+25_40.dat
        29       0.441927        3.36431       -243.978        12.7155        33.5156        24.1359       -3453.87     /gpfs/hpu/EHT2/IHARM/MAD/MAD_a+0.5_384x192x192_IHARM/m_1_1_40/image_a+0.5_0029_163_0_230.e9_6.2e9_1.59542e+25_40.dat
        30       0.499763        3.43167       -184.622        4.66725        8.49563         6.7411        -1290.9     /gpfs/hpu/EHT2/IHARM/MAD/MAD_a+0.5_384x192x192_IHARM/m_1_1_40/image_a+0.5_0030_163_0_230.e9_6.2e9_1.59542e+25_40.dat
        31       0.422505        3.69923       -177.609        6.58611        7.25838        6.88052        -1298.6     /gpfs/hpu/EHT2/IHARM/MAD/MAD_a+0.5_384x192x192_IHARM/m_1_1_40/image_a+0.5_0031_163_0_230.e9_6.2e9_1.59542e+25_40.dat
        32       0.498472        3.90918       -229.742        3.72004        21.7269         13.695       -2235.49     /gpfs/hpu/EHT2/IHARM/MAD/MAD_a+0.5_384x192x192_IHARM/m_1_1_40/image_a+0.5_0032_163_0_230.e9_6.2e9_1.59542e+25_40.dat
        33       0.423987        3.41602       -244.626        3.46439        11.7509        8.03353       -1392.84     /gpfs/hpu/EHT2/IHARM/MAD/MAD_a+0.5_384x192x192_IHARM/m_1_1_40/image_a+0.5_0033_163_0_230.e9_6.2e9_1.59542e+25_40.dat
        34        1.14122        4.12394       -228.954        8.43618        9.46786        8.90821       -1776.42     /gpfs/hpu/EHT2/IHARM/MAD/MAD_a+0.5_384x192x192_IHARM/m_1_1_40/image_a+0.5_0034_163_0_230.e9_6.2e9_1.59542e+25_40.dat
        35         0.6175        3.38574       -193.912        16.6803         11.984        13.8653       -2392.39     /gpfs/hpu/EHT2/IHARM/MAD/MAD_a+0.5_384x192x192_IHARM/m_1_1_40/image_a+0.5_0035_163_0_230.e9_6.2e9_1.59542e+25_40.dat
        36       0.808699        3.34837       -217.366        18.5752        18.7586        18.4526       -3387.91     /gpfs/hpu/EHT2/IHARM/MAD/MAD_a+0.5_384x192x192_IHARM/m_1_1_40/image_a+0.5_0036_163_0_230.e9_6.2e9_1.59542e+25_40.dat
        37       0.613574        3.93476       -179.312        6.17248         15.077        11.0528       -1802.06     /gpfs/hpu/EHT2/IHARM/MAD/MAD_a+0.5_384x192x192_IHARM/m_1_1_40/image_a+0.5_0037_163_0_230.e9_6.2e9_1.59542e+25_40.dat
        38       0.503718        3.42764       -259.717        3.13033         11.637        7.82599       -1442.19     /gpfs/hpu/EHT2/IHARM/MAD/MAD_a+0.5_384x192x192_IHARM/m_1_1_40/image_a+0.5_0038_163_0_230.e9_6.2e9_1.59542e+25_40.dat
        39       0.539262        3.52711       -165.047        10.1285        9.16928        9.47224       -1691.88     /gpfs/hpu/EHT2/IHARM/MAD/MAD_a+0.5_384x192x192_IHARM/m_1_1_40/image_a+0.5_0039_163_0_230.e9_6.2e9_1.59542e+25_40.dat
        40       0.382995        4.01413       -257.425        3.89361         9.9919        7.23991       -1269.61     /gpfs/hpu/EHT2/IHARM/MAD/MAD_a+0.5_384x192x192_IHARM/m_1_1_40/image_a+0.5_0040_163_0_230.e9_6.2e9_1.59542e+25_40.dat
        41       0.454113        4.10631       -239.236        9.38943        9.50479        9.34004        -1587.8     /gpfs/hpu/EHT2/IHARM/MAD/MAD_a+0.5_384x192x192_IHARM/m_1_1_40/image_a+0.5_0041_163_0_230.e9_6.2e9_1.59542e+25_40.dat
        42       0.389771        3.86002       -256.396        6.07157        9.33687         7.8151       -1383.84     /gpfs/hpu/EHT2/IHARM/MAD/MAD_a+0.5_384x192x192_IHARM/m_1_1_40/image_a+0.5_0042_163_0_230.e9_6.2e9_1.59542e+25_40.dat
        43       0.460346        3.89008       -173.601        11.1909        6.49193        8.44076       -1530.88     /gpfs/hpu/EHT2/IHARM/MAD/MAD_a+0.5_384x192x192_IHARM/m_1_1_40/image_a+0.5_0043_163_0_230.e9_6.2e9_1.59542e+25_40.dat
        44        0.35821        3.85094       -237.414        3.09653        5.03908        4.14001       -902.445     /gpfs/hpu/EHT2/IHARM/MAD/MAD_a+0.5_384x192x192_IHARM/m_1_1_40/image_a+0.5_0044_163_0_230.e9_6.2e9_1.59542e+25_40.dat
        45       0.446538        3.91114       -177.327        8.77348        5.11489        6.63152       -1244.59     /gpfs/hpu/EHT2/IHARM/MAD/MAD_a+0.5_384x192x192_IHARM/m_1_1_40/image_a+0.5_0045_163_0_230.e9_6.2e9_1.59542e+25_40.dat
        46       0.389816        4.00294       -181.769        8.77849        5.55357        6.87779       -1267.95     /gpfs/hpu/EHT2/IHARM/MAD/MAD_a+0.5_384x192x192_IHARM/m_1_1_40/image_a+0.5_0046_163_0_230.e9_6.2e9_1.59542e+25_40.dat
        47       0.411048        3.78364        -260.92         3.1282        7.59647        5.57674       -1107.32     /gpfs/hpu/EHT2/IHARM/MAD/MAD_a+0.5_384x192x192_IHARM/m_1_1_40/image_a+0.5_0047_163_0_230.e9_6.2e9_1.59542e+25_40.dat
        48       0.548919        3.91758       -182.788        2.95561        7.17564         5.2681       -1154.48     /gpfs/hpu/EHT2/IHARM/MAD/MAD_a+0.5_384x192x192_IHARM/m_1_1_40/image_a+0.5_0048_163_0_230.e9_6.2e9_1.59542e+25_40.dat
        49        0.59043         3.9561       -164.246        4.07447         12.143        8.51494       -1616.32     /gpfs/hpu/EHT2/IHARM/MAD/MAD_a+0.5_384x192x192_IHARM/m_1_1_40/image_a+0.5_0049_163_0_230.e9_6.2e9_1.59542e+25_40.dat
        50        0.52427        3.78127       -159.873        12.2665        5.83521         8.5394       -1546.85     /gpfs/hpu/EHT2/IHARM/MAD/MAD_a+0.5_384x192x192_IHARM/m_1_1_40/image_a+0.5_0050_163_0_230.e9_6.2e9_1.59542e+25_40.dat
        51       0.463175        3.79071        -186.73        8.49779        5.02028        6.45993       -1255.91     /gpfs/hpu/EHT2/IHARM/MAD/MAD_a+0.5_384x192x192_IHARM/m_1_1_40/image_a+0.5_0051_163_0_230.e9_6.2e9_1.59542e+25_40.dat
        52        0.43576        3.64645       -179.681        6.61875        4.39072        5.29889       -1093.11     /gpfs/hpu/EHT2/IHARM/MAD/MAD_a+0.5_384x192x192_IHARM/m_1_1_40/image_a+0.5_0052_163_0_230.e9_6.2e9_1.59542e+25_40.dat
        53       0.442148        3.94952       -267.255        7.09903        9.83131        8.53354       -1441.34     /gpfs/hpu/EHT2/IHARM/MAD/MAD_a+0.5_384x192x192_IHARM/m_1_1_40/image_a+0.5_0053_163_0_230.e9_6.2e9_1.59542e+25_40.dat
        54       0.452735        3.70035       -206.402         7.2909        4.60173        5.70631       -1157.29     /gpfs/hpu/EHT2/IHARM/MAD/MAD_a+0.5_384x192x192_IHARM/m_1_1_40/image_a+0.5_0054_163_0_230.e9_6.2e9_1.59542e+25_40.dat
        55       0.401318        3.56641       -270.174        8.80865         7.8437        8.16515       -1411.94     /gpfs/hpu/EHT2/IHARM/MAD/MAD_a+0.5_384x192x192_IHARM/m_1_1_40/image_a+0.5_0055_163_0_230.e9_6.2e9_1.59542e+25_40.dat
        56       0.435316        3.88931        -212.44        1.82098        3.08677         2.5033       -717.886     /gpfs/hpu/EHT2/IHARM/MAD/MAD_a+0.5_384x192x192_IHARM/m_1_1_40/image_a+0.5_0056_163_0_230.e9_6.2e9_1.59542e+25_40.dat
        57        0.37635        3.63891       -198.989        3.02208        5.48029         4.3534       -952.195     /gpfs/hpu/EHT2/IHARM/MAD/MAD_a+0.5_384x192x192_IHARM/m_1_1_40/image_a+0.5_0057_163_0_230.e9_6.2e9_1.59542e+25_40.dat
        58       0.448585        3.68771       -242.352        2.48237        3.45708        2.99472       -803.661     /gpfs/hpu/EHT2/IHARM/MAD/MAD_a+0.5_384x192x192_IHARM/m_1_1_40/image_a+0.5_0058_163_0_230.e9_6.2e9_1.59542e+25_40.dat
        59       0.401716        3.87057       -227.116        2.11255        5.78507        4.13058        -942.71     /gpfs/hpu/EHT2/IHARM/MAD/MAD_a+0.5_384x192x192_IHARM/m_1_1_40/image_a+0.5_0059_163_0_230.e9_6.2e9_1.59542e+25_40.dat
        60       0.761853        3.78925        -270.96        11.2043        19.1937        15.5145       -2500.23     /gpfs/hpu/EHT2/IHARM/MAD/MAD_a+0.5_384x192x192_IHARM/m_1_1_40/image_a+0.5_0060_163_0_230.e9_6.2e9_1.59542e+25_40.dat
        61       0.763696        3.94313        -224.26        15.3948        25.4462        20.8017       -3042.16     /gpfs/hpu/EHT2/IHARM/MAD/MAD_a+0.5_384x192x192_IHARM/m_1_1_40/image_a+0.5_0061_163_0_230.e9_6.2e9_1.59542e+25_40.dat
        62       0.837431        3.68433       -250.179        13.3384        37.1491        26.4265       -3963.46     /gpfs/hpu/EHT2/IHARM/MAD/MAD_a+0.5_384x192x192_IHARM/m_1_1_40/image_a+0.5_0062_163_0_230.e9_6.2e9_1.59542e+25_40.dat
        63       0.754706        4.03787       -299.158        17.1414        29.1343        23.6075       -3475.83     /gpfs/hpu/EHT2/IHARM/MAD/MAD_a+0.5_384x192x192_IHARM/m_1_1_40/image_a+0.5_0063_163_0_230.e9_6.2e9_1.59542e+25_40.dat
        64       0.477358        3.93236       -221.712        11.0848        24.1967        18.2468        -2711.6     /gpfs/hpu/EHT2/IHARM/MAD/MAD_a+0.5_384x192x192_IHARM/m_1_1_40/image_a+0.5_0064_163_0_230.e9_6.2e9_1.59542e+25_40.dat
        65       0.599958        3.56017       -245.824           4.83        3.22065        3.87605       -937.944     /gpfs/hpu/EHT2/IHARM/MAD/MAD_a+0.5_384x192x192_IHARM/m_1_1_40/image_a+0.5_0065_163_0_230.e9_6.2e9_1.59542e+25_40.dat
        66       0.699941        3.80362        -195.99        6.06324        3.93248        4.80423          -1065     /gpfs/hpu/EHT2/IHARM/MAD/MAD_a+0.5_384x192x192_IHARM/m_1_1_40/image_a+0.5_0066_163_0_230.e9_6.2e9_1.59542e+25_40.dat
        67       0.413135        3.52659       -221.602        3.23649        3.29438        3.22955       -811.833     /gpfs/hpu/EHT2/IHARM/MAD/MAD_a+0.5_384x192x192_IHARM/m_1_1_40/image_a+0.5_0067_163_0_230.e9_6.2e9_1.59542e+25_40.dat
        68       0.505833        3.51033       -247.594        3.51053        4.15641        3.82747       -939.876     /gpfs/hpu/EHT2/IHARM/MAD/MAD_a+0.5_384x192x192_IHARM/m_1_1_40/image_a+0.5_0068_163_0_230.e9_6.2e9_1.59542e+25_40.dat
        69       0.747532        4.11119       -226.055         6.7147        20.7271        14.4307       -2271.65     /gpfs/hpu/EHT2/IHARM/MAD/MAD_a+0.5_384x192x192_IHARM/m_1_1_40/image_a+0.5_0069_163_0_230.e9_6.2e9_1.59542e+25_40.dat
        70        0.61544         4.0329       -223.373        5.97594        16.0839        11.5283       -1837.87     /gpfs/hpu/EHT2/IHARM/MAD/MAD_a+0.5_384x192x192_IHARM/m_1_1_40/image_a+0.5_0070_163_0_230.e9_6.2e9_1.59542e+25_40.dat
        71       0.430582        3.83241       -283.628        7.65179        12.6534        10.3424       -1694.39     /gpfs/hpu/EHT2/IHARM/MAD/MAD_a+0.5_384x192x192_IHARM/m_1_1_40/image_a+0.5_0071_163_0_230.e9_6.2e9_1.59542e+25_40.dat
        72       0.679573        3.77941       -283.516        4.99175        8.61036        6.94495       -1337.81     /gpfs/hpu/EHT2/IHARM/MAD/MAD_a+0.5_384x192x192_IHARM/m_1_1_40/image_a+0.5_0072_163_0_230.e9_6.2e9_1.59542e+25_40.dat
        73       0.671567        3.86702       -214.353        4.09131        18.8742        12.2678       -2283.06     /gpfs/hpu/EHT2/IHARM/MAD/MAD_a+0.5_384x192x192_IHARM/m_1_1_40/image_a+0.5_0073_163_0_230.e9_6.2e9_1.59542e+25_40.dat
        74       0.420679        3.99586       -248.419        2.51404        9.62087        6.43824       -1189.33     /gpfs/hpu/EHT2/IHARM/MAD/MAD_a+0.5_384x192x192_IHARM/m_1_1_40/image_a+0.5_0074_163_0_230.e9_6.2e9_1.59542e+25_40.dat
        75       0.393657         3.9247       -194.396        4.97908        3.79926        4.26234       -949.873     /gpfs/hpu/EHT2/IHARM/MAD/MAD_a+0.5_384x192x192_IHARM/m_1_1_40/image_a+0.5_0075_163_0_230.e9_6.2e9_1.59542e+25_40.dat
        76        0.63577          4.154       -257.677        5.03851        8.39082        6.84296       -1282.72     /gpfs/hpu/EHT2/IHARM/MAD/MAD_a+0.5_384x192x192_IHARM/m_1_1_40/image_a+0.5_0076_163_0_230.e9_6.2e9_1.59542e+25_40.dat
        77       0.423261        3.79847       -253.304        6.97832        6.11319         6.4125       -1202.57     /gpfs/hpu/EHT2/IHARM/MAD/MAD_a+0.5_384x192x192_IHARM/m_1_1_40/image_a+0.5_0077_163_0_230.e9_6.2e9_1.59542e+25_40.dat
        78       0.757328        3.34968        -182.04        12.3126         13.117        12.6113       -2166.76     /gpfs/hpu/EHT2/IHARM/MAD/MAD_a+0.5_384x192x192_IHARM/m_1_1_40/image_a+0.5_0078_163_0_230.e9_6.2e9_1.59542e+25_40.dat
        79       0.649302        3.88843       -186.249        10.7327         8.7239        9.48508       -1677.89     /gpfs/hpu/EHT2/IHARM/MAD/MAD_a+0.5_384x192x192_IHARM/m_1_1_40/image_a+0.5_0079_163_0_230.e9_6.2e9_1.59542e+25_40.dat
        80       0.402284        3.76768       -216.539        12.6112        10.1413        11.0842        -1782.1     /gpfs/hpu/EHT2/IHARM/MAD/MAD_a+0.5_384x192x192_IHARM/m_1_1_40/image_a+0.5_0080_163_0_230.e9_6.2e9_1.59542e+25_40.dat
        81       0.524719        4.07722       -195.188        9.80793        9.63755        9.59448       -1707.25     /gpfs/hpu/EHT2/IHARM/MAD/MAD_a+0.5_384x192x192_IHARM/m_1_1_40/image_a+0.5_0081_163_0_230.e9_6.2e9_1.59542e+25_40.dat
        82       0.460426        3.84787       -231.673        3.33144        5.34453        4.41133       -986.845     /gpfs/hpu/EHT2/IHARM/MAD/MAD_a+0.5_384x192x192_IHARM/m_1_1_40/image_a+0.5_0082_163_0_230.e9_6.2e9_1.59542e+25_40.dat
        83       0.407767        3.89791       -210.975        4.13672         7.0831         5.7262       -1141.22     /gpfs/hpu/EHT2/IHARM/MAD/MAD_a+0.5_384x192x192_IHARM/m_1_1_40/image_a+0.5_0083_163_0_230.e9_6.2e9_1.59542e+25_40.dat
        84       0.371248        3.89469       -210.333        4.10016         4.3058        4.16499       -888.284     /gpfs/hpu/EHT2/IHARM/MAD/MAD_a+0.5_384x192x192_IHARM/m_1_1_40/image_a+0.5_0084_163_0_230.e9_6.2e9_1.59542e+25_40.dat
        85       0.919631        3.79574       -151.131        3.17577         13.769        9.03199       -1848.59     /gpfs/hpu/EHT2/IHARM/MAD/MAD_a+0.5_384x192x192_IHARM/m_1_1_40/image_a+0.5_0085_163_0_230.e9_6.2e9_1.59542e+25_40.dat
        86       0.630053        3.83962       -239.418        6.15978        23.7988        15.9005       -2599.17     /gpfs/hpu/EHT2/IHARM/MAD/MAD_a+0.5_384x192x192_IHARM/m_1_1_40/image_a+0.5_0086_163_0_230.e9_6.2e9_1.59542e+25_40.dat
        87       0.457637        3.78771       -201.168         6.1138        5.84754        5.89168        -1175.6     /gpfs/hpu/EHT2/IHARM/MAD/MAD_a+0.5_384x192x192_IHARM/m_1_1_40/image_a+0.5_0087_163_0_230.e9_6.2e9_1.59542e+25_40.dat
        88       0.423456        3.61635       -242.443        5.64451        7.16305        6.42123       -1252.05     /gpfs/hpu/EHT2/IHARM/MAD/MAD_a+0.5_384x192x192_IHARM/m_1_1_40/image_a+0.5_0088_163_0_230.e9_6.2e9_1.59542e+25_40.dat
        89       0.534125        3.94984       -290.069        12.6868        37.8472        26.5339       -3725.94     /gpfs/hpu/EHT2/IHARM/MAD/MAD_a+0.5_384x192x192_IHARM/m_1_1_40/image_a+0.5_0089_163_0_230.e9_6.2e9_1.59542e+25_40.dat
        90       0.439258        3.65618       -205.505        2.62589        8.30076        5.75192       -1194.52     /gpfs/hpu/EHT2/IHARM/MAD/MAD_a+0.5_384x192x192_IHARM/m_1_1_40/image_a+0.5_0090_163_0_230.e9_6.2e9_1.59542e+25_40.dat
        91       0.457348        3.69942       -280.596        3.58645        5.21789        4.45088       -992.535     /gpfs/hpu/EHT2/IHARM/MAD/MAD_a+0.5_384x192x192_IHARM/m_1_1_40/image_a+0.5_0091_163_0_230.e9_6.2e9_1.59542e+25_40.dat
        92       0.412652        3.63433        -199.55        4.06687        7.21721        5.77069       -1145.87     /gpfs/hpu/EHT2/IHARM/MAD/MAD_a+0.5_384x192x192_IHARM/m_1_1_40/image_a+0.5_0092_163_0_230.e9_6.2e9_1.59542e+25_40.dat
        93        0.46345        3.81581       -240.129        6.90448        4.36361        5.40709       -1067.19     /gpfs/hpu/EHT2/IHARM/MAD/MAD_a+0.5_384x192x192_IHARM/m_1_1_40/image_a+0.5_0093_163_0_230.e9_6.2e9_1.59542e+25_40.dat
        94       0.542497        4.12681       -207.327        6.27465        5.72065        5.89047       -1138.86     /gpfs/hpu/EHT2/IHARM/MAD/MAD_a+0.5_384x192x192_IHARM/m_1_1_40/image_a+0.5_0094_163_0_230.e9_6.2e9_1.59542e+25_40.dat
        95       0.704274        3.52853       -159.164        17.3243        15.8522        16.2956       -2720.52     /gpfs/hpu/EHT2/IHARM/MAD/MAD_a+0.5_384x192x192_IHARM/m_1_1_40/image_a+0.5_0095_163_0_230.e9_6.2e9_1.59542e+25_40.dat
        96       0.901474        4.25911       -266.637        13.5746        22.6079         18.437       -2798.57     /gpfs/hpu/EHT2/IHARM/MAD/MAD_a+0.5_384x192x192_IHARM/m_1_1_40/image_a+0.5_0096_163_0_230.e9_6.2e9_1.59542e+25_40.dat
        97       0.509191        3.70082       -222.932        24.0104        5.87142        13.6265       -2144.67     /gpfs/hpu/EHT2/IHARM/MAD/MAD_a+0.5_384x192x192_IHARM/m_1_1_40/image_a+0.5_0097_163_0_230.e9_6.2e9_1.59542e+25_40.dat
        98       0.507556         3.8619       -298.249        1.84703        6.04501        4.16066        -983.34     /gpfs/hpu/EHT2/IHARM/MAD/MAD_a+0.5_384x192x192_IHARM/m_1_1_40/image_a+0.5_0098_163_0_230.e9_6.2e9_1.59542e+25_40.dat
        99       0.452658        3.72513       -256.928         5.3411        11.1174        8.49072       -1467.84     /gpfs/hpu/EHT2/IHARM/MAD/MAD_a+0.5_384x192x192_IHARM/m_1_1_40/image_a+0.5_0099_163_0_230.e9_6.2e9_1.59542e+25_40.dat
